1.000000000000000000e+00
8.571428571428572063e-01
1.000000000000000000e+00
1.000000000000000000e+00
1.000000000000000000e+00
1.000000000000000000e+00
1.000000000000000000e+00
1.000000000000000000e+00
8.571428571428572063e-01
1.000000000000000000e+00
1.000000000000000000e+00
1.000000000000000000e+00
1.000000000000000000e+00
1.000000000000000000e+00
1.000000000000000000e+00
8.571428571428572063e-01
1.000000000000000000e+00
1.000000000000000000e+00
4.285714285714286031e-01
1.000000000000000000e+00
8.571428571428572063e-01
1.000000000000000000e+00
1.000000000000000000e+00
1.000000000000000000e+00
