7.817612705957366348e-01 6.673636223414283197e-01 6.206398597190944111e-01 4.834948382898647812e-01 7.165467069112297915e-01 4.440031631666813139e-01 8.717526096852680206e-01 8.160877145922746934e-01 7.894745187581263535e-01 7.165541537233396374e-01 8.665582183165909669e-01 7.521669285222518653e-01 8.751930850889012570e-01 4.998506492365540343e-01 7.693524793265068551e-01 5.940857767255508515e-01 7.737925096857511953e-01 8.766837284482759118e-01 6.602098072700658404e-01 9.001806317228361332e-01 8.774282248281439767e-01 7.845869255311926915e-01 7.439586667028287303e-01 8.871948230218649201e-01
7.768406787480357512e-01 7.243889578691340425e-01 6.139771632961893433e-01 5.709010081209745513e-01 7.140690275724660419e-01 4.452801012159977589e-01 8.713230103073374977e-01 7.953418558370155544e-01 7.589215920874212706e-01 7.088194444444444464e-01 8.746484531940538210e-01 7.758092353210523928e-01 8.772113746560084024e-01 5.031449855928034065e-01 7.678189409699169854e-01 5.793285536875280028e-01 7.750189406983951645e-01 8.760461395975415178e-01 6.251228783013303980e-01 8.987032451453147441e-01 8.773630634997576783e-01 7.848683317496946144e-01 7.432631394108032419e-01 8.883465826545436927e-01
7.755694474383847403e-01 7.812915719457775854e-01 5.367737254021180959e-01 5.434257085800371367e-01 7.402062679884873209e-01 4.353788198845233159e-01 8.912497585474212780e-01 8.029619656681251660e-01 7.987007804893619944e-01 7.047451974849758827e-01 8.791014090627977673e-01 6.951950354609929272e-01 8.726660344658447865e-01 4.982689232175181449e-01 7.680643071668334931e-01 5.550104905584973825e-01 7.739913557074716843e-01 8.753790686703956103e-01 5.310226572774642273e-01 9.015220650544293335e-01 8.808407437348423352e-01 7.793836598184423758e-01 7.445649976413505344e-01 8.911438812419189004e-01
7.727376730351218637e-01 6.688354047929684354e-01 5.461011272808879990e-01 4.736962488563586371e-01 7.641022819493542562e-01 4.300501716398204555e-01 8.951125932881125458e-01 7.866938472942920368e-01 7.574845023947204270e-01 7.155103599069864151e-01 8.565834803798000330e-01 6.733696907253121644e-01 8.706711918020363372e-01 4.881680731364275716e-01 7.643041388204947495e-01 5.444411244167605135e-01 7.671513731435857242e-01 8.751915402360785912e-01 6.447516058216115065e-01 9.002243975413835031e-01 8.797416095973578098e-01 7.632137477748870413e-01 7.516545041923166082e-01 8.883733132204167937e-01
7.716695545086134089e-01 7.485625116610411522e-01 5.205394190871369675e-01 5.186225295748938535e-01 7.672684078949185693e-01 4.258056567576605778e-01 8.956100092437928595e-01 7.797627095727420743e-01 7.997672268103696025e-01 7.060202876398249394e-01 8.677622201727173135e-01 6.703322082074968380e-01 8.735915377287211125e-01 4.928713323840163141e-01 7.657167973042268150e-01 5.581091406281417644e-01 7.727546818737832668e-01 8.773794683467538436e-01 5.735976869062371364e-01 9.000961084233332077e-01 8.785055798156234941e-01 7.675329785959928985e-01 7.456995181306700360e-01 8.905597326649957735e-01
7.741588811830114603e-01 6.611811591713333547e-01 5.504883183214273057e-01 5.174972372783245289e-01 7.626232118832542151e-01 4.179961260785349797e-01 8.950866865053693777e-01 7.969434521803598903e-01 7.827382849856551195e-01 7.179206803783736435e-01 8.574335003530955124e-01 6.594110115236875291e-01 8.733355306526038309e-01 4.958788070508426959e-01 7.622480699347645716e-01 5.389913405082282782e-01 7.696785972648041430e-01 8.770547022365938750e-01 6.457854874175421589e-01 8.993937620881888861e-01 8.795720851945361130e-01 7.641884028205654378e-01 7.509847064895552871e-01 8.890145184019926372e-01
7.639705051418239634e-01 6.803325049275859016e-01 5.514052552578457833e-01 5.443856451952057141e-01 7.536017581463494430e-01 4.297683587974371888e-01 8.935377769178678431e-01 7.977105671319710822e-01 7.805052886453421879e-01 7.088721856718801506e-01 8.655390197198239433e-01 7.134039580496259747e-01 8.741425539964797764e-01 4.945943570361255315e-01 7.581421408766360059e-01 5.570983342289091977e-01 7.711490768806833485e-01 8.762209498147524034e-01 6.404494382022472010e-01 8.999821077115762735e-01 8.784566124389533437e-01 7.679890560875513028e-01 7.446450448994977878e-01 8.874123353214917742e-01
7.758789343460498200e-01 7.100979421902193778e-01 4.989275211901055274e-01 5.457397766910307979e-01 7.825958328050378610e-01 4.157566577427082022e-01 8.993175457833494368e-01 7.705690590003885232e-01 8.238409542743538871e-01 7.122151052786891423e-01 8.636363636363636465e-01 6.265287930112319881e-01 8.678118244971371187e-01 4.912567441696982229e-01 7.648100331980819400e-01 5.763516883905528410e-01 7.704870023600750573e-01 8.752338417460183706e-01 6.095869069679725749e-01 9.006705510888317612e-01 8.785743150408146240e-01 7.608427332259060094e-01 7.487893298704109135e-01 8.882240110169352665e-01
7.730986440386434788e-01 6.108439154354520229e-01 5.281141494929951774e-01 4.433872502378686797e-01 7.771653212831740598e-01 4.219792601982429447e-01 9.001907183725365025e-01 7.625359256128486640e-01 7.572989489513509698e-01 7.137996875542440556e-01 8.551240324457410891e-01 6.275264677574591277e-01 8.704891277469131161e-01 4.869337366347777363e-01 7.599367561157714945e-01 4.311919081465281356e-01 7.728744660327959703e-01 8.765858507573331959e-01 6.622630857327204135e-01 8.985361256884758507e-01 8.782245396984761365e-01 7.572457554450351402e-01 7.638956050788212604e-01 8.888031141698010673e-01
7.749917989531185381e-01 3.736257918791578980e-01 5.665219787791098138e-01 4.152072593743379447e-01 7.670777006034328327e-01 4.189274892537523942e-01 8.965265734152390031e-01 7.672828221274290428e-01 7.550686151350836095e-01 7.373045859475197972e-01 8.084755558577547685e-01 6.111933510495995980e-01 8.684448835103317776e-01 4.851184201279077901e-01 7.661597515236755473e-01 2.289771956020089649e-01 7.682817561513543003e-01 8.765887244751948693e-01 7.178323545114788651e-01 8.978013425430488859e-01 8.760863925282137421e-01 7.595164609053497440e-01 7.846466322429305196e-01 8.828172534574336705e-01
7.719924357680112426e-01 3.523014177510196410e-01 5.761620197358223727e-01 3.769577913458985741e-01 7.646702547937286321e-01 4.191435413438512336e-01 8.969422974089737988e-01 7.595230826634102872e-01 7.635890271780543248e-01 7.271213776598511869e-01 8.044117397141545833e-01 6.278970339360470110e-01 8.707089675166370668e-01 4.940103983699852264e-01 7.703338137456143819e-01 2.323776307466105806e-01 7.702870335274456526e-01 8.767464565868767767e-01 7.200075334295937823e-01 8.971258125699094199e-01 8.764245014245014564e-01 7.632792280136434515e-01 7.855670988237314356e-01 8.829427040531212523e-01
7.694000790112308641e-01 6.046749908827258047e-01 5.231053604436228799e-01 4.885790149290474838e-01 7.651969089631802667e-01 4.166021126760563464e-01 8.952726213403680022e-01 7.626546299910064164e-01 7.805802757023430072e-01 7.131453362255965045e-01 8.480869521189515758e-01 6.636510673088885648e-01 8.839883694338266373e-01 4.913696125993110009e-01 7.674036841187750202e-01 4.787861503960177956e-01 7.750624300353052831e-01 8.797886838164779011e-01 6.505333955494054798e-01 8.980072434346223487e-01 8.779129082929830741e-01 7.458758904815037116e-01 7.558731588790149614e-01 8.861013053115507354e-01
7.630967777824133602e-01 2.943855404539955645e-01 4.830074407336909514e-01 4.094247678237226129e-01 7.760578924574956794e-01 4.035334942135949676e-01 8.991097922848664270e-01 7.186152351407094629e-01 7.999656807687507420e-01 7.324490680537494303e-01 7.769099299265083136e-01 6.235849056603773866e-01 8.761949818917419419e-01 4.786536602513402072e-01 7.624103715506627132e-01 2.883532074018199665e-01 7.716475755748858356e-01 8.772427928230629446e-01 7.112406072688237657e-01 8.963432424546957655e-01 8.711129163281884358e-01 7.557431331171616806e-01 7.725681508245582085e-01 8.748720657664498246e-01
7.638342273701311802e-01 6.477516430300933603e-01 4.478119148345932610e-01 5.075615196810285834e-01 7.867684550450398939e-01 4.069447870053909400e-01 9.012101066007303096e-01 7.637150861703030369e-01 7.793286331300812719e-01 7.180132197567703489e-01 8.422049054243648802e-01 6.234196374514762162e-01 8.793513233843716081e-01 4.807824236134320972e-01 7.630087956992364084e-01 5.558048973665105086e-01 7.712011851647688765e-01 8.783167600491309512e-01 6.030452568015064463e-01 8.981010704829356373e-01 8.754669987546699339e-01 7.623446739223583846e-01 7.462475219484565603e-01 8.858124096227159017e-01
7.639160602947179246e-01 5.573375682797856445e-01 4.387917880427243955e-01 4.590244761401655049e-01 8.059396172762487431e-01 3.923193567725781761e-01 8.984262284207559235e-01 7.554796373968339918e-01 7.851783703186714369e-01 7.244058976582827825e-01 8.194189913798954894e-01 6.158056120084144380e-01 8.759698842714360723e-01 4.768278312257065998e-01 7.610593798044846814e-01 4.054987054617186781e-01 7.659079552699140647e-01 8.739894907033144422e-01 6.589551880373353265e-01 8.967168151646460750e-01 8.774559153054265481e-01 7.443007942784444220e-01 7.685628950475793530e-01 8.870635874306596058e-01
7.632557615371612370e-01 5.631062879475190464e-01 4.341128304767191692e-01 4.792407022975968545e-01 7.979458450046685858e-01 3.978705025825444719e-01 8.996041801228863433e-01 7.310027035758616121e-01 7.591917326157227031e-01 7.165142549757934631e-01 8.206393623335876963e-01 6.194598831409434680e-01 8.774026999029876928e-01 4.762130885172092265e-01 7.631312253880009333e-01 4.038889041359058352e-01 7.709352815493831779e-01 8.775235305012544229e-01 6.586080468787524067e-01 8.987697201843796169e-01 8.772262773722627749e-01 7.403247445732566989e-01 7.689773106439773409e-01 8.878481596101929219e-01
7.660413633215058526e-01 6.568325386853021142e-01 5.666344760985031481e-01 5.239349096845542508e-01 7.522343191420214348e-01 4.244535951853025124e-01 8.917006977716325222e-01 7.786616673422510626e-01 7.742217697679227850e-01 7.091079518825184058e-01 8.571500681439604419e-01 6.957708532737778562e-01 8.746586385022867560e-01 4.938213011302712285e-01 7.684581267936342330e-01 5.273874998527869895e-01 7.699965552876334440e-01 8.746504026687333955e-01 6.583451167779998947e-01 8.993658536585366070e-01 8.780129240710824456e-01 7.650318079211984035e-01 7.464936886395512339e-01 8.873883471277554946e-01
7.662392441370001750e-01 6.024938434324165204e-01 5.697888841016802708e-01 5.058155878838991315e-01 7.480105029287013041e-01 4.164686416363028165e-01 8.908600510539920192e-01 7.813097069813841333e-01 7.960712871287128900e-01 7.243747615248534721e-01 8.478506501172066168e-01 7.217843130324130829e-01 8.728785686093935015e-01 4.880561072928934485e-01 7.648702480404659942e-01 4.469476066839757622e-01 7.766584004959702359e-01 8.774280424171014836e-01 6.757348091185507721e-01 8.985368388574026532e-01 8.791395277423108556e-01 7.611570106566770688e-01 7.520873561967962306e-01 8.867664434816856511e-01
7.855667687079811445e-01 7.548963133640552714e-01 6.071631413180041958e-01 5.286087765164142471e-01 7.320322589146878167e-01 4.467194371152155008e-01 8.823258033725739358e-01 7.938921005174186529e-01 8.003508771929824794e-01 7.219909094063357013e-01 8.763041733547352052e-01 7.068882936261552397e-01 8.771510437986083097e-01 5.045850607827980783e-01 7.620138652791532685e-01 6.022385548185380522e-01 7.708329744164010844e-01 8.769072720536225107e-01 6.225028021362167818e-01 8.994400677127417643e-01 8.783214072267360173e-01 7.646576605810120331e-01 7.454980208854005141e-01 8.898515660759824808e-01
7.557748405376358836e-01 7.489051094890510907e-01 4.824374621310482114e-01 5.394930584770719628e-01 7.509936460727322238e-01 4.112272919307140007e-01 8.942857142857142394e-01 7.986447077861874577e-01 7.559675327794054267e-01 7.033268509515210321e-01 8.749581519919651384e-01 7.465386842613227492e-01 8.794560402739413085e-01 4.850434110162044621e-01 7.546962899665313751e-01 5.330025242587989043e-01 7.691221544925439524e-01 8.777785262023440893e-01 5.732989911998283006e-01 8.983268983268983821e-01 8.806931972349635318e-01 7.844131966906131570e-01 7.375566213695710083e-01 8.910158870400366471e-01
7.619452233268190211e-01 6.819676623732529031e-01 5.385956734172406835e-01 5.224443937292628792e-01 7.835561949898443013e-01 4.346892814413400030e-01 8.962307141462144688e-01 7.825374848034580832e-01 8.070077687213448314e-01 7.100178797715555046e-01 8.580989053488254914e-01 7.355904094846598129e-01 8.736552496746239349e-01 4.893628243899008634e-01 7.597809754969948592e-01 5.386788673596323296e-01 7.725503031973539603e-01 8.722643736300792483e-01 6.444100895036615206e-01 8.988705530058913595e-01 8.777380565485862762e-01 7.751146239649626679e-01 7.503704408586071573e-01 8.854818831649001742e-01
7.617803253814381392e-01 7.411404776068666322e-01 6.267823398041573180e-01 5.627832111552391048e-01 7.421246693563470220e-01 4.343796711509715913e-01 8.830305151621217208e-01 7.953515789473684094e-01 7.834939855014737553e-01 7.072688142182727011e-01 8.721921640228479378e-01 8.016362425983672990e-01 8.739845387840671220e-01 5.078328064629434868e-01 7.643629592494449732e-01 5.392934460764802207e-01 7.796776526500671656e-01 8.776444451924533263e-01 6.122943123980827407e-01 9.002214767286584873e-01 8.792431470849841890e-01 7.814845135762040762e-01 7.395728995552706131e-01 8.878175746464117557e-01
7.608225108225108446e-01 7.341769998809342113e-01 6.099759201926384655e-01 5.642990883160970972e-01 7.442623829365345722e-01 4.331528236866165060e-01 8.845546858809838486e-01 8.024008473578909673e-01 8.088493892875814328e-01 7.079340277777778079e-01 8.680683531579829193e-01 7.976223874316172857e-01 8.774386947761561029e-01 5.081299385425812609e-01 7.605409819624923129e-01 5.386413227949377047e-01 7.736713395102124968e-01 8.787159546173787250e-01 6.118174033331137407e-01 9.010765296982133910e-01 8.784377726787965246e-01 7.856923706279402841e-01 7.400542918655808045e-01 8.881580023890170983e-01
7.598971365026411240e-01 5.307827846687950268e-01 4.495600360285457175e-01 4.274429594103748564e-01 7.329111418959034507e-01 3.924826869195933154e-01 8.974051443297298425e-01 7.672105593114081357e-01 8.038027613412228600e-01 7.197800291444035325e-01 8.333502503721748056e-01 7.044953918268807014e-01 8.713123929935466805e-01 4.591343194329634003e-01 7.631794356286349945e-01 3.796535406691885495e-01 7.683418297051529677e-01 8.753262498526613866e-01 6.796542299624992456e-01 8.982042739904119166e-01 8.779048202680256319e-01 7.617038649972781572e-01 7.586604605181859196e-01 8.887850773669027094e-01
7.704713035229183715e-01 7.591638999932244225e-01 4.156022452774447151e-01 5.422244025509846965e-01 7.895926315490234826e-01 4.128883328340587355e-01 8.957690212456873580e-01 7.749166201093673489e-01 7.920567877045625593e-01 7.089258121082695485e-01 8.667281879194630445e-01 6.368068901701188222e-01 8.721054448041809515e-01 4.775014072614691685e-01 7.573079537729435762e-01 5.620604870941303677e-01 7.693089781147681716e-01 8.700939466005498391e-01 5.341537541726869565e-01 9.014763875761822032e-01 8.785452549677961187e-01 7.383232094443872295e-01 7.421001719690455412e-01 8.919906292491931454e-01
7.705730630124353331e-01 7.633613615984570222e-01 4.041665217542517174e-01 5.194096381313396682e-01 7.932511745469604802e-01 4.017133187618980306e-01 8.943935907834406063e-01 7.826167656587472710e-01 7.887597833598508634e-01 7.066354003821434526e-01 8.720813204508857108e-01 6.277018478590138395e-01 8.721348646916744496e-01 4.760313132201600683e-01 7.638306665879435187e-01 5.621798376156633692e-01 7.682655681759423816e-01 8.709122493380331287e-01 5.281691312230741842e-01 9.005180165504659273e-01 8.771445633402733533e-01 7.361773689810207077e-01 7.433865281627600741e-01 8.907484509720355881e-01
7.732599787959539839e-01 7.388729574262298261e-01 5.114043127150738055e-01 5.388633734179434365e-01 7.533564783422387334e-01 4.201559392435362805e-01 8.934738404931736877e-01 7.878665182035968773e-01 7.832939070391918834e-01 7.055484184576924500e-01 8.769215311966240822e-01 7.098527225093818060e-01 8.758238515263796486e-01 4.876707032005202502e-01 7.660433675708893109e-01 5.588214576813548273e-01 7.740835758191428884e-01 8.742481678038918069e-01 5.839424488920421652e-01 9.005389913859080941e-01 8.778959944461486309e-01 7.829281598417947574e-01 7.417262040400519618e-01 8.913882168312299292e-01
7.733575910380197094e-01 4.612833023272140398e-01 5.871354292207568992e-01 4.427182413865990429e-01 7.934723610912727265e-01 4.263232938442852449e-01 8.996323829752471690e-01 7.515828677839850869e-01 8.058367231103963357e-01 7.240559901479541871e-01 8.222357764901223609e-01 6.692272129165333094e-01 8.740449862806631831e-01 5.030202992203414158e-01 7.695164012622000005e-01 3.124020094070968923e-01 7.738917698947331836e-01 8.798277486206432796e-01 7.115199216095332568e-01 8.973439553485956788e-01 8.763321383964054467e-01 7.497251425822853976e-01 7.807466901278540261e-01 8.824139293002435380e-01
7.757426171299904860e-01 6.823721810982957825e-01 5.601441528433975803e-01 5.380787158728489450e-01 7.938805842169949223e-01 4.257518135079935151e-01 8.982650618215211047e-01 7.727895066006321700e-01 8.059011392344725966e-01 7.215657696111602570e-01 8.521427006622739331e-01 6.930540281670155567e-01 8.751068586835010210e-01 5.040590405904058491e-01 7.779841045829309909e-01 4.980874183802748156e-01 7.768415611269061660e-01 8.769469093603192711e-01 6.593254891888854496e-01 8.986373455035649993e-01 8.771327186998719716e-01 7.371942619285148934e-01 7.602223322877111888e-01 8.882854799015587055e-01
