1.461156114597069733e-01 4.327409210097859366e-02 2.423971531227973528e-02 2.110409595328959984e-02 2.061372958749322915e-01 1.889113434671821357e-02 1.099128796797739643e-01 6.350590128755365105e-02 9.865854818761297940e-02 3.066483869288304936e-02 6.414664005769005195e-02 3.521810510706657044e-02 7.854865744240312198e-02 1.999543162370635840e-02 1.397737110786040626e-01 2.582635221271171178e-01 3.719328454584588939e-02 5.995757004310344612e-02 6.473123526063268018e-02 8.146327968625409477e-02 8.944601698342094509e-02 5.167673613468196092e-02 2.050120691058013034e-01 8.319443082655161859e-02
1.472687167510055850e-01 4.946167060704505930e-02 2.397166047599394792e-02 2.508050966115933991e-02 2.058615592261713589e-01 1.862655514163210832e-02 1.100861298065609201e-01 5.830269504502984951e-02 9.485522852357022860e-02 3.005208333333333343e-02 6.532074460961563578e-02 3.737099785143178921e-02 8.132944568208622105e-02 2.008222643896268034e-02 1.439236341639740790e-01 3.010446343779676903e-01 3.705489358771265479e-02 6.014986949566388658e-02 6.058719444262402470e-02 8.096572396715756570e-02 9.004685732751656346e-02 5.185285733677209158e-02 2.068266853970526786e-01 8.391962259839048921e-02
1.408349500610763805e-01 5.762397911930622341e-02 1.966102866225531709e-02 2.440177977087201744e-02 1.843620083146786104e-01 1.763836079425433120e-02 9.260511235593330004e-02 6.008078088185796195e-02 9.535058177581280658e-02 2.950984819536596471e-02 6.679258528757918423e-02 3.030141843971631208e-02 8.328700827311075194e-02 2.001722289590692622e-02 1.378599611330310337e-01 3.183534818663202870e-01 3.740120193549498206e-02 5.982545993665341205e-02 5.022557392332151205e-02 8.135062903330943229e-02 8.866612772837510759e-02 4.736878028803494928e-02 2.052025069074735475e-01 8.219447126794218739e-02
1.428469282690767728e-01 4.200714138570349476e-02 2.018057209936644295e-02 2.062073333802519684e-02 1.756784638450640257e-01 1.734002288530939184e-02 8.643214453384273632e-02 5.910101758878630318e-02 9.080715693027278934e-02 3.048970950612570757e-02 6.266700277287623466e-02 2.893787859947062613e-02 7.629575933309169777e-02 1.953234880450070363e-02 1.385713448235432188e-01 2.506148435883880921e-01 3.683539505875055992e-02 6.019835991041810191e-02 6.496463127083502986e-02 8.071807213242707113e-02 8.745770395194844837e-02 4.510132822127892877e-02 1.980648755894383606e-01 8.008001442883143361e-02
1.416951870891985099e-01 5.195311837440846903e-02 1.906984785615491174e-02 2.258925123740653657e-02 1.745556000607726421e-01 1.761796645370223777e-02 8.588618782738433044e-02 5.631422390481341522e-02 9.599502566882434085e-02 2.970193844229834096e-02 6.437494759788714438e-02 2.886836027713625755e-02 7.923524194343155302e-02 1.972469806444807766e-02 1.377921031426269094e-01 3.148449752684280289e-01 3.681753182985028627e-02 5.958357198207607508e-02 5.531598513011152379e-02 8.068220691003273604e-02 8.790231279314249246e-02 4.551131794617345461e-02 2.033138611462567691e-01 8.097039985584877919e-02
1.411417435662291608e-01 4.136462019445494298e-02 2.042999620388584112e-02 2.325948534441930199e-02 1.761346475934213729e-01 1.690438457474907619e-02 8.733341958856255527e-02 5.883938801644537225e-02 9.475613643608543635e-02 3.065173999826434001e-02 6.190940579076571054e-02 2.818679755299473635e-02 7.607119314436387725e-02 1.996449974517143858e-02 1.415624407116066741e-01 2.386381088520561911e-01 3.661855385993317141e-02 5.941794664510913204e-02 6.423975893802426340e-02 8.063126757358557439e-02 8.825338253382533638e-02 4.535496679674128756e-02 1.980957813815771573e-01 8.029364533149804806e-02
1.475449203299807888e-01 4.348273202502356966e-02 2.053104673832404498e-02 2.419920095324875481e-02 1.794096101147678868e-01 1.754910934309653059e-02 8.937151333397826136e-02 5.826421201699372859e-02 9.384159551420925838e-02 3.020466262780564792e-02 6.253569388920617034e-02 3.218789240047397610e-02 7.746212432761429012e-02 1.946031466994814149e-02 1.466088180786415118e-01 2.807952713594841221e-01 3.683866078809589634e-02 5.976759851801953516e-02 6.360527601367856054e-02 8.067795507409034061e-02 8.802031113554771580e-02 4.587893296853624847e-02 2.008966436447352510e-01 8.032378580323785988e-02
1.386155705161401797e-01 4.683820769204518480e-02 1.826673585884795031e-02 2.389090462919142566e-02 1.626304889903216200e-01 1.662674369451880990e-02 7.970148765199744356e-02 5.678766278735875028e-02 9.598409542743538414e-02 3.015153882205905481e-02 6.237607124852966034e-02 2.608308076305936724e-02 7.519429731201425493e-02 1.984147906012196511e-02 1.330284028033935917e-01 2.797826888459953865e-01 3.669313855535840524e-02 5.915564169545799167e-02 5.961068564587809065e-02 8.066143680218743062e-02 8.786874646407499823e-02 4.364521548325162037e-02 2.011200389578768066e-01 7.946292440611833763e-02
1.408279104434825013e-01 3.527559600013840252e-02 1.934737169410423452e-02 1.931141417345032946e-02 1.658109374781404355e-01 1.698973573478406232e-02 8.050923435538820394e-02 5.575655114116652433e-02 9.059495432657697911e-02 2.987328588786668931e-02 5.973119276884938933e-02 2.575482123124086392e-02 7.487759442127302212e-02 1.909819921215531735e-02 1.385802333582209778e-01 1.657736468015308939e-01 3.653369160810251981e-02 5.895236972014893800e-02 6.924751996128719611e-02 8.052121074266031797e-02 8.674882191958285804e-02 4.304578974446921641e-02 1.883833708672404961e-01 7.877404201501239656e-02
1.421704961989930516e-01 1.784044186415853495e-02 2.141036240870883289e-02 1.744227102605748134e-02 1.675527140667504300e-01 1.694736100345289181e-02 8.391007666499181172e-02 5.462455142528268442e-02 9.345333693768187455e-02 3.128358002010468014e-02 5.298497314204120290e-02 2.518325634486079725e-02 7.412529842759528476e-02 1.929158760278304810e-02 1.352701593999062479e-01 3.683656848106420245e-02 3.582259287338893095e-02 5.954244735114388315e-02 8.473351967588957367e-02 8.050394007199143664e-02 8.569529121805681549e-02 4.341563786008230397e-02 1.664926408536323843e-01 7.695976056963378664e-02
1.443460209580412490e-01 1.754974487543918549e-02 2.166462879087950252e-02 1.537916998495708273e-02 1.699726072652690545e-01 1.706226229046344661e-02 8.382350558229222093e-02 5.303415759302601562e-02 9.426593853187706373e-02 3.099040979484244535e-02 5.305643831891643930e-02 2.591965796740001646e-02 7.458654543058575170e-02 1.944424927984261808e-02 1.391739820354922774e-01 3.215879366056316468e-02 3.618069673684573551e-02 5.969094030905969239e-02 8.451566325569716265e-02 8.068150501726457924e-02 8.618233618233618609e-02 4.372418284969919328e-02 1.666094273203400089e-01 7.734788468492159730e-02
1.493312263671764673e-01 3.221436882413212383e-02 1.939986525472040327e-02 2.110112715187536375e-02 1.724313676873699963e-01 1.704225352112676006e-02 8.585670588616096943e-02 5.229845073051534593e-02 9.544884912514475794e-02 3.050759219088937033e-02 5.880069534691397676e-02 2.829568277553632175e-02 8.023783854421902284e-02 1.928214863249666164e-02 1.417572200592712994e-01 1.971403756659709794e-01 3.694135882200981491e-02 6.031596480306879865e-02 6.910811115223092216e-02 7.985643057833791136e-02 8.641155608816052103e-02 4.227963264955797440e-02 1.924457731001815441e-01 7.820375995402675806e-02
1.546998206016104160e-01 1.113641215398847306e-02 1.721751168022149156e-02 1.739115081747236863e-02 1.605174557494307153e-01 1.611738387557027502e-02 7.817849805980370270e-02 4.827245299742614904e-02 1.035660801198053232e-01 3.100130039011703489e-02 4.758160998119979196e-02 2.588109647561409599e-02 7.660935103918561917e-02 1.931628438351349134e-02 1.377706960237560785e-01 7.827119677735158709e-02 3.632762036000344169e-02 5.957260936765002013e-02 9.719368195062107196e-02 7.966739067008136999e-02 8.250203086921202578e-02 4.235935972000617888e-02 1.679624344500836586e-01 7.250156822608867790e-02
1.481253238840880004e-01 3.583535108958837978e-02 1.626326374921977999e-02 2.200832557567667172e-02 1.591269616452325730e-01 1.633134843733483749e-02 7.619250356154513848e-02 5.204176925036081008e-02 9.511559959349592808e-02 3.074200655783209876e-02 5.769198262310045594e-02 2.638982869760319108e-02 8.599977364225776244e-02 1.878661014265862322e-02 1.381663792728695384e-01 2.751853563021142701e-01 3.651961206525296960e-02 5.986573115945686974e-02 6.457372897863775107e-02 8.001819333669044076e-02 8.574986657178437777e-02 4.373982346387865483e-02 1.937667732060255332e-01 7.710003943736032372e-02
1.515531097380754533e-01 2.820195110032983760e-02 1.569219031765848107e-02 1.973939073780595077e-02 1.428467799265890070e-01 1.556934795641287846e-02 6.563738578133032631e-02 5.506697334596130644e-02 9.411036911314499265e-02 3.077189939288811626e-02 5.435077716690422944e-02 2.515420544086711604e-02 7.464821146764860638e-02 1.906537453611692468e-02 1.420532010558988312e-01 1.707968602309620776e-01 3.606320106139187381e-02 5.849164645648072952e-02 7.345383519316053822e-02 7.921515166269049724e-02 8.376903841782223914e-02 4.059072310284358304e-02 1.800652913801486510e-01 7.547200869121495348e-02
1.508987434495971114e-01 2.850861888477912096e-02 1.540489903545902428e-02 2.033707469828647738e-02 1.398118221647633441e-01 1.565392141308371773e-02 6.733906361272586072e-02 5.029671319991158018e-02 9.189344118724224186e-02 3.047076992486421818e-02 5.445603324005766216e-02 2.538477982043608333e-02 7.484749329957084141e-02 1.873054397720677611e-02 1.434589993050729706e-01 1.691412575129675744e-01 3.649458956509752522e-02 5.938610227138792219e-02 7.259162010278742694e-02 7.940011686035187977e-02 8.437956204379562508e-02 4.019746121297602254e-02 1.794294294294294378e-01 7.519589122275630033e-02
1.458035878369781935e-01 3.962338847100538991e-02 2.122853004069807578e-02 2.255691891797005286e-02 1.823881486296175802e-01 1.736881005173688056e-02 9.075854529084537159e-02 5.691798405620861895e-02 9.575771072263668249e-02 3.044663160270096730e-02 6.131273871418235766e-02 3.039809989719593000e-02 7.713947290494521658e-02 1.958199300391991540e-02 1.402440791952923316e-01 2.389796375027970488e-01 3.672063382707543844e-02 5.947366647572194243e-02 6.468704796268305579e-02 7.990243902439024548e-02 8.802907915993538057e-02 4.560845475066693799e-02 1.985785953177257590e-01 8.016061624190773394e-02
1.480372307519262076e-01 3.350560160937879339e-02 2.166307626023265820e-02 2.164593435940684665e-02 1.816737359456002121e-01 1.721497597296298143e-02 9.189718560855394958e-02 5.561097678508022946e-02 9.742574257425742901e-02 3.068091158208748059e-02 5.978380019225255915e-02 3.262521649994697820e-02 7.724312590448624560e-02 1.908913536411734752e-02 1.446544485362603327e-01 1.800146461620397986e-01 3.676723841013983946e-02 6.014139033832688330e-02 7.011052301356199279e-02 8.093668296010003704e-02 8.745333182486707269e-02 4.514120524794307254e-02 1.927982811607604208e-01 7.927990022318498475e-02
1.339768283215912459e-01 5.269043101111412636e-02 2.337228714524207038e-02 2.310810099485901756e-02 1.899428089502674943e-01 1.817062445030782902e-02 1.019408208717785536e-01 5.920819779886404149e-02 9.645933014354067525e-02 3.117518476111168918e-02 6.706460674157303792e-02 3.107981054088095052e-02 8.224314367580842777e-02 2.018480781392734125e-02 1.408257084152488570e-01 2.834453334491331411e-01 3.704022740976828376e-02 6.029169052511031135e-02 5.661963473330256652e-02 8.216680773487856915e-02 8.987384709816020889e-02 4.684644680887400936e-02 2.074490361103981106e-01 8.351860328254756549e-02
1.495805825784750354e-01 5.153624172466474140e-02 1.784817796243400034e-02 2.382204459402608235e-02 1.808571042314451871e-01 1.698704407829883245e-02 8.902340597255851973e-02 5.818990947861706065e-02 9.197444887373325273e-02 3.009098485900819561e-02 6.540006695681285787e-02 3.709617983048765777e-02 8.244389598077835057e-02 1.959647087771099194e-02 1.453250729901018334e-01 3.319928207392335295e-01 3.686675620759720384e-02 5.998248686514886380e-02 5.481532847920484591e-02 8.070638450385285434e-02 8.799018024420182660e-02 4.901092914779885124e-02 2.042232880362376823e-01 8.190579034342838904e-02
1.493754779505480634e-01 4.348794190189093217e-02 1.985462958167158801e-02 2.234783982585186735e-02 1.642969984202211631e-01 1.754169892321767732e-02 8.334418332139834074e-02 5.683506686478454611e-02 9.511907794192561716e-02 3.037825264290797828e-02 6.197978846832909866e-02 3.382085707732750135e-02 7.629450238059935774e-02 1.932273718264294199e-02 1.477981969486823755e-01 2.852685066098800126e-01 3.681436052921720214e-02 5.875906255268926320e-02 6.400325467860049078e-02 7.954952315854571521e-02 8.532661683457913593e-02 4.538766851433655158e-02 1.990456899715881967e-01 7.902390929258072683e-02
1.518446711062406973e-01 5.024220277045975819e-02 2.439443394605737836e-02 2.554367793970992173e-02 1.898362144975552501e-01 1.802514727864239913e-02 1.000731854774556950e-01 5.943578947368421267e-02 9.594519238429061181e-02 3.021730074979172426e-02 6.485870785105278535e-02 3.974983357275498064e-02 8.069640985324948168e-02 1.988057604495960598e-02 1.489364749695624157e-01 3.270942751463492559e-01 3.700451148534628087e-02 6.055505999966339509e-02 5.646423218197690885e-02 8.044816467446178065e-02 8.918897064769143457e-02 4.826715786601173258e-02 2.069260253482377854e-01 8.217653221581980305e-02
1.513464890088266623e-01 4.968447551495977499e-02 2.349501203990368020e-02 2.551315029660349704e-02 1.899677112501507170e-01 1.821506435051691367e-02 9.896223557730628173e-02 6.097950537164377460e-02 9.982098442722937837e-02 3.010416666666666796e-02 6.498575975875356403e-02 3.934633188385467523e-02 8.070830671449866212e-02 2.028094820017559141e-02 1.484548489233370183e-01 3.276244969209135549e-01 3.675128302276719355e-02 6.043160623506042828e-02 5.633686845398853948e-02 8.035699744303838321e-02 8.921242284199980277e-02 4.876593713779232148e-02 2.061085034968775376e-01 8.255199384746289559e-02
1.554628857381150919e-01 2.822700232026656778e-02 1.652463105383496222e-02 1.847868251225447123e-02 1.849990104888185327e-01 1.596503903152478310e-02 8.397218755571403404e-02 5.310154357071451836e-02 9.831952662721893388e-02 3.060162375962806325e-02 5.651982676952226059e-02 3.358767864380495655e-02 7.470696694323719633e-02 1.823873929331480681e-02 1.429309973432900116e-01 1.550552073591200397e-01 3.642532378065582721e-02 5.927223129641167459e-02 7.713087141676730485e-02 8.024701389453156586e-02 8.618103823638503802e-02 4.827844311377245401e-02 1.861844544218807795e-01 7.907159716758457857e-02
1.379270694091098426e-01 5.303543600514940004e-02 1.440661765983699064e-02 2.421332959562688333e-02 1.561105267646473449e-01 1.629984669333380334e-02 7.177641679185169099e-02 5.414190664838234440e-02 9.006375768866334286e-02 2.986266645832248365e-02 6.332214765100671605e-02 2.658552210121716691e-02 7.868917119989481124e-02 1.899802983394314679e-02 1.309815860254780751e-01 3.139601946757596407e-01 3.668792004135791596e-02 5.869554217477103431e-02 5.071994419809675719e-02 7.935990613694879348e-02 8.739446964438489507e-02 4.240021963691272683e-02 2.020098882201203649e-01 7.979882374141970824e-02
1.371777691321200698e-01 5.402067437020995760e-02 1.378986540534900621e-02 2.258607981467831982e-02 1.547545946563468333e-01 1.593456955510117595e-02 6.942214424047804533e-02 5.720167386609071453e-02 8.988637642029474739e-02 2.982456140350877097e-02 6.385869565217391908e-02 2.589140932660952479e-02 7.876965544437324052e-02 1.877034039933151571e-02 1.311330223770443282e-01 3.138350644880438800e-01 3.628121822161705506e-02 5.847233231578769647e-02 4.890300903208635863e-02 7.913598748941161332e-02 8.733194531867848054e-02 4.207708411984761865e-02 2.003417745364514668e-01 8.002491558207389111e-02
1.439009713745379448e-01 5.112585478424652025e-02 1.867575092081827370e-02 2.368264207832275828e-02 1.789172475521440819e-01 1.758276572152700848e-02 8.992027886260206548e-02 5.776563079933866307e-02 9.363212070839460610e-02 3.012048192771084321e-02 6.510599819150005019e-02 3.163279756425688843e-02 8.082762238908744457e-02 1.935075663040230695e-02 1.408275539168349355e-01 3.145395815933264005e-01 3.727681261729712953e-02 5.965799005980962355e-02 5.542264094906528688e-02 8.119066616729901653e-02 8.831269474805857056e-02 4.838214736267857502e-02 2.070828250874629795e-01 8.180213169423919406e-02
1.412056270234650357e-01 2.321948822352486869e-02 2.212389380530973421e-02 1.974564926372155207e-02 1.524925010712755435e-01 1.705715643648013369e-02 7.813087166081202073e-02 5.512104283054003462e-02 9.947024879387002250e-02 3.109985603524534695e-02 5.560638406018095226e-02 2.795262989437746759e-02 7.692686854082118886e-02 2.012362154948374102e-02 1.367285536068100216e-01 7.576872620228458644e-02 3.635235945764347248e-02 6.032162562239268278e-02 8.072953708532865091e-02 8.106047085165414556e-02 8.648964297879932484e-02 4.182986325843468522e-02 1.716734543287309622e-01 7.716740175103679877e-02
1.395456251262954250e-01 4.017903253572043670e-02 2.098492947546297741e-02 2.423509620439491183e-02 1.502272272558378696e-01 1.714909500669061296e-02 7.685874520350267913e-02 5.667585064485049229e-02 9.622320733431843909e-02 3.045130394045078223e-02 6.009335872331103556e-02 2.990528220227748474e-02 7.817123693036101550e-02 2.003162888771744740e-02 1.324816162816608578e-01 2.225538446545171078e-01 3.658137330920995661e-02 6.002795130411355679e-02 7.154437613368219706e-02 8.149940718844911336e-02 8.728551290568238585e-02 4.079947710619560158e-02 1.924357492708161366e-01 7.993437243642330381e-02
