3.105398609629380635e-01 3.170598914926495149e-01 2.466468901999789298e-01 4.066510202048474465e-01 2.714660602305065673e-01 3.255747982682941077e-01 3.525057841870182784e-01 3.815505398683494698e-01 2.672786077072268340e-01 2.909576048646520530e-01 3.942467886404752986e-01 3.432515223851934083e-01 3.476199830564374316e-01 2.875140780635432880e-01 3.357333411886133656e-01 1.999053334578264340e-01 2.855197199173212796e-01 3.820177856789222504e-01 1.840095698715164541e-01 3.179246213204250382e-01 3.029655241302087743e-01 3.748417841723598043e-01 2.954030163217217231e-01 3.939373225255671795e-01
2.986232814463388729e-01 3.182107355833654894e-01 2.604560439277767703e-01 3.930304295175187645e-01 2.677768302310324922e-01 3.348003763375702602e-01 3.451315952507748586e-01 3.764749782849032833e-01 2.229038957875096039e-01 2.949415403274407987e-01 3.879415490073102046e-01 3.372397702484398740e-01 3.437316153135539509e-01 2.803152240407986717e-01 3.195312040204144055e-01 2.118815696003258364e-01 2.891964237308505270e-01 3.798818281947187181e-01 1.894680701194537686e-01 3.164614194216364695e-01 2.992359150364366505e-01 3.602164230748490237e-01 2.950715529974958229e-01 3.915818623837077905e-01
2.672929011556908763e-01 3.124307549048717658e-01 2.279131760868455536e-01 4.110117619862757588e-01 2.744886703843983922e-01 3.333849138770128562e-01 3.528627711653226084e-01 3.779904125922647906e-01 2.754765797022531437e-01 2.838684829039693214e-01 3.805131163688972862e-01 3.297179233403307874e-01 3.390036160658277953e-01 2.745535016246592463e-01 2.877063946660720628e-01 2.115942772600068189e-01 2.982004569473763467e-01 3.894334744295350759e-01 1.916825143467172365e-01 3.297351633890466815e-01 2.956942014162954324e-01 3.553330576268831642e-01 2.889706362681661034e-01 3.881745964106379509e-01
2.654811993130850589e-01 3.319147845991325396e-01 2.379139020219860901e-01 3.973899991505046581e-01 2.852948132348819277e-01 3.384342561622036838e-01 3.557597608299628567e-01 3.732974115876121490e-01 2.505624569692182502e-01 3.028837659779147762e-01 3.898136529375355597e-01 3.392393927718155289e-01 3.405566597872009549e-01 2.723764334165085232e-01 2.860780268347803967e-01 1.913072923828232352e-01 2.918867256093805596e-01 3.755807302905112555e-01 1.979455050330247989e-01 3.049898264424906191e-01 2.948625381598237172e-01 3.631128160757092771e-01 2.835004084015340653e-01 3.877311952527183192e-01
2.590068447640735960e-01 3.201409636754510291e-01 2.297082481323889092e-01 3.963358944037500553e-01 2.860193599408466514e-01 3.283030946270076300e-01 3.474644045702318662e-01 3.685979574284264926e-01 2.772237363979840330e-01 2.925244122866332286e-01 3.844151714786047114e-01 3.324663722854138692e-01 3.479377529904312816e-01 2.842555367698789692e-01 2.794179544732830478e-01 2.084296811500060687e-01 2.930315243335975262e-01 3.709448373726876858e-01 1.937016539155384798e-01 3.211570251999446568e-01 2.904489294901298480e-01 3.596614391475932981e-01 2.821964826977950147e-01 3.870185980742854026e-01
2.633725621166379538e-01 3.212472106495109503e-01 2.211604165104538999e-01 3.771003846093958778e-01 2.879722505809935718e-01 3.115749431851544959e-01 3.402275605375048584e-01 3.691566650017343854e-01 2.525725783143030201e-01 2.773401482116261141e-01 3.914304188726943079e-01 3.439836840518274430e-01 3.442476529125281792e-01 2.808942198869340823e-01 2.918374140332817834e-01 1.907233844415088808e-01 2.839461920474943279e-01 3.842427641942020577e-01 1.926219157214930644e-01 3.033425058463742330e-01 2.939324364483529295e-01 3.602044724049920377e-01 2.830356589118419586e-01 3.908081689638768230e-01
2.507011370657771798e-01 3.080831265525529883e-01 2.245641624284262228e-01 3.943403663054830810e-01 2.831426393476825787e-01 3.418510041627079166e-01 3.439528315705247530e-01 3.772449062692801447e-01 2.539983151328026878e-01 2.869259407632581693e-01 3.826430565461159672e-01 3.332620011776902813e-01 3.344630471350328316e-01 2.879832143930593502e-01 2.623998412969172911e-01 1.942856983210765609e-01 2.873469884650193262e-01 3.838144230551478464e-01 1.915960191581981276e-01 3.196202135779171449e-01 2.908349081917554479e-01 3.607222652567679821e-01 2.740589992410409348e-01 3.787727947161232955e-01
2.507561879140908223e-01 3.226734572857793970e-01 2.178829910083846244e-01 3.888692584358128257e-01 2.915549043302022025e-01 3.230344812698014989e-01 3.516776086022655456e-01 3.913039762575579728e-01 2.570399955624705357e-01 2.751318393462092726e-01 3.833389888346880325e-01 3.367967891496758681e-01 3.505957747956662818e-01 2.722808373498686874e-01 2.748030391536702699e-01 1.992081993956791308e-01 2.916700405593443124e-01 3.805133182330213137e-01 1.956000509105985941e-01 3.178361112380710396e-01 2.903886025592006259e-01 3.580010966585446819e-01 2.843042362704242820e-01 3.782366950994919264e-01
2.522678904471797878e-01 3.266694150132862795e-01 2.268591976017306777e-01 4.137776637219306997e-01 2.765875289207026522e-01 2.999876535562377433e-01 3.433159964726033020e-01 3.767380239848568957e-01 2.836084352625165006e-01 2.775064942326029294e-01 3.945511618843055568e-01 3.267832076448860534e-01 3.383910544075123816e-01 2.633921308789283766e-01 2.731978751011184259e-01 1.994343592444735025e-01 2.934688264694768067e-01 3.738837858652664381e-01 1.876822440137978776e-01 3.080567039279179520e-01 2.965971992209976982e-01 3.629504572911234073e-01 2.876300482777724987e-01 3.846974284148067524e-01
2.456246693041536089e-01 3.726729831541661930e-01 2.426740547658182146e-01 3.685838684100172236e-01 2.700800229057730983e-01 3.027787755902258682e-01 3.315570166367706184e-01 3.861825993892337161e-01 2.367835588956016535e-01 2.863648630013969076e-01 4.085348636063075856e-01 3.372231038238521217e-01 3.295626596034722522e-01 2.639820309410768062e-01 2.662340475700682996e-01 2.974285125337409186e-01 2.843124834787584265e-01 3.724262870615917542e-01 1.877201125922027536e-01 2.915733334390655518e-01 2.878971524758921485e-01 3.546130744842487803e-01 2.927532753670487597e-01 3.674864929162678928e-01
2.426213449369057640e-01 3.419357464777624256e-01 2.368159272508412461e-01 3.998230931213413442e-01 2.732726535265634915e-01 3.058519759553802175e-01 3.328387586157758316e-01 3.747466002194960732e-01 2.707531294760680551e-01 2.879029126056011911e-01 4.015865680423179040e-01 3.329928369445288583e-01 3.455842161947521585e-01 2.511272312891795200e-01 2.664700392075238788e-01 2.689549638892261285e-01 2.753799300027531816e-01 3.707787100800054580e-01 1.940521065302163728e-01 2.965422286658987439e-01 2.838773147790222273e-01 3.602178173604260736e-01 3.005633213797294090e-01 3.804491871154379035e-01
2.281368571938116874e-01 3.459918903199240559e-01 2.227209582418308575e-01 3.737541825564554276e-01 2.603978987617384666e-01 3.147363574170369271e-01 3.260060530401040491e-01 3.634961239446736214e-01 2.478301203677239217e-01 2.638159177264194910e-01 3.809350572062514817e-01 3.365947782864982529e-01 3.229679476718278486e-01 2.733480089836823335e-01 2.549328534764808141e-01 2.126847711370985772e-01 2.739948129742758032e-01 3.658129556715833397e-01 1.800629250970528505e-01 3.016570474367627486e-01 2.980290750342095563e-01 3.580748170746106962e-01 2.771046318900876049e-01 3.676110600240419801e-01
2.120101785506510739e-01 3.993206928309230852e-01 2.112931763363303517e-01 3.582084614120049082e-01 2.529876631681155508e-01 3.020724550409285003e-01 3.102893408628754068e-01 3.450472344994318652e-01 2.737856478512804559e-01 2.779562101392898943e-01 3.975185351302203962e-01 3.072158980013041107e-01 2.964743939712586318e-01 2.657160577274703672e-01 2.322876047669128752e-01 2.427289724490163114e-01 2.855887715094195811e-01 3.461246665518780130e-01 1.823932692288292301e-01 2.877453219961743636e-01 2.883627416245899688e-01 3.553132494573603140e-01 2.608420431651086169e-01 3.529483875903923207e-01
2.062175100465545863e-01 3.589660260820882187e-01 2.020912853590771663e-01 3.504218689375724893e-01 2.649695325425184822e-01 3.008757815525315293e-01 3.208363521111762262e-01 3.560929305087511820e-01 2.490424308079890736e-01 2.745970848118154950e-01 3.756173856390130905e-01 3.078553700573358198e-01 3.033107140098323939e-01 2.612871397438490950e-01 2.280481368199926140e-01 1.917027358207459009e-01 2.958921458892663225e-01 3.686363151892505519e-01 1.798377277100383365e-01 3.028891438408479742e-01 2.953195116261487785e-01 3.579141430397773105e-01 2.624523306632965958e-01 3.492721941461534585e-01
2.333254008407442126e-01 3.523310950632880800e-01 2.136421763180319233e-01 3.801199208216736181e-01 2.779630897154249936e-01 3.016031408146174764e-01 3.266337395034644708e-01 3.512646278666358146e-01 2.524156955086194754e-01 2.863005728067375966e-01 4.105763816870210414e-01 3.276621205340156662e-01 3.267128636614518022e-01 2.718810580129162879e-01 2.620085063399956726e-01 2.159525306812586365e-01 2.734865560057928580e-01 3.680914290760818885e-01 1.871832740278721319e-01 2.995794107771569403e-01 2.944360144947832936e-01 3.422062757983496128e-01 2.794439528117536597e-01 3.680739611360349661e-01
2.333246509165602944e-01 3.430223917827118219e-01 2.034923886590561393e-01 3.935748318124813738e-01 2.699521107197531689e-01 3.019193356101055881e-01 3.292813900432020602e-01 3.631632637128394125e-01 2.442959029174905372e-01 2.854995647243009360e-01 3.940280159765449652e-01 3.282533206946846582e-01 3.213132684255492477e-01 2.539397393372640477e-01 2.566108292755775455e-01 2.146047146784920701e-01 2.719267072182511846e-01 3.574519354167586260e-01 1.740632005449101460e-01 2.942576671679210665e-01 2.958833825215597124e-01 3.442334137619179057e-01 2.767140881940755581e-01 3.692720023972840271e-01
2.409759916720107809e-01 3.241117463518303765e-01 2.417413788337164915e-01 4.222568110521255358e-01 2.816791607246039719e-01 3.058054931005294574e-01 3.416817085175984370e-01 3.755204121856308142e-01 2.349054410148339878e-01 2.783039242014128112e-01 3.847774816728576908e-01 3.325192069719467569e-01 3.432277544493370081e-01 2.731065916674416116e-01 2.666627820291894713e-01 1.889481090762345494e-01 2.883461383012012602e-01 3.845859575934117425e-01 1.958858290205385544e-01 3.102176105312050014e-01 2.879907931186708736e-01 3.529539231503139307e-01 2.795779127915375972e-01 3.823977423016651223e-01
2.311353533718505104e-01 3.245942153047208234e-01 2.376561016003458648e-01 4.043359817303233683e-01 2.695427625374526848e-01 3.211292979517205715e-01 3.367972917664764365e-01 3.863494082030909937e-01 2.649191740152236352e-01 2.833073575328169391e-01 3.978403123779917228e-01 3.240861912860003580e-01 3.254498921023404878e-01 2.739127121007715604e-01 2.562928481048954987e-01 2.105230370893587111e-01 2.864258598592844263e-01 3.741212655020711431e-01 1.909671024939433859e-01 3.092303372841166964e-01 2.932275368135585092e-01 3.628469251748379643e-01 2.785754524690786105e-01 3.792079275685792950e-01
2.926990770926345409e-01 3.262275728660875007e-01 2.453843220223483057e-01 4.057306977054090935e-01 2.782275804350606840e-01 3.445468976729516020e-01 3.628116528232195881e-01 3.915403159162110791e-01 2.999817600713287624e-01 2.844642651822172907e-01 3.971013383735485514e-01 3.512416264125555188e-01 3.535090096325949061e-01 2.827404001781279597e-01 3.085807390012502149e-01 2.129059901560078627e-01 2.846965297980965093e-01 3.865756175558286989e-01 1.899643831642144065e-01 3.247246837056537161e-01 2.926063484293501271e-01 3.777080915156890706e-01 2.946049107969531677e-01 3.971968311306250388e-01
2.168442861399819399e-01 3.330756491806752817e-01 2.094490303807306775e-01 3.976864318623171690e-01 2.811637777391731707e-01 3.268297367931772279e-01 3.504556904820247398e-01 3.718297339781130861e-01 2.257210525132092305e-01 3.041166419589034775e-01 3.755884847639363588e-01 3.026757184438231274e-01 3.427823881184940968e-01 2.730536223809333363e-01 2.289709853372526305e-01 2.062449329601065418e-01 2.925371479212442449e-01 3.847841683309436434e-01 1.864925917210704664e-01 3.219192255811768044e-01 2.892126393992128230e-01 3.604366752033789645e-01 2.716035744012020303e-01 3.870871286546378465e-01
2.657021887354228951e-01 3.085269076807573563e-01 2.321298482186819612e-01 4.049377282227870634e-01 3.023726004495402298e-01 3.094966305349812208e-01 3.612860150423862216e-01 3.736874027465367232e-01 2.420230949302920043e-01 2.879752190336334894e-01 3.966487453943923214e-01 3.238406588137155429e-01 3.504604933076518880e-01 2.679273325329085131e-01 2.828185138256334441e-01 1.899074135004157893e-01 2.964569206018199399e-01 3.701954003338551180e-01 1.980246078871103210e-01 3.146248885658463057e-01 3.009207181105280626e-01 3.672136105104976678e-01 2.881908271130793620e-01 3.869002532781450343e-01
2.509096622594281789e-01 3.241265845492835029e-01 2.447399315220995242e-01 4.154844075029959782e-01 2.798827114843850938e-01 3.263254102492830211e-01 3.497547196650268031e-01 3.838320966088559216e-01 2.530386014159434205e-01 2.776208955408347445e-01 3.861745464411663886e-01 3.210565024235554898e-01 3.416098456916295545e-01 2.737389317479910766e-01 2.695337100232778615e-01 2.068416711142202213e-01 2.951752370448680884e-01 3.756364334155958273e-01 1.878841212273918704e-01 3.146878350760347609e-01 2.993651090692767136e-01 3.683341887441876628e-01 2.814289743533122667e-01 3.922556119591485424e-01
2.531958770699508365e-01 3.109787789263596669e-01 2.409541864878771422e-01 4.113760696666406425e-01 2.800711072355103193e-01 3.173776309839069776e-01 3.541621907803190195e-01 3.718010032651828389e-01 2.529770629682158156e-01 3.044001890779287622e-01 3.834007194498866844e-01 3.247946362711481294e-01 3.427841495583121567e-01 2.784345704594642923e-01 2.646602368743715683e-01 2.062405799742021151e-01 2.824111751102073020e-01 3.719071539724206343e-01 1.835680467233092583e-01 3.130281580076077486e-01 2.940833818354942064e-01 3.706920676721596752e-01 2.811929196329970848e-01 3.848318557551930752e-01
2.234512593499988209e-01 3.144991082934488480e-01 1.987272740827000506e-01 3.489653629416395453e-01 2.527650385315596826e-01 2.949919404432508330e-01 3.213925211227528500e-01 3.543380386420529327e-01 2.360816786571184878e-01 2.768260924555897007e-01 3.816655054263213831e-01 2.886265526845501750e-01 3.395077008752467873e-01 2.668895947965845283e-01 2.427488972218529162e-01 1.918473459327859343e-01 2.780430518236650661e-01 3.709150798696949636e-01 1.769038877048877412e-01 2.898782122187961163e-01 2.709632668810127987e-01 3.210845626612426340e-01 2.706131290719273608e-01 3.557741857476908187e-01
2.586085316644804455e-01 3.098142767697047439e-01 2.232025108346929188e-01 4.054696853689366276e-01 2.986414191942975416e-01 3.116481040215219878e-01 3.550102106431404780e-01 3.773819240935544217e-01 2.552177927099363308e-01 2.796348114492177017e-01 3.770160801923960192e-01 3.213245393704982633e-01 3.491377796189581995e-01 2.737648746799480892e-01 2.752012209047641766e-01 2.112601299158091972e-01 2.955437135604238597e-01 3.711081478227929442e-01 2.095353284478497502e-01 3.096787622378333049e-01 2.838235649150937512e-01 3.554269123663099106e-01 2.750521439484953645e-01 3.782326869953396287e-01
2.541216836632118059e-01 3.151964090953008890e-01 2.083500988048862246e-01 4.059520117560171393e-01 2.947523023367401018e-01 2.993388496625943862e-01 3.480608847094868175e-01 3.684784382908442013e-01 2.654211925377240044e-01 2.898767717813149347e-01 3.905089025586493956e-01 3.192319296911986237e-01 3.484148737994516298e-01 2.700801129720614702e-01 2.776843405369331386e-01 2.110186109151042377e-01 2.930250431930259691e-01 3.777301587423639861e-01 1.929790845181965919e-01 3.131497869637375198e-01 2.824336171682957364e-01 3.495505932305145169e-01 2.781847027076779222e-01 3.723707406420127541e-01
2.673731290750449574e-01 3.169390123526882874e-01 2.244132021656553011e-01 4.179503999032720962e-01 2.726600936293658850e-01 3.411257409862858969e-01 3.627403006428798204e-01 3.809980829921678080e-01 2.488489121099122514e-01 2.954871958113553521e-01 3.899461337438337449e-01 3.317785108675096462e-01 3.479669066888890772e-01 2.756689652977340477e-01 2.865474526441457170e-01 2.099423755898639221e-01 2.812349143837573062e-01 3.796984550272875514e-01 1.933739012983652639e-01 3.180902814394038214e-01 2.828660456309311511e-01 3.600669822830545042e-01 2.801498686245103009e-01 3.834710698687490704e-01
2.551993979599550544e-01 3.432026306944651606e-01 2.366020990468138407e-01 4.123518092356959763e-01 2.929154505080192039e-01 3.639019954307234350e-01 3.448651793715658553e-01 3.673744257492048138e-01 2.442483818902785875e-01 2.863941488680753489e-01 4.008141821202652610e-01 3.390335231411844008e-01 3.394656984321509641e-01 2.725957994268114470e-01 2.787990194825331058e-01 2.679105469749257784e-01 2.734824430638074788e-01 3.895290902594016891e-01 1.814445212739514146e-01 2.972362985012952374e-01 3.003911150150712084e-01 3.662909654473431864e-01 2.925883774914095348e-01 3.963647614471578762e-01
2.611693297146806536e-01 3.406426335294943653e-01 2.443942307965426275e-01 3.992224675801738787e-01 2.950627316343381046e-01 3.251760668829859480e-01 3.389904508312961973e-01 3.772481661994350199e-01 2.916966857948546932e-01 2.820474110865766604e-01 4.065650791876554426e-01 3.368577066337528070e-01 3.603692919273143724e-01 2.852805713497082452e-01 2.859186933512278816e-01 2.006480700377656912e-01 2.956416884059323569e-01 3.739387115084027435e-01 1.948180739942156070e-01 3.139093275190140697e-01 2.967855058135079882e-01 3.634921259123077841e-01 2.907795058347627526e-01 3.835392128275834644e-01
