7.493311533888228348e-01 9.024303073624017069e-01 5.385790679908326606e-01 9.160305343511450094e-01 7.272354948805460628e-01 7.939438700147710692e-01 8.587196467991169424e-01 9.245789602147913566e-01 8.279441117764471114e-01 8.527992277992277881e-01 9.379597842079451242e-01 9.064061790095411242e-01 9.013765792947388000e-01 8.355359765051395549e-01 8.183168749453814117e-01 7.023680544807305859e-01 8.557844690966719403e-01 9.271023171049206368e-01 6.707111560498820735e-01 8.484745762711863870e-01 8.814153649984061145e-01 9.027571894455973522e-01 8.310703094937056390e-01 9.021796916533758592e-01
7.395742832319721627e-01 8.969771745835903864e-01 5.359477124183006369e-01 9.041009463722396999e-01 7.199694299586405499e-01 7.811348563006632606e-01 8.567765567765567303e-01 9.235907026449372559e-01 8.334735071488645897e-01 8.448023426061493923e-01 9.323775388291517530e-01 9.083904109589041598e-01 9.032199381480807698e-01 8.373626373626373853e-01 7.977592410860320227e-01 7.163041319030591936e-01 8.522772277227722570e-01 9.316640584246218548e-01 6.742023701002735070e-01 8.520486884964855179e-01 8.791607509070831217e-01 9.028064992614475148e-01 8.284817660426361252e-01 9.003502626970227851e-01
6.983041185691890584e-01 8.925404277516953977e-01 4.884120171673819732e-01 9.074918566775244111e-01 7.096476380981689980e-01 7.971360381861575251e-01 8.752472234900350312e-01 9.227190488498320242e-01 8.411715009856378655e-01 8.398418190805734262e-01 9.345182413470533023e-01 8.746161719549642166e-01 9.078595615754767589e-01 8.437037037037037335e-01 7.568091812818232844e-01 7.154179483149599728e-01 8.612212529738303424e-01 9.332457293035479884e-01 6.677733510402833472e-01 8.587648374333390899e-01 8.706143832354341638e-01 9.092695709138551852e-01 8.166166058785668813e-01 9.051910598413842601e-01
6.947902900466021991e-01 9.059607552758237592e-01 4.920033670033669981e-01 9.120622568093385008e-01 7.447230320699708139e-01 7.854864433811802327e-01 8.583601286173633271e-01 9.219448094612352484e-01 8.242221576039546749e-01 8.467469879518072506e-01 9.430955993930196790e-01 8.819707634001082708e-01 8.997474256848649876e-01 8.359668924003009760e-01 7.456036590174276446e-01 6.930998315481676775e-01 8.582898434363709361e-01 9.319603753910323807e-01 6.721063257065948982e-01 8.347065747435681304e-01 8.690476190476190688e-01 9.171597633136094885e-01 8.081060102018186031e-01 8.981243104082383688e-01
6.928301358353171624e-01 8.992953611274221437e-01 4.818698121450414873e-01 9.044272663387210587e-01 7.500296735905044310e-01 7.906793048973144167e-01 8.664921465968586922e-01 9.212054188554050782e-01 8.396318505089945816e-01 8.461157842652152761e-01 9.400097943192947669e-01 8.812364425162689807e-01 9.048958919527293476e-01 8.423423423423422873e-01 7.403180100755667459e-01 7.130951567730036134e-01 8.575441412520063977e-01 9.281028601416950741e-01 6.731001206272617665e-01 8.484069886947585015e-01 8.655836916706481921e-01 9.185082872928176378e-01 8.059008696580056696e-01 8.993813682678311050e-01
6.918592400084286886e-01 9.042433345850544590e-01 4.927174365376612575e-01 9.094650205761316553e-01 7.420045110172922564e-01 7.748184019370459863e-01 8.597357108740646403e-01 9.196734263892546446e-01 8.269578522743079585e-01 8.556201550387596555e-01 9.385674228906448757e-01 8.874580067189249410e-01 8.999805030220315860e-01 8.414814814814814969e-01 7.478797224363916696e-01 6.942535056365135571e-01 8.480255285201435678e-01 9.223529411764705976e-01 6.748802190280629443e-01 8.301539491298527418e-01 8.742985409652076489e-01 9.210983663538407917e-01 8.069156293222683463e-01 8.949771689497716398e-01
6.853224854012204270e-01 9.080171796707229293e-01 4.937759336099585283e-01 9.103493737640079297e-01 7.281286131145735530e-01 7.906423473433782378e-01 8.565909442126410367e-01 9.179282868525896477e-01 8.153633217993079274e-01 8.463035019455252828e-01 9.347225709264374016e-01 8.679065331425845908e-01 8.986641221374045418e-01 8.298350824587705787e-01 7.260244735344336675e-01 6.967652470732552672e-01 8.511738957421408625e-01 9.268738574040219502e-01 6.666666666666666297e-01 8.367071524966261942e-01 8.657547319866391033e-01 9.160122908842608380e-01 7.968599807753925512e-01 8.950155194449516127e-01
6.900107411385606460e-01 8.985270049099836065e-01 4.674634794156706241e-01 9.086666666666666226e-01 7.480559875583203677e-01 7.706122448979592088e-01 8.771613832853025761e-01 9.205914567360350409e-01 8.240032768978700073e-01 8.440233236151603036e-01 9.376105077039657010e-01 8.899026763990267597e-01 9.020190023752968633e-01 8.362962962962963154e-01 7.375654450261780459e-01 7.036572394796410945e-01 8.526821457165733031e-01 9.275898520084566723e-01 6.696757553426676557e-01 8.412833135291122311e-01 8.609439341146658542e-01 9.148401006108516365e-01 8.091428571428571637e-01 8.900110172603745706e-01
6.911712979247274236e-01 9.058196357174589375e-01 4.790419161676646720e-01 9.110556940980880647e-01 7.440984429934706101e-01 7.732371794871795156e-01 8.521394064872325202e-01 9.163656571269797046e-01 8.138832997987927032e-01 8.358426420592520723e-01 9.450373532550693234e-01 8.704819277108434283e-01 8.891934220830070013e-01 8.271134805788271649e-01 7.420821574161179379e-01 6.887387131580441357e-01 8.467065868263472517e-01 9.203051025775907945e-01 6.662011173184357871e-01 8.262754251417139262e-01 8.637536278619799557e-01 9.097499093874592546e-01 8.102567149988114670e-01 8.994748687171792989e-01
6.845213569564619904e-01 9.042933810375670678e-01 4.962075848303393322e-01 9.039341262580055103e-01 7.193502489921744791e-01 7.930750206100577460e-01 8.423364790107387146e-01 9.154609929078013630e-01 8.011177753544165281e-01 8.407079646017698860e-01 9.511748550503509314e-01 8.699938385705483501e-01 8.684413580246913567e-01 8.043956043956044244e-01 7.267217630853994859e-01 6.413589364844903828e-01 8.366197183098591506e-01 9.182242990654205794e-01 6.636330094699298687e-01 8.108770210681038870e-01 8.634210096389478561e-01 9.144095341278439815e-01 8.104720790976187583e-01 8.897338403041824550e-01
6.868741542625169672e-01 9.136029411764705621e-01 5.000000000000000000e-01 9.109014675052410359e-01 7.222742161909218028e-01 7.808219178082191902e-01 8.395001622849723733e-01 9.167399589563177686e-01 7.980110200241903318e-01 8.461174242424241987e-01 9.483596597812880002e-01 8.614564831261101174e-01 8.780298623230560207e-01 8.015930485155684515e-01 7.275494672754946324e-01 6.397959183673469497e-01 8.430349257326374968e-01 9.198443579766536482e-01 6.595223515003061365e-01 8.111147327249021988e-01 8.552610441767067861e-01 9.136819484240688016e-01 8.124345823738747807e-01 8.894348894348894641e-01
6.906362153344208776e-01 9.128937007874016185e-01 4.807363013698630061e-01 9.104704097116843586e-01 7.343658336266573050e-01 7.750200160128102311e-01 8.504328310355883103e-01 9.118343195266271906e-01 8.035523504273504036e-01 8.476374156219864675e-01 9.416216216216216628e-01 8.761695101816180387e-01 8.667725427916005421e-01 8.180462341536166582e-01 7.345126082047421789e-01 7.043349388662467625e-01 8.532219570405727982e-01 9.225424601132269364e-01 6.509548347984237537e-01 8.165061441381600282e-01 8.606451612903225357e-01 9.108727810650887324e-01 7.962272675929064070e-01 8.896152409413522477e-01
6.801173881144534361e-01 9.470499243570348336e-01 4.443948191156766314e-01 9.061637534498619972e-01 7.167810355583281723e-01 7.500000000000000000e-01 8.291544181220820153e-01 9.088575096277278220e-01 7.762188705717292247e-01 8.418079096045197884e-01 9.408583981074687408e-01 8.385236447520184599e-01 8.171219766834870724e-01 8.177083333333333703e-01 7.053544942153663344e-01 7.216632139686297576e-01 8.422523961661342318e-01 8.925245406493833578e-01 6.561755875349415401e-01 8.000976721471593223e-01 8.464744124020670002e-01 9.024122807017543879e-01 7.669148799589163845e-01 8.736821165705191961e-01
6.673397274103988197e-01 9.131776112825032987e-01 4.414117647058823368e-01 9.066570188133140640e-01 7.463628512588852404e-01 7.654830718414533663e-01 8.432403044581370244e-01 9.165669856459329745e-01 8.067340067340067478e-01 8.478468899521530711e-01 9.459534368070953159e-01 8.656542056074766345e-01 8.445538266116227044e-01 8.228043143297381068e-01 7.083952451708767084e-01 7.075661151180879793e-01 8.479999999999999760e-01 9.165378670788253412e-01 6.571947794482074778e-01 8.196339434276206370e-01 8.442675159235668580e-01 9.133858267716535861e-01 7.724731182795698814e-01 8.844486333647502141e-01
6.947096774193548541e-01 9.234285714285713764e-01 4.266855256954266706e-01 9.047619047619047672e-01 7.360944976076555513e-01 7.592433361994841423e-01 8.332631578947368167e-01 9.102599944087224060e-01 7.919113721302722952e-01 8.451643639828489984e-01 9.473528541851523599e-01 8.561893203883494952e-01 8.598750236697595417e-01 8.300153139356815091e-01 7.311683463979096187e-01 7.145804676753783058e-01 8.419147224456958734e-01 9.079738562091502763e-01 6.639652677279305193e-01 8.046488625123640048e-01 8.548467274233637614e-01 9.028680688336520044e-01 7.887306802969453745e-01 8.817307692307692069e-01
6.939172118935026390e-01 9.257790368271954229e-01 4.242713807931199343e-01 8.954298993028659837e-01 6.920506257110352610e-01 7.551020408163264808e-01 8.418219461697722394e-01 9.073619631901840288e-01 7.960000000000000409e-01 8.450433108758421685e-01 9.405389572349150962e-01 8.431952662721893255e-01 8.644132168628940738e-01 8.142201834862384802e-01 7.328599955624583995e-01 7.115395716677249682e-01 8.523138832997988468e-01 9.184895833333333037e-01 6.563404748118123466e-01 8.071275367101138354e-01 8.529267092966059671e-01 9.033629686896018640e-01 7.880564205898515917e-01 8.789686357513950554e-01
6.790887542796945064e-01 9.041633935585231541e-01 5.051292572835452965e-01 9.074858757062146397e-01 7.361316062742525590e-01 7.741176470588235770e-01 8.492553031442756639e-01 9.215203718895269569e-01 8.228540185893931103e-01 8.522837706511176004e-01 9.386913961875321677e-01 8.696754563894523171e-01 8.957020057306590566e-01 8.325859491778774268e-01 7.197798110540801764e-01 6.911444141689373488e-01 8.497409326424870679e-01 9.282145674467525698e-01 6.659973226238286026e-01 8.260211800302571516e-01 8.582453929752716926e-01 9.117948717948718418e-01 7.916241062308477794e-01 8.951317715959004051e-01
6.761060810376934294e-01 9.152060634770251557e-01 5.080840743734842402e-01 9.025641025641025772e-01 7.209575718713262527e-01 7.761904761904762085e-01 8.497624703087885978e-01 9.156458797327394761e-01 8.119883813044626031e-01 8.395823445657332185e-01 9.463427656166577551e-01 8.642322097378276613e-01 8.934753661784287093e-01 8.104477611940298365e-01 7.091177296993537160e-01 6.914186355732842015e-01 8.482320222487087502e-01 9.258875356309924642e-01 6.595036319612590514e-01 8.268082282680823125e-01 8.559000316355583893e-01 9.068728522336769737e-01 7.882359481848001392e-01 8.971216341689879359e-01
7.189907247288161996e-01 8.954794126115750430e-01 5.321316614420062985e-01 9.133148404993065572e-01 7.088271453159576962e-01 7.952270977675134356e-01 8.767273224791353181e-01 9.288736118455843682e-01 8.459924464960134616e-01 8.593974175035867802e-01 9.422128259337562151e-01 9.101298701298701221e-01 9.093048515568428192e-01 8.368536052439912165e-01 7.873553719008264951e-01 7.141020731907444796e-01 8.620689655172413257e-01 9.354585837470603682e-01 6.712917725229626820e-01 8.577740016992353445e-01 8.751179616231519187e-01 9.137241838774150526e-01 8.313122563880467331e-01 9.089130048034157472e-01
6.658175944333996066e-01 9.038404286990175951e-01 4.656729900632339825e-01 9.078156312625250690e-01 7.263152179814321707e-01 7.677008750994430697e-01 8.618534145960305981e-01 9.151643690349946514e-01 8.311631944444444198e-01 8.490935815776580187e-01 9.326808307471949888e-01 8.319559228650137417e-01 8.959147424511545443e-01 8.277654046028211088e-01 6.958537915984724931e-01 7.111723343887494941e-01 8.485929449068568831e-01 9.292981998434646229e-01 6.618819776714514047e-01 8.494513031550068316e-01 8.559308719560094758e-01 9.022250078345346314e-01 7.857399149110666503e-01 8.990660919540229834e-01
7.002589125672177284e-01 8.962230850688316375e-01 4.852320675105485370e-01 9.015580736543908902e-01 7.590746171391332675e-01 7.758754863813229763e-01 8.689971152214491790e-01 9.164170977402668061e-01 8.224363386097728323e-01 8.511673151750972499e-01 9.403061224489795977e-01 8.577181208053691330e-01 8.995726495726495964e-01 8.294339622641508925e-01 7.486278814489571998e-01 6.884269977357722059e-01 8.558269923908690124e-01 9.271082734769885425e-01 6.667231734192236026e-01 8.291772688719253326e-01 8.767740858240107293e-01 9.145122371596001720e-01 8.129927817878955798e-01 9.066742081447963786e-01
6.916234721955589748e-01 9.001218026796589111e-01 5.340353516359533925e-01 9.090909090909090606e-01 7.361550018131897133e-01 7.800608828006088125e-01 8.612898808708749909e-01 9.228556485355648986e-01 8.347657332963681620e-01 8.430992736077481675e-01 9.334619093539054946e-01 8.607738998482549198e-01 8.950045413260672156e-01 8.149748020158387174e-01 7.289680314077398027e-01 7.099839851652056666e-01 8.517637732857709087e-01 9.306777030522503935e-01 6.643410852713178549e-01 8.437233134073441887e-01 8.776257161043921062e-01 9.185329438493995413e-01 8.017178929938942877e-01 9.066281379808560636e-01
6.903891774059114361e-01 9.015432098765432389e-01 5.276168404789494115e-01 9.135338345864661980e-01 7.428227158424141052e-01 7.818867924528302149e-01 8.646239554317548537e-01 9.233706720977596927e-01 8.321447437929212487e-01 8.462664714494875229e-01 9.371828944189417587e-01 8.677494199535963348e-01 8.964701601164483113e-01 8.255897069335239591e-01 7.272599663110611568e-01 7.102640652594398585e-01 8.485089463220676365e-01 9.312581063553826421e-01 6.613183839164894495e-01 8.434188034188033756e-01 8.715074980268350258e-01 9.178697465511710396e-01 8.015080603224129518e-01 9.070478245235527037e-01
6.824089328207944005e-01 9.141242937853106820e-01 4.374140302613480080e-01 9.011177987962166736e-01 6.926496739774747891e-01 7.562604340567612438e-01 8.427130774235523925e-01 9.036908881199539056e-01 7.963957055214724301e-01 8.428093645484949770e-01 9.382196012356079917e-01 8.283355063016080155e-01 8.738686693626035451e-01 7.940275650842266719e-01 7.066884407838681659e-01 6.904525111884634025e-01 8.416235575009948233e-01 9.176225234619395099e-01 6.576344668744072974e-01 8.252005347593582840e-01 8.275007742335088734e-01 8.778224559232911117e-01 7.847222222222222099e-01 8.840021990104452998e-01
6.843531593210668840e-01 8.984218077474892539e-01 4.161646586345381649e-01 9.062295081967213228e-01 7.419442004998986206e-01 7.721202003338898390e-01 8.651014723438121834e-01 9.095563139931740482e-01 8.350208457415128072e-01 8.406647116324535984e-01 9.320819955544579205e-01 8.537142857142857588e-01 9.040785498489426475e-01 8.326908249807247753e-01 7.315724308708212442e-01 7.169362292051756347e-01 8.588140379185155160e-01 9.309791332263241959e-01 6.550836550836550698e-01 8.374892519346517350e-01 8.462019381056580247e-01 9.061239457279061105e-01 7.963561252052328010e-01 8.872495446265937780e-01
6.874638937030618235e-01 8.979190101237345401e-01 4.056265984654731649e-01 8.993710691823899595e-01 7.486184028737220553e-01 7.654530059271803522e-01 8.626079802550390419e-01 9.130083490438998250e-01 8.382793764988009100e-01 8.504210004952946766e-01 9.365313653136531080e-01 8.684997011356844210e-01 9.028248587570621986e-01 8.245749613601236483e-01 7.283758301221612275e-01 7.171443773567446334e-01 8.529173419773096176e-01 9.265098877605558725e-01 6.436077057793344602e-01 8.322768545485694780e-01 8.444132334581773147e-01 9.004774146162320969e-01 7.933606863110779228e-01 8.949587534372135389e-01
7.049905243209096950e-01 8.908929627439384769e-01 4.741000877963125748e-01 9.036789297658862630e-01 7.254082586462857751e-01 7.890995260663506983e-01 8.685892439594700143e-01 9.196884233145312670e-01 8.353058605447026830e-01 8.459288152120916227e-01 9.330453563714903309e-01 8.734115347018572839e-01 9.057505052360830256e-01 8.179791976225854189e-01 7.522469714732317181e-01 7.132295897412495034e-01 8.564082278481012223e-01 9.308622502628811635e-01 6.643591772151898889e-01 8.508532423208191586e-01 8.562930494677520876e-01 9.134213067267460406e-01 8.108859962208692096e-01 8.902330546166162817e-01
6.914766748509294514e-01 9.271198318149964646e-01 5.077044646384828441e-01 9.180999180999180886e-01 7.383636489383774704e-01 7.702702702702702853e-01 8.457729041386629065e-01 9.252628587666951177e-01 8.011428571428571566e-01 8.529971455756422127e-01 9.455488331892826226e-01 8.772321428571429047e-01 8.814006024096385783e-01 8.203292770221903840e-01 7.403051493960585150e-01 6.809489575844716036e-01 8.467094703049758975e-01 9.201950218116500269e-01 6.614866614866614647e-01 8.214403156856296961e-01 8.743850442768120734e-01 9.150695227358136563e-01 8.108579088471850049e-01 8.994820640705927239e-01
7.041002112009322467e-01 9.192595510043324314e-01 4.981580024559967290e-01 9.128712871287129049e-01 7.288358871247313520e-01 7.823293172690762853e-01 8.630086540232001502e-01 9.288088642659280136e-01 8.199295965339832293e-01 8.429394812680115479e-01 9.408970976253298035e-01 8.726708074534161863e-01 9.010801591813530909e-01 8.388520971302427798e-01 7.580754845290716970e-01 6.884350152617100260e-01 8.546698872785829515e-01 9.288692027097447124e-01 6.606878150014823259e-01 8.335548172757475394e-01 8.736620175154070633e-01 9.168921530730576031e-01 8.163777505398938095e-01 9.023893313576588637e-01
