3.926129607609988303e-01 3.967119370979270698e-01 3.304048892284186523e-01 4.610687022900763488e-01 3.291922639362912517e-01 4.748892171344165636e-01 4.272749570762816029e-01 5.291676836709787723e-01 4.113107119095142927e-01 4.232625482625482771e-01 4.737616478666012987e-01 5.270331667423898692e-01 4.870827833301904497e-01 4.258443465491923430e-01 4.629904745259110221e-01 2.658412010524686675e-01 3.732171156893819286e-01 5.134079666753449400e-01 3.095719582069430542e-01 4.077966101694915357e-01 4.577621931781957199e-01 5.081529795434331920e-01 4.475839700951019795e-01 4.722665248981038344e-01
3.792354474370113193e-01 3.960518198642812848e-01 3.306420607458669947e-01 4.719242902208201640e-01 3.255709404783312388e-01 4.701547531319086315e-01 4.274725274725274526e-01 5.343307507347048180e-01 4.185590131763386457e-01 4.172767203513909062e-01 4.633213859020310910e-01 5.239726027397260122e-01 4.837183918501000712e-01 4.285714285714285476e-01 4.369479882237487511e-01 2.853843861740166798e-01 3.702970297029702929e-01 5.140845070422535024e-01 3.150410209662716232e-01 4.104234527687296574e-01 4.540148288373560548e-01 5.072378138847858375e-01 4.384806839086679009e-01 4.723292469352013967e-01
3.277754025937010263e-01 3.995826812728220934e-01 3.111587982832618171e-01 4.625407166123778335e-01 3.245114633020464434e-01 4.884645982498010963e-01 4.472843450479233041e-01 5.295942103902817610e-01 4.279076316530554536e-01 4.063272367770637827e-01 4.553320860617399712e-01 5.056294779938587114e-01 4.991980039208697151e-01 4.400000000000000022e-01 3.882647700638486854e-01 2.896562563146904967e-01 3.762886597938144284e-01 5.124835742444152631e-01 3.074369189907038558e-01 4.128677103044899321e-01 4.432449595173836854e-01 5.286603340976089305e-01 4.216369877708646130e-01 4.684571016582552150e-01
3.196772622939417219e-01 4.068863383931877187e-01 3.055555555555555802e-01 4.583657587548637946e-01 3.434402332361515819e-01 4.633173843700159611e-01 4.390675241157556141e-01 5.243101182654401615e-01 4.088397790055248726e-01 4.038554216867469848e-01 4.721800708143651937e-01 5.110990795885219651e-01 4.793083349523994396e-01 4.386756960120391513e-01 3.725258260389558984e-01 2.626895083113498508e-01 3.725411481332798203e-01 5.028675703858185297e-01 3.093876177658142490e-01 3.963342861947200535e-01 4.409588159588159750e-01 5.433344935607379300e-01 4.196052339764914652e-01 4.674512688488414724e-01
3.158521215516034153e-01 4.063417498532002625e-01 3.075578855395368905e-01 4.687280393534785650e-01 3.465875370919881404e-01 4.707740916271722087e-01 4.399541884816753901e-01 5.247442632015482111e-01 4.161204852879654137e-01 4.136566056407718905e-01 4.622918707149852868e-01 5.108459869848156476e-01 4.892140311386231621e-01 4.354354354354354473e-01 3.657115869017631971e-01 2.867226814217728736e-01 3.780096308186196019e-01 5.137759118341642672e-01 3.049859268194611839e-01 4.126413155190133408e-01 4.338270425226947169e-01 5.452348066298342566e-01 4.107133329776450070e-01 4.668850072780204030e-01
3.167099810353304901e-01 4.036800600826135899e-01 3.079483978360382790e-01 4.526748971193415572e-01 3.435891504250766504e-01 4.656981436642453343e-01 4.348033752587167622e-01 5.259415327890439862e-01 4.067325079983307723e-01 4.152131782945736593e-01 4.797348967626816063e-01 5.167973124300111465e-01 4.887892376681614581e-01 4.414814814814814747e-01 3.742482652274479737e-01 2.658097332966730675e-01 3.693657758276824854e-01 5.069281045751633519e-01 3.189596167008897920e-01 3.970883534136546156e-01 4.351451018117684644e-01 5.349322210636079378e-01 4.183125864453665077e-01 4.692237442922374546e-01
2.996522537891214699e-01 4.055118110236220486e-01 3.058091286307054180e-01 4.719841793012524711e-01 3.380498816274844498e-01 4.805709754163362546e-01 4.354813784577344915e-01 5.298804780876493759e-01 4.029065743944636457e-01 4.163424124513618874e-01 4.800401707255837480e-01 4.964234620886981419e-01 4.818702290076335992e-01 4.332833583208395845e-01 3.392145702902675253e-01 2.647003920104535890e-01 3.716673298846001061e-01 5.144946461217028144e-01 3.149001536098310350e-01 4.046896086369770607e-01 4.331159535549546913e-01 5.254353021509047261e-01 4.058528249492683870e-01 4.692349826547380087e-01
3.061940565699964312e-01 3.993453355155482942e-01 2.930500221336874711e-01 4.793333333333333335e-01 3.515422498703991705e-01 4.677551020408163285e-01 4.402017291066282478e-01 5.303943044906900273e-01 4.027853631895139119e-01 4.178814382896015589e-01 4.758777469057842713e-01 5.212895377128953234e-01 4.934679334916864391e-01 4.311111111111111116e-01 3.587205497382198738e-01 2.690702811792620164e-01 3.799039231385107906e-01 5.081923890063424487e-01 3.128224023581429591e-01 3.987438465455779846e-01 4.277795375356350793e-01 5.432985986345669760e-01 4.111020408163265083e-01 4.691516709511567851e-01
3.122054168132254448e-01 4.255886272767658851e-01 3.066723695466210264e-01 4.480465502909393161e-01 3.444249121044701267e-01 4.655448717948718063e-01 4.339199447895100148e-01 5.284801333703806892e-01 3.945099166427133985e-01 4.142787761049052664e-01 4.943970117395944386e-01 5.120481927710843761e-01 4.749412685982772331e-01 4.257425742574257321e-01 3.606930072122922493e-01 2.779828496791413306e-01 3.776447105788423020e-01 5.039452919516044238e-01 3.010552451893234172e-01 3.911303767922640895e-01 4.306675266043211714e-01 5.433127944907575335e-01 4.289874019491323742e-01 4.714928732183045756e-01
2.932976239527537166e-01 4.758497316636851604e-01 3.093812375249501145e-01 4.483074107959743593e-01 3.282546834242352496e-01 4.707337180544105548e-01 4.214123006833713214e-01 5.225531914893617458e-01 3.816793893129771242e-01 4.094084769445738292e-01 5.257857796765333935e-01 5.169439309919900971e-01 4.600694444444444198e-01 4.175824175824175977e-01 3.420700511609602312e-01 3.134416543574593539e-01 3.649899396378269434e-01 4.984423676012461057e-01 2.952896322715533040e-01 3.834721541727911243e-01 4.362032347655611653e-01 5.395449620801733293e-01 4.540453975769391248e-01 4.754752851711026573e-01
2.914073071718538688e-01 4.669117647058823595e-01 3.056438791732909444e-01 5.041928721174003813e-01 3.300772110435189477e-01 4.681708299758259306e-01 4.235637779941577308e-01 5.247727939020815358e-01 3.830130358822738668e-01 4.142992424242424310e-01 5.088092345078979450e-01 5.032563647128478479e-01 4.642233856893542843e-01 4.170890658942795204e-01 3.324200913242009170e-01 3.190476190476190244e-01 3.725411481332798203e-01 5.027237354085603016e-01 2.976117575015309047e-01 3.846153846153846367e-01 4.295582329317269021e-01 5.272206303724927823e-01 4.521666317772660704e-01 4.704214704214704224e-01
2.987275693311582381e-01 4.640748031496063075e-01 2.932363013698630061e-01 4.666160849772382213e-01 3.305174234424498314e-01 4.563650920736589400e-01 4.254568772042321423e-01 5.242603550295857895e-01 3.962339743589743390e-01 4.112825458052073446e-01 4.918918918918919192e-01 5.068794716565767633e-01 4.517381330509970261e-01 4.287844891871737674e-01 3.435453519006398393e-01 2.993701370878102952e-01 3.735083532219570235e-01 4.938239835306227343e-01 2.873598060018187073e-01 3.875788774493523769e-01 4.325806451612903003e-01 5.299556213017750927e-01 4.144357844798373658e-01 4.628315278296600832e-01
2.730496453900709275e-01 6.550680786686837731e-01 2.791424743188923863e-01 4.645814167433302555e-01 3.175296319401123002e-01 4.483606557377048940e-01 4.046342728687532531e-01 5.173299101412066614e-01 3.563661873027008098e-01 4.218455743879472863e-01 5.461304494761743955e-01 4.821222606689734569e-01 4.022968505307116804e-01 4.092261904761904656e-01 3.020617027588252679e-01 4.076649896419058949e-01 3.765974440894568898e-01 4.691668764158066773e-01 2.795320426545190862e-01 3.768517011232296876e-01 4.255709284880813681e-01 5.201023391812865659e-01 3.940172037488766099e-01 4.660831509846827259e-01
2.520822816759212270e-01 4.883208461877479034e-01 2.654117647058823470e-01 4.536903039073806321e-01 3.370756659802032762e-01 4.459124690338563402e-01 4.224356650960492954e-01 5.230263157894736725e-01 3.861279461279461533e-01 4.095693779904306386e-01 5.047117516629712197e-01 4.836448598130841381e-01 4.356938710701809825e-01 4.191063174114021406e-01 2.928677563150074437e-01 2.824777259227831960e-01 3.827999999999999736e-01 4.933024214322513923e-01 2.915909466380307014e-01 3.885191347753743640e-01 4.065286624203821586e-01 5.282748747315676452e-01 3.846774193548387344e-01 4.544769085768143313e-01
2.879999999999999782e-01 5.228571428571429092e-01 2.748703441772748501e-01 4.560129136400322691e-01 3.391895933014353881e-01 4.643164230438521223e-01 4.244210526315789211e-01 5.275370422141458793e-01 3.757341163908168857e-01 4.101953311100524080e-01 5.258799171842649667e-01 5.115291262135922556e-01 4.480212081045256700e-01 4.157733537519142653e-01 3.290780141843971385e-01 3.195781751490142097e-01 3.813354786806114061e-01 4.920261437908496904e-01 2.989869753979739753e-01 3.829541707879987045e-01 4.308202154101077319e-01 5.250478011472274886e-01 4.114640379700620909e-01 4.615384615384615641e-01
2.916369760963917757e-01 5.201133144475921233e-01 2.790253225035833617e-01 4.655305964368706695e-01 3.209613196814561920e-01 4.583333333333333148e-01 4.188405797101449335e-01 5.257668711656441340e-01 3.775172413793103643e-01 4.095283926852743006e-01 5.193321616871704460e-01 5.017751479289941363e-01 4.534751234333460057e-01 4.304281345565749151e-01 3.383625471488795333e-01 3.187669572244992144e-01 3.710261569416499206e-01 4.929687500000000111e-01 2.850318471337579540e-01 3.849199802012869265e-01 4.254795868175110796e-01 5.295709315809817852e-01 4.081333577578311056e-01 4.587261881854916568e-01
2.814722149065051471e-01 4.210526315789473450e-01 3.139105457529749454e-01 4.802259887005649874e-01 3.367218669727277680e-01 4.603921568627450944e-01 4.304197382277719086e-01 5.261143013398961177e-01 4.013121924548933572e-01 4.057337220602526551e-01 4.832560535806285640e-01 4.949290060851926909e-01 4.796561604584527183e-01 4.237668161434977598e-01 3.264152346946366245e-01 2.652588555858310659e-01 3.730569948186528428e-01 5.035498290823033907e-01 3.092369477911646736e-01 3.960329467137334025e-01 4.235312647661049201e-01 5.234188034188034244e-01 4.027202838557066844e-01 4.666910688140556429e-01
2.798433185641815979e-01 4.618664140217906278e-01 3.116410670978173036e-01 4.813186813186813295e-01 3.294859463503259644e-01 4.746031746031745824e-01 4.266627078384798155e-01 5.275612472160355892e-01 3.934512806971217080e-01 4.167062173706692074e-01 5.005339028296850179e-01 4.822097378277153679e-01 4.654746052881871821e-01 4.298507462686567138e-01 3.201742062377072040e-01 2.874603661654904219e-01 3.778307508939213188e-01 4.980564913189945431e-01 3.108353510895883742e-01 3.905109489051095117e-01 4.280291047136982052e-01 5.209621993127148132e-01 4.079057096792127468e-01 4.694521819870009494e-01
3.421631818896400112e-01 3.961992513676936278e-01 3.373824451410658565e-01 4.771151178918169311e-01 3.204327514138185506e-01 4.988452655889145659e-01 4.397318374606649094e-01 5.367530407191961617e-01 4.281717722758427991e-01 4.222859875657580253e-01 4.587737843551796812e-01 5.335064935064934843e-01 4.828023171614772013e-01 4.501092498179169454e-01 4.101652892561983288e-01 2.825337782397024378e-01 3.865276663993584827e-01 5.165926313038934348e-01 3.109243697478991653e-01 4.045879354290569108e-01 4.499842717835797479e-01 5.199866755496336257e-01 4.287570376786487558e-01 4.742928304572140430e-01
2.432281312127236583e-01 4.078594819886871004e-01 2.691960252935862719e-01 4.482297929191716990e-01 3.294967153482816768e-01 4.598249801113762913e-01 4.335052351929988834e-01 5.084835630965005571e-01 4.049479166666666852e-01 4.012738853503184933e-01 4.609692050608737435e-01 4.191263282172373317e-01 4.751332149200710453e-01 3.897550111358574765e-01 2.759138025095471680e-01 2.899584686870348427e-01 3.808957590170432006e-01 4.993477693712496945e-01 2.954545454545454697e-01 3.943758573388203015e-01 4.128829536527887090e-01 5.057975556251959048e-01 3.798759546875800641e-01 4.543821839080459668e-01
3.286197968532165170e-01 4.062830921284856789e-01 2.991561181434599370e-01 4.723796033994334120e-01 3.580319322254806313e-01 4.591439688715953094e-01 4.539283896147972008e-01 5.295398856520555642e-01 4.068823124569855287e-01 4.022373540856031271e-01 4.772959183673469163e-01 4.899328859060402830e-01 4.854312354312354527e-01 4.264150943396226578e-01 3.801683132089279105e-01 2.564428727707532829e-01 3.692430917100520404e-01 5.078478318701782346e-01 3.114087133412442587e-01 3.972858354537743830e-01 4.635164468191684817e-01 5.377456049638056346e-01 4.245419211549139593e-01 4.781297134238310931e-01
3.051129455429705262e-01 4.107795371498172976e-01 3.256863482512222796e-01 4.589041095890410982e-01 3.366316116665803437e-01 5.000000000000000000e-01 4.359852115568944031e-01 5.371338912133891696e-01 4.135015248128638965e-01 4.092009685230024174e-01 4.701060752169720081e-01 4.920333839150227706e-01 4.808356039963669337e-01 4.262059035277177554e-01 3.439427930454290738e-01 2.888781186783546673e-01 3.896155370590566602e-01 5.129332643559234572e-01 3.015503875968992276e-01 4.037574722459436605e-01 4.466900063653723718e-01 5.183382018825056781e-01 4.081030735796336573e-01 4.733610258262597181e-01
3.037763672501122003e-01 4.138888888888888618e-01 3.209733487833140164e-01 4.642857142857143016e-01 3.392183570829840900e-01 4.973584905660377586e-01 4.338440111420612810e-01 5.315682281059063152e-01 4.111199154780771359e-01 4.128843338213762926e-01 4.691954578400580056e-01 4.922660479505027165e-01 4.805312954876273523e-01 4.360257326661901578e-01 3.420129140932060552e-01 2.888529139685476199e-01 3.868787276341948411e-01 5.102464332036316108e-01 3.112313937753721227e-01 4.052991452991452914e-01 4.423046566692975801e-01 5.210137953160089985e-01 4.044721788871554757e-01 4.773462783171520951e-01
2.942217340899383471e-01 4.372881355932203284e-01 2.508023842274186288e-01 4.376612209802235864e-01 3.114503062635842756e-01 4.223706176961602443e-01 4.155823031880286345e-01 4.956747404844290550e-01 3.808793456032719682e-01 3.884376493072145275e-01 4.998595900028082184e-01 4.293785310734463123e-01 4.623531677257847194e-01 3.560490045941807069e-01 3.232036353308719301e-01 2.933863749378418651e-01 3.473935535216872150e-01 4.893117831074035307e-01 2.926432732692046956e-01 3.865307486631016087e-01 3.993496438525859227e-01 4.979894834519022484e-01 4.123263888888888951e-01 4.480483782297965956e-01
3.171444872343460175e-01 4.186513629842180673e-01 2.816265060240963902e-01 4.819672131147541005e-01 3.493210835641423762e-01 4.699499165275459189e-01 4.488658973338638947e-01 5.355517633674630185e-01 4.189994044073853674e-01 4.227761485826002086e-01 4.746851074339343279e-01 5.234285714285714652e-01 5.001888217522658664e-01 4.425597532767925890e-01 3.654147750722245291e-01 2.938077634011090344e-01 3.880597014925373234e-01 5.224719101123596054e-01 3.030888030888030937e-01 4.106620808254514143e-01 4.188809002813378979e-01 5.390539053905391009e-01 4.062284836608230365e-01 4.641165755919854363e-01
3.199017908723281178e-01 4.102924634420697658e-01 2.762148337595907721e-01 4.689028651292801997e-01 3.528599060513953889e-01 4.580863674851820555e-01 4.533113944878650603e-01 5.389173175329922127e-01 4.223621103117505826e-01 4.284299157999009178e-01 4.804428044280442678e-01 5.301852958756724243e-01 5.005649717514124575e-01 4.443585780525502460e-01 3.705009428548003414e-01 2.925949059615517989e-01 3.833063209076175148e-01 5.235168359166221252e-01 3.075744308231173618e-01 4.075723830734966358e-01 4.186953807740324551e-01 5.453543885420492066e-01 4.086428305003463324e-01 4.652612282309807612e-01
3.294728714817154458e-01 3.985807214665877951e-01 2.949956101843722589e-01 4.749163879598662374e-01 3.308407103975367081e-01 4.628751974723538942e-01 4.464536243180046715e-01 5.264571582057480104e-01 4.119492371310423673e-01 4.129692832764504939e-01 4.653227741780657789e-01 4.985337243401759544e-01 4.912731949292669653e-01 4.123328380386329650e-01 3.806955842125830380e-01 2.870214028202436873e-01 3.722310126582278333e-01 5.036803364879074429e-01 3.065664556962025555e-01 4.093856655290102342e-01 4.331559173450219014e-01 5.191503057611843719e-01 4.134998950241444704e-01 4.581035402953211322e-01
3.054366888810943759e-01 4.891380518570427327e-01 3.310944290794152756e-01 4.782964782964783113e-01 3.460128639601632305e-01 4.928457869634340072e-01 4.327909444640962167e-01 5.490196078431373028e-01 3.958095238095238333e-01 4.333967649857278781e-01 5.269374819936617493e-01 5.474330357142856984e-01 4.698795180722891707e-01 4.638511095204008727e-01 3.553719008264462631e-01 3.361610352264557955e-01 4.052969502407704483e-01 5.119322555812163555e-01 3.016058016058015823e-01 3.891811903978954490e-01 4.476877664808133761e-01 5.445321307779030784e-01 4.416219839142090930e-01 4.941492422789180994e-01
3.335518170562959961e-01 4.430878298542733629e-01 3.209169054441260993e-01 4.805280528052805478e-01 3.443805033626846090e-01 4.867469879518072085e-01 4.463266433437672598e-01 5.612188365650969679e-01 4.148388843758462063e-01 4.351585014409221630e-01 5.134564643799471861e-01 5.357142857142856984e-01 4.805760848967216003e-01 4.679911699779249479e-01 3.900034002040122516e-01 2.858650186532011861e-01 4.110305958132045023e-01 5.229286086503387443e-01 2.941002075303884022e-01 4.000000000000000222e-01 4.537787868958806370e-01 5.434866640896791612e-01 4.306309461273565842e-01 4.880533432117058479e-01
