1.000000000000000000e+00
1.000000000000000000e+00
1.000000000000000000e+00
1.000000000000000000e+00
1.000000000000000000e+00
8.965517241379310498e-01
1.000000000000000000e+00
1.000000000000000000e+00
6.896551724137933714e-02
7.931034482758620996e-01
1.000000000000000000e+00
1.000000000000000000e+00
1.000000000000000000e+00
1.724137931034482873e-01
1.000000000000000000e+00
1.379310344827586743e-01
4.137931034482759118e-01
1.000000000000000000e+00
3.448275862068961306e-02
1.000000000000000000e+00
7.241379310344827624e-01
1.000000000000000000e+00
1.000000000000000000e+00
1.000000000000000000e+00
