8.252936704514800548e-01 6.532808621078762812e-01 7.074353753040329984e-01 5.128083218072844174e-01 7.560312191222674505e-01 5.056729827794735899e-01 8.929864134711220647e-01 8.748943832675393217e-01 8.151111581341832224e-01 7.409576742197520050e-01 9.026961870982044278e-01 8.127714966871919522e-01 9.063636735194343652e-01 5.090555715519723412e-01 8.221294678216265472e-01 6.313357170602471591e-01 7.795729376115091425e-01 9.269102990033222245e-01 6.649016641452344389e-01 9.137814535527987170e-01 9.074920669069004298e-01 8.253557386912173666e-01 7.877829155512290349e-01 9.179289676028261624e-01
8.205591502869002962e-01 7.158676759181384908e-01 7.044654096946209032e-01 6.028299585264699223e-01 7.537800801399128225e-01 5.037218342811892180e-01 8.925912332214764877e-01 8.526050583928397320e-01 7.818481497235219013e-01 7.248207336022923775e-01 9.047770568460080653e-01 8.359559746591539442e-01 9.078334125959643952e-01 5.146624821847601838e-01 8.191370166571222411e-01 6.278398080649626456e-01 7.807371536185095939e-01 9.270283045098147712e-01 6.245736107524836322e-01 9.132569558101473195e-01 9.066324542902051142e-01 8.236084103912818533e-01 7.853892353892354405e-01 9.162963364404942412e-01
8.152120975989870511e-01 7.820580548295612555e-01 6.251774862270688127e-01 5.754742722559705870e-01 7.774188024430618293e-01 5.075769591233508793e-01 9.114247833831072843e-01 8.581433156863562672e-01 8.289893617021276695e-01 7.122117482637155828e-01 9.028656699919860307e-01 7.542275849920733188e-01 9.053032872512176699e-01 5.108570441193410749e-01 8.166793006176138459e-01 6.045793123041274253e-01 7.833333333333333259e-01 9.261922312003671998e-01 5.177922220998126823e-01 9.173871277617675624e-01 9.068645241071549012e-01 8.219982853368188458e-01 7.835304696686725690e-01 9.190994758710588908e-01
8.109972719005759112e-01 6.613087755476771967e-01 6.214206657774498099e-01 4.907253938284594219e-01 7.988222597597597341e-01 4.975919944630292080e-01 9.154309857638794901e-01 8.423153415017453627e-01 7.791159837814767286e-01 7.320621891610733512e-01 8.933270415810803389e-01 7.328167958010497474e-01 9.042255444057615277e-01 4.986388580811499938e-01 8.115599351316554744e-01 5.810005926015207045e-01 7.728682939268157748e-01 9.213862707481857983e-01 6.464033926690256893e-01 9.154298061989331048e-01 9.064913744381947192e-01 8.038071888517844821e-01 7.894327443286042190e-01 9.188696692776326946e-01
8.115440640932265470e-01 7.496643544417095351e-01 5.995425291602142215e-01 5.554005264596308944e-01 8.016433582897772858e-01 4.844732137708321340e-01 9.167901900013475380e-01 8.317088475214390320e-01 8.206698640874728889e-01 7.195339351673583073e-01 8.965808650356044129e-01 7.272914399976475597e-01 9.065355649675196359e-01 5.048970185798645760e-01 8.110937848073067613e-01 6.072758112752756343e-01 7.817962884261226986e-01 9.255447857709049320e-01 5.656475804685788811e-01 9.149805236961696675e-01 9.062747892493647761e-01 8.076598022368087770e-01 7.830287536992894815e-01 9.187841400114139523e-01
8.120604846055747839e-01 6.584276649566851436e-01 6.274804612700528583e-01 5.427425383863362374e-01 7.975031912775649712e-01 4.801188398690454107e-01 9.146533295688299425e-01 8.537728632032826059e-01 8.052651852245407138e-01 7.355406060260539780e-01 8.986406742477888177e-01 7.199217140502678358e-01 9.030275717972878757e-01 5.062924778251353120e-01 8.085927863028569140e-01 5.804061979134514937e-01 7.759932016146164901e-01 9.256705087385119768e-01 6.477238916988991013e-01 9.148419148419147939e-01 9.069886325418712314e-01 8.056639661852764700e-01 7.891450918501154987e-01 9.190735731858153956e-01
8.037293464044444891e-01 6.759860068837104663e-01 6.304532818970897123e-01 5.737843855490913914e-01 7.894413466108670674e-01 4.953935322020213694e-01 9.119875551502635291e-01 8.554332549434340294e-01 8.051325624311299611e-01 7.226102574336459305e-01 9.047321763016605844e-01 7.654357156459197231e-01 9.048106029616297397e-01 5.087855743749279958e-01 8.009591742337560660e-01 5.959165506595831552e-01 7.748651060033139304e-01 9.255356124960029129e-01 6.373703638600808352e-01 9.148002053332613404e-01 9.060697721314781017e-01 8.061019049094007016e-01 7.827904726803648350e-01 9.186272511043153122e-01
8.144230652060002740e-01 7.013618540328587780e-01 5.749392384553064783e-01 5.797293025661657273e-01 8.152520052675685802e-01 4.784991993999105908e-01 9.215207060420910201e-01 8.270383275261323774e-01 8.473389727135318683e-01 7.234448942357032397e-01 9.016750627975075316e-01 6.865543987967086537e-01 8.995352016404647433e-01 4.988336597166225239e-01 8.106496352182465115e-01 6.110437646160454817e-01 7.747889398832794594e-01 9.231796555465902054e-01 6.086690422435601100e-01 9.156766546378515281e-01 9.063726280707412597e-01 8.035016435998363349e-01 7.861760318249626511e-01 9.190280648319373302e-01
8.130307484844435661e-01 6.094898292797339412e-01 6.011130671815548832e-01 4.623887101196230698e-01 8.104396258301002076e-01 4.884348051798229062e-01 9.201829647873981388e-01 8.196716738496728771e-01 7.781123427840546114e-01 7.299627977251023081e-01 9.034601787155861485e-01 6.921568627450980227e-01 8.967434363303554701e-01 4.942588350549624865e-01 8.042644767111088999e-01 4.829360495642129325e-01 7.799243658201492346e-01 9.251043115438108977e-01 6.662418502320839320e-01 9.130587346145541128e-01 9.067294751009421505e-01 8.007677434833537777e-01 8.004144784871535245e-01 9.198692632439057215e-01
8.103435760948463074e-01 3.903866158113730722e-01 6.430463294760845328e-01 4.482808457747394781e-01 8.014735305887060735e-01 4.777163797954148694e-01 9.166262593610258191e-01 8.230317076916633390e-01 7.757244743749502902e-01 7.534771158089543786e-01 8.750542907180385299e-01 6.739191361940023439e-01 8.946808220299664605e-01 4.956019751522393046e-01 8.069749885524052369e-01 2.932025796343186719e-01 7.749033053284785089e-01 9.225851285615009889e-01 7.181650028204489278e-01 9.151992023820751943e-01 9.058327382476185630e-01 8.016848462613064275e-01 8.237933543536259950e-01 9.192726083044794327e-01
8.092497405825430645e-01 3.514294799525915503e-01 6.498852918684679958e-01 4.246654695012454517e-01 7.993285912153438311e-01 4.813885403596821488e-01 9.165230272017236279e-01 8.132263071781173913e-01 7.864943936244853662e-01 7.447229739353368183e-01 8.676565345286454400e-01 6.897095447914056709e-01 8.998839669647122896e-01 5.024827645763467743e-01 8.127723479159999487e-01 2.965455108533460726e-01 7.769765827536868619e-01 9.249649076480480625e-01 7.163368868258526145e-01 9.129778807554489450e-01 9.066103359659862804e-01 8.110311750599520364e-01 8.241152992272137157e-01 9.202469034868985265e-01
8.059048463852894750e-01 6.391701126479395478e-01 5.918306499701848633e-01 5.134695171142099612e-01 7.997979892887343567e-01 4.726808657908777578e-01 9.148864614722341804e-01 8.196927726013598647e-01 8.044082237451379847e-01 7.303055349712136435e-01 8.979358756511323092e-01 7.214320384779443485e-01 9.113400664271673612e-01 5.022969800832385312e-01 8.110170428713613378e-01 5.314862303489797934e-01 7.843709284540870685e-01 9.256084685485663766e-01 6.370220627610581055e-01 9.122234214786831830e-01 9.076287383240464468e-01 7.885087991864636603e-01 7.925621183161624117e-01 9.190627893045798524e-01
7.988609183697634730e-01 3.883855204409604744e-01 5.674111776163327514e-01 4.453277444532774410e-01 8.094570178775200020e-01 4.674687671311924531e-01 9.193568035083444778e-01 7.714915606481871357e-01 8.216331163324679387e-01 7.552903648429266648e-01 8.656993681129234730e-01 6.773238689915174193e-01 8.970681833570316455e-01 4.858443017194205016e-01 7.993184771150498857e-01 3.668910975740087843e-01 7.754454548029801053e-01 9.177061508789943201e-01 7.002713582056920849e-01 9.124338303632764102e-01 9.028030824459829518e-01 7.963972103791964186e-01 8.097423394999760937e-01 9.183179487179486955e-01
7.991208634121935717e-01 6.948995978228430515e-01 5.171524998931973371e-01 5.506332757628094043e-01 8.189679017690707497e-01 4.562178072111847116e-01 9.219599000217344464e-01 8.171663727219282691e-01 8.024310474954650108e-01 7.305094888015045695e-01 8.994644799598360274e-01 6.731092189387466451e-01 8.990940373138340824e-01 4.875785347858666019e-01 8.006204173716864325e-01 5.990449769460527429e-01 7.775149437661124097e-01 9.225618227285357076e-01 5.786435786435786266e-01 9.124251092999405843e-01 9.027803920514130276e-01 8.090193533826102179e-01 7.832475951002330072e-01 9.195400732940071098e-01
8.007368597334864058e-01 6.097096552514030821e-01 5.122545180079465243e-01 4.856714308377922396e-01 8.358249257431819013e-01 4.637386119172405841e-01 9.240610586426531992e-01 8.100592954307638260e-01 8.108744542928958410e-01 7.380087468125418049e-01 8.863302508429049542e-01 6.754843846766345195e-01 8.969596205998991989e-01 4.802028701515762554e-01 8.018234695004479162e-01 4.670352792649568596e-01 7.722713362801768566e-01 9.184544582400623325e-01 6.473709470989761350e-01 9.120193085594088256e-01 9.076929302739670247e-01 7.799131701384469650e-01 8.030213410306156208e-01 9.198341018854538920e-01
7.997845214580714401e-01 6.196699254254756095e-01 5.095525067316322154e-01 5.120984594099929899e-01 8.288138068693556848e-01 4.670872188699944916e-01 9.243637560333479719e-01 7.833039042574063693e-01 7.816000424696076809e-01 7.283971728226174003e-01 8.856975053137935427e-01 6.849837901562039200e-01 9.027043236464751264e-01 4.865861741059850920e-01 8.047023364657739375e-01 4.688893831727561357e-01 7.762775739200656888e-01 9.220022797408879978e-01 6.456283497320214337e-01 9.124853355627772222e-01 9.066134749383398805e-01 7.806606776543820736e-01 8.039301568511394436e-01 9.201173340609863915e-01
8.046250270153446627e-01 6.611884944227394145e-01 6.419366272063514733e-01 5.558304801910406434e-01 7.882169107008507591e-01 4.898735819411009773e-01 9.107498829353134484e-01 8.328757577869138062e-01 7.912589174423847460e-01 7.217059125377729423e-01 9.023478744095582149e-01 7.459129464940859044e-01 9.082814012790967340e-01 5.030243677631199839e-01 8.121558479783176354e-01 5.682755648587083375e-01 7.789312674380727275e-01 9.231721394695484584e-01 6.548721548721548880e-01 9.149459127311032614e-01 9.062823216516447955e-01 8.032468355321515929e-01 7.837460639684425967e-01 9.176341045648568340e-01
8.031815085274467414e-01 6.162742668318876849e-01 6.429037011846058247e-01 5.283964124785857086e-01 7.844307238630604528e-01 4.712938666051501024e-01 9.098538097656145851e-01 8.386106848932906033e-01 8.246643408394122021e-01 7.463286090734277956e-01 8.969016201770503294e-01 7.697859631657540946e-01 9.015881671324381674e-01 4.983870503182695200e-01 8.035683921587679635e-01 5.008784739652261120e-01 7.853572187212348732e-01 9.243853968342203853e-01 6.743501191336706002e-01 9.138089199471171042e-01 9.062483203439934965e-01 7.970792023433979079e-01 7.898007783005169813e-01 9.188928051386034968e-01
8.275798069784706668e-01 7.454136451914882278e-01 6.996886058032555367e-01 5.538107563991947480e-01 7.700519037011070989e-01 5.156851160712999649e-01 9.022769769384805238e-01 8.532415136338341588e-01 8.323919890493972629e-01 7.432931086067617876e-01 8.984451661944579115e-01 7.662236581246787415e-01 9.072695661622884877e-01 5.194109772423025628e-01 8.112421756153520569e-01 6.493025033441620630e-01 7.827374206708975768e-01 9.249356969064997935e-01 6.304992146418083587e-01 9.130881418704297481e-01 9.051386053508112539e-01 7.987201125175809047e-01 7.855608178352777582e-01 9.171855288324584077e-01
7.922536047699361150e-01 7.490658717830303015e-01 5.482136761861418073e-01 5.672102880954091875e-01 7.871054243674653339e-01 4.715161127532261354e-01 9.134461790407667481e-01 8.514818422151105848e-01 7.774430075989867683e-01 7.172899528079955678e-01 9.033712839099700131e-01 7.795695012443422112e-01 9.096001519097222099e-01 4.813449492404060504e-01 7.930934486841787479e-01 5.829821134868421462e-01 7.734101754435649401e-01 9.233293016918991958e-01 5.536012254834915547e-01 9.130799404842419031e-01 9.054429716772087744e-01 8.244189145590483658e-01 7.760452931843345725e-01 9.182526538701707430e-01
8.023833287238008038e-01 6.675924489997321354e-01 6.225236987001192546e-01 5.595885484103007013e-01 8.161020097551622277e-01 4.952077598258939339e-01 9.186387533618953771e-01 8.438923799306126128e-01 8.322651699109642198e-01 7.202867976166719144e-01 8.949845871865367286e-01 7.872670126452744332e-01 9.083772492695847411e-01 5.028736873946674235e-01 8.081039100815772258e-01 5.750942693543130702e-01 7.814576103123450634e-01 9.253099906759257864e-01 6.443099044555860022e-01 9.137080534645168894e-01 9.100786912683737073e-01 8.226453893716813015e-01 7.896478840525851250e-01 9.195117299256151400e-01
8.012899372947148713e-01 7.398784007172676258e-01 7.020648133753550901e-01 5.934379662573167069e-01 7.791444033821123272e-01 5.035296490520371204e-01 9.028262224638931022e-01 8.520202441533883952e-01 8.071090928404504039e-01 7.215341419266565470e-01 9.052819533261357021e-01 8.540970264221143804e-01 9.053978778038939135e-01 5.159094506886180431e-01 8.068405332556275456e-01 5.893175485054606977e-01 7.947211169482165660e-01 9.252820854871880440e-01 6.119058669360343261e-01 9.138236447473395696e-01 9.070474039418139345e-01 8.173197150845052938e-01 7.776011163982430308e-01 9.182453996061655799e-01
8.011350737797956478e-01 7.351762034259441414e-01 6.833222516162802407e-01 5.930209200218096166e-01 7.810657674397265549e-01 4.952537343531682734e-01 9.042482531416881075e-01 8.589259434093243772e-01 8.313730672657592136e-01 7.206723024505681252e-01 8.973517726372911563e-01 8.507766594915352476e-01 9.087017963420931377e-01 5.148855346273939482e-01 8.013746872950719968e-01 5.887586242672615544e-01 7.829011655077676712e-01 9.251733770655844458e-01 6.108555908886189600e-01 9.154946719316275905e-01 9.055526446602985002e-01 8.237028715860422734e-01 7.784902894833272136e-01 9.185582405647569892e-01
7.982648218069051671e-01 5.430955516116104942e-01 4.992672064201255089e-01 4.520148424077041760e-01 7.708451246292816750e-01 4.389286538905564639e-01 9.166958489346227479e-01 8.197188609116060620e-01 8.244250678327756932e-01 7.306207348520465938e-01 8.897975132223446826e-01 7.397292284324750167e-01 9.010792593906482573e-01 4.440522160106045724e-01 8.062471100727652829e-01 4.278621148409474384e-01 7.685204854767671012e-01 9.212889593238245967e-01 6.693384915009472635e-01 9.134877568100213674e-01 9.038977412951338941e-01 7.941708373638389773e-01 7.966923563447257939e-01 9.194888178913738219e-01
8.125913297613248654e-01 7.587276308620761744e-01 4.980311028677414931e-01 5.843614897375867256e-01 8.214376183640728080e-01 4.731586238743938910e-01 9.232673267326733102e-01 8.340827212556204406e-01 8.192316946026144686e-01 7.218008667883211160e-01 8.976672626720445525e-01 7.013103651354535284e-01 9.045017303866801361e-01 4.880899200230564006e-01 8.060912819617768177e-01 6.113415575786960154e-01 7.818836164756223228e-01 9.212233420569073683e-01 5.307724024189114376e-01 9.154546561497977075e-01 9.049881872852233444e-01 7.771549594069890876e-01 7.815104795410386940e-01 9.187503397293036445e-01
8.139018377956215300e-01 7.607530633321237801e-01 4.897863046550469113e-01 5.486487652634152168e-01 8.246905805701552072e-01 4.655956350409214961e-01 9.244106359649122417e-01 8.418487418362089469e-01 8.208639828808345085e-01 7.196400302351783074e-01 9.073902138214874347e-01 6.951933139749126855e-01 9.072716870095902664e-01 4.849982706940281219e-01 8.113581169437698026e-01 6.109858522344486786e-01 7.837202051979706985e-01 9.235662583518930990e-01 5.239038890265048654e-01 9.159532021370122568e-01 9.042761656779320090e-01 7.725250984877366500e-01 7.826627525470557512e-01 9.191739290035756405e-01
8.135891675268687173e-01 7.380805819809737045e-01 5.881408434693645715e-01 5.813228341930941623e-01 7.892217650808367457e-01 4.768323626088460943e-01 9.133037188141666096e-01 8.437086645967056819e-01 8.059804822196482421e-01 7.232604883890005887e-01 9.050716114301529114e-01 7.665943473671865682e-01 9.086631946805183713e-01 4.900495363170324081e-01 8.120603760523160686e-01 6.082698974303991646e-01 7.827995355817970458e-01 9.234374565380657485e-01 5.775624026027285085e-01 9.139646826577246808e-01 9.046934994495610116e-01 8.251527280387612739e-01 7.804360298336201485e-01 9.172669189761120112e-01
8.116158488458222742e-01 4.836677454153182065e-01 6.697673760070226301e-01 4.590660569252297263e-01 8.248603994815703055e-01 4.894890132072207134e-01 9.205445276060310045e-01 8.081181842300012574e-01 8.295710318139338790e-01 7.399572649572649929e-01 8.783551537676926868e-01 7.332627056296165957e-01 9.022612723062253259e-01 5.197208432261313238e-01 8.071317022384174589e-01 3.926558565280535151e-01 7.912877178070548689e-01 9.248142232099451077e-01 7.077288314428910043e-01 9.123213804259908688e-01 9.069626394953905768e-01 7.878997724671066294e-01 8.172805897516201012e-01 9.184569846271364302e-01
8.161531975216610446e-01 6.967878024264904102e-01 6.445754951021391843e-01 5.629120997514831526e-01 8.252202469674385643e-01 4.879944623105432200e-01 9.209291572032803908e-01 8.342025994310258152e-01 8.319246462826559441e-01 7.411085779424337883e-01 8.994547073225016565e-01 7.600510998208569458e-01 9.020511073253832945e-01 5.253322199346358579e-01 8.200395682552402699e-01 5.495218470967401236e-01 7.959111388172621648e-01 9.241965080071173899e-01 6.577948800171022903e-01 9.136781888340214097e-01 9.063341592157707627e-01 7.752564193251750835e-01 7.970926071499806476e-01 9.191259507190769895e-01
