6.477916472521273727e-02 1.565673662830061041e-02 1.223202669834266669e-02 8.702166897187644384e-03 8.031263530691772068e-02 9.258192708633301501e-03 4.569060483659444921e-02 3.002978045571022894e-02 4.087921389179109688e-02 1.249821861194242573e-02 2.676790068720904386e-02 1.696625762384636887e-02 3.519025626353864539e-02 8.350129570976101007e-03 6.660715857230861681e-02 8.553529277013635634e-02 1.333861969357990479e-02 2.741211304021462514e-02 2.481359412146098842e-02 3.251439228087245337e-02 3.861668369816597529e-02 2.398175483762644833e-02 9.435733407502694403e-02 3.614000352585400311e-02
6.394823586863630782e-02 1.799831791421362473e-02 1.216424560460543924e-02 1.073432544523054456e-02 8.016205087334794810e-02 9.185803757828809452e-03 4.589188338926174227e-02 2.783925613507607158e-02 3.969055720969800333e-02 1.218868946640626165e-02 2.682511793921115578e-02 1.786704814176860376e-02 3.613017188667708157e-02 8.421749708477895349e-03 6.651644548465004969e-02 1.060533357940389443e-01 1.323931297169477286e-02 2.740087860757382116e-02 2.348368509030618334e-02 3.238154495407880029e-02 3.866356784932224733e-02 2.401969699089294072e-02 9.360129360129360032e-02 3.654075438976804591e-02
5.600740271757658623e-02 2.129789245398431771e-02 1.029420116998920956e-02 1.019631496560538877e-02 7.223015012272389346e-02 8.853002667435657530e-03 3.937271497636297968e-02 2.847138271707866028e-02 4.041223404255318841e-02 1.172259380214201244e-02 2.690192610606018803e-02 1.450296518114027426e-02 3.800078687812885603e-02 8.553162078101601146e-03 5.969852493444843811e-02 1.145360760673668488e-01 1.343811951288586756e-02 2.711986982462484194e-02 1.912801586427233594e-02 3.247148597637699446e-02 3.752839496216245352e-02 2.268415060926761567e-02 9.062507205275414923e-02 3.529044347282948163e-02
5.572597756896029153e-02 1.552281811889998434e-02 1.030167153843970784e-02 8.489111165559287339e-03 6.909253003003003324e-02 8.377552197485291924e-03 3.674749051373826098e-02 2.774571297442387716e-02 3.750533504054631012e-02 1.194191498154560833e-02 2.591184144784322574e-02 1.387888322037137724e-02 3.368147996450269327e-02 8.397309404122315843e-03 5.848054568637888612e-02 8.301443336246119853e-02 1.314652424598733438e-02 2.681624822754191326e-02 2.483725453121201493e-02 3.183199405766763690e-02 3.688403261834916763e-02 2.199489932507643977e-02 8.786309703485267741e-02 3.456810269799825974e-02
5.475843651371692378e-02 1.935556052808234603e-02 1.000184693196186879e-02 9.594223328202989773e-03 6.874793991618401157e-02 8.592353382157890893e-03 3.623500875892737144e-02 2.646587185386599719e-02 3.964447514913178178e-02 1.192258874199575089e-02 2.615610540023828590e-02 1.385008968741729615e-02 3.551730242819594457e-02 8.353737577416102747e-03 5.749857676790178646e-02 1.124135160469579980e-01 1.334466638334041652e-02 2.722885869640796069e-02 2.076034596014889391e-02 3.258223328283921250e-02 3.662422523091816290e-02 2.224131616756345672e-02 8.864476456973088836e-02 3.486697285104763816e-02
5.476407360174895267e-02 1.519198428512881331e-02 1.049630501695011410e-02 9.488757260336995458e-03 6.957570647273067510e-02 8.321675296017998907e-03 3.671735301630836557e-02 2.777661868001947421e-02 3.883804640907460859e-02 1.221458909381146520e-02 2.613126726926868690e-02 1.358231797045146919e-02 3.423600584483865034e-02 8.581960603617095132e-03 5.987565993980362156e-02 7.957281313661336564e-02 1.311521846894695906e-02 2.695938712233916790e-02 2.520894755348786903e-02 3.203553203553203416e-02 3.651039214367390873e-02 2.168369144064811668e-02 8.774210019379620473e-02 3.491770078697348234e-02
5.480027358139646226e-02 1.598205721378999009e-02 1.045271458557894134e-02 1.028513969690440268e-02 7.117932785383893068e-02 8.737150189593275926e-03 3.779050275583687585e-02 2.776115664528338786e-02 3.864689404298819742e-02 1.220172762779028926e-02 2.652571412716249813e-02 1.524894897974131067e-02 3.442962720554146316e-02 8.324691784767830963e-03 5.803734449935486761e-02 9.399888254401166099e-02 1.322740082989902477e-02 2.738888039262029478e-02 2.494692862068499314e-02 3.240753248858509183e-02 3.660684277744168796e-02 2.166781646416151771e-02 8.753340090297613563e-02 3.493034318722391951e-02
5.210630856780765902e-02 1.714614984610627821e-02 9.409156160723169265e-03 1.033075663093767013e-02 6.494672572728360516e-02 8.265654977424520544e-03 3.318397827562796776e-02 2.699651567944250791e-02 3.911325607912810587e-02 1.225839557557443366e-02 2.614596777551105380e-02 1.263750847907511680e-02 3.408065618591934326e-02 8.380370925008638963e-03 5.459276412439929144e-02 9.417267217104949295e-02 1.344268797098985800e-02 2.675217717926602068e-02 2.309387155564018163e-02 3.174796253497141202e-02 3.629790893941837321e-02 2.133152748973631690e-02 8.735674719276537159e-02 3.474110736429892460e-02
5.391614933242622892e-02 1.361781972735930796e-02 1.017945368845476692e-02 7.777665545951717441e-03 6.528931521195820153e-02 8.378277045539757675e-03 3.403523966763201403e-02 2.652830662370810402e-02 3.657269238968237357e-02 1.215844463132688055e-02 2.579127578431645446e-02 1.253132832080200432e-02 3.313936016173537474e-02 8.053478555272219896e-03 5.690503871175204426e-02 5.711318795430944673e-02 1.339886407093182977e-02 2.664812239221140550e-02 2.602559630812159575e-02 3.166162815806521091e-02 3.594885598923284326e-02 2.115528458726731453e-02 8.500341473753621202e-02 3.423668800217894576e-02
5.166948947495765554e-02 7.686084142394821773e-03 1.097687067121793682e-02 7.081845904814210342e-03 6.516724336793540406e-02 8.238230583890003220e-03 3.488497386994235394e-02 2.571799561593342970e-02 3.711854071108518921e-02 1.251334614563314081e-02 2.414010507880910705e-02 1.237590901715516362e-02 3.254550912911765431e-02 8.205807408260512928e-03 5.378513174015816384e-02 1.484268987031881620e-02 1.285011971721235907e-02 2.668519805420430796e-02 3.149719922864002014e-02 3.163525147869201276e-02 3.597461566445250142e-02 2.108174467664780671e-02 7.908076643220955659e-02 3.409307778292756247e-02
5.196795289461618450e-02 7.342525944555256846e-03 1.089019174667912870e-02 6.965764930776805613e-03 6.623705894781323211e-02 8.379122860150852586e-03 3.514678157823861865e-02 2.503181417723643332e-02 3.772885529329220861e-02 1.246261216350947124e-02 2.346266984171452644e-02 1.252597297337125493e-02 3.268036311514572329e-02 8.290274759279781663e-03 5.376794111130259179e-02 1.320420056870970534e-02 1.314652424598733438e-02 2.693424874570900587e-02 3.186342000708076300e-02 3.179136244847374781e-02 3.597809560970358783e-02 2.076456481873324711e-02 7.861310946390226428e-02 3.391516439793429427e-02
5.487695239921844270e-02 1.344645658063596191e-02 9.725416702160887342e-03 8.859628903999078320e-03 6.617025274828525205e-02 8.219533649617142418e-03 3.570275505811450895e-02 2.479084473544307388e-02 3.925330087582356436e-02 1.215584563643618519e-02 2.534889551240981573e-02 1.354670745877888452e-02 3.470480580220972056e-02 8.280649202897507125e-03 5.608050821424621912e-02 7.207046493477534121e-02 1.329802299892369512e-02 2.665870193376305985e-02 2.538288529506265226e-02 3.148947652455477697e-02 3.609787612048776656e-02 2.023954125589672720e-02 8.552048855531210747e-02 3.373631759516419054e-02
5.288085821867525432e-02 6.297357436844631604e-03 8.885792683793735172e-03 7.299270072992700489e-03 6.050304298212248050e-02 7.891168239129806722e-03 3.167255451333901572e-02 2.263599853961299757e-02 3.976464755841411375e-02 1.275953404915838342e-02 2.274230547307091663e-02 1.231149858623939615e-02 3.130882253368542228e-02 7.920278793813542023e-03 4.992522860434899651e-02 3.680399700758790055e-02 1.335656213704994148e-02 2.586338471784767681e-02 3.472356186581272708e-02 3.118223084279575855e-02 3.445483622818737435e-02 2.008922268966880156e-02 7.335436684353936754e-02 3.204102564102564304e-02
4.759011745646010705e-02 1.574601730925007451e-02 8.031556612505874604e-03 9.024179620034543034e-03 6.102151507498406596e-02 7.791195948578106580e-03 3.166431210606390073e-02 2.448139749727051145e-02 3.796194536763634886e-02 1.219581694876617148e-02 2.539536440465232914e-02 1.219763707610264925e-02 3.688370342491531506e-02 7.839068534209464242e-03 4.833370116971971026e-02 9.653659149565503583e-02 1.355562480523527652e-02 2.660461239233120195e-02 2.380278081212660810e-02 3.150806930425865265e-02 3.432466589582941485e-02 2.082040286633188644e-02 8.252785531384806972e-02 3.284606896175905344e-02
5.339840666044642220e-02 1.309987401214064880e-02 8.302596163431550172e-03 8.148607525563551432e-03 5.568647666740309671e-02 7.796595486637501911e-03 2.767406105864265303e-02 2.632717125915591191e-02 3.724037571107289418e-02 1.226548143083037654e-02 2.487443864631570106e-02 1.243032823144298027e-02 3.224355742106051886e-02 7.823756555818107972e-03 5.409053538340716227e-02 6.518130596404274335e-02 1.343080584835090047e-02 2.616687290574642305e-02 2.754372866894197816e-02 3.132247451593764970e-02 3.507210014433518458e-02 1.941651464370059213e-02 7.999337528983106738e-02 3.274304892357226410e-02
5.389357754234751913e-02 1.314000257647109267e-02 8.320155005627502889e-03 8.661315194050930866e-03 5.494024001363160409e-02 7.780696942575857783e-03 2.773968845985081214e-02 2.401973149471678046e-02 3.632478632478632757e-02 1.212665298677610519e-02 2.479304172726255751e-02 1.249631594459180671e-02 3.255002453519437178e-02 8.111690631933838116e-03 5.605312488513703589e-02 6.464452535090903229e-02 1.306263547879801118e-02 2.631432622536072560e-02 2.625123323467455985e-02 3.145943176148545406e-02 3.497445988382279908e-02 1.938176416495720339e-02 7.912400118378218328e-02 3.252609318507401759e-02
5.132915496001728972e-02 1.517467867051695840e-02 1.084567944991847964e-02 9.782202146330236381e-03 7.131199722206146840e-02 8.461505196546207502e-03 3.827680781323165166e-02 2.681346247648247472e-02 3.893176333306812981e-02 1.190204686698215393e-02 2.606279522089469461e-02 1.432303131695576888e-02 3.424106473211242091e-02 8.165792960423986710e-03 5.381341901620043805e-02 7.991134642615280170e-02 1.325647598680017476e-02 2.663384375738863177e-02 2.494802494802494941e-02 3.181762934352505567e-02 3.611965559391244751e-02 2.155639722343466111e-02 8.640238065029584580e-02 3.466463663304423376e-02
5.208495177540605620e-02 1.388710849036448383e-02 1.092501275293317545e-02 9.458272749521327155e-03 7.102704695203428120e-02 8.621932581677671861e-03 3.840500307346927933e-02 2.643325428930115920e-02 3.938048419494661473e-02 1.250623174987536453e-02 2.609821279438783934e-02 1.507920241267238573e-02 3.335832594915138366e-02 8.295169791756675653e-03 5.535987562853741939e-02 6.412859946150686885e-02 1.346739361325497396e-02 2.671039648679072315e-02 2.749444489063796598e-02 3.175673852629307126e-02 3.636119322762697975e-02 2.134970707525912434e-02 8.522971481675088723e-02 3.440251486738429149e-02
5.386043058648849052e-02 1.922566402593229098e-02 1.218683651804670920e-02 9.893586425079091071e-03 7.368290117942397077e-02 9.337579434269492260e-03 4.262203774185420457e-02 2.824151363383416852e-02 4.067936263239730482e-02 1.258031885338158420e-02 2.699191486421118058e-02 1.508187091563257219e-02 3.622558474369074605e-02 8.895798246750442895e-03 6.188433626773735124e-02 9.870055417542518417e-02 1.365593834995466882e-02 2.748696558915536894e-02 2.173051970224680607e-02 3.218306908343808448e-02 3.842537874717954355e-02 2.195499296765119485e-02 9.148665819567979030e-02 3.616435383008451132e-02
4.649975057605054696e-02 1.917236939698000256e-02 8.476504721811354767e-03 9.641497233996695893e-03 7.014806338638648886e-02 8.333934107129983143e-03 3.723639878115897472e-02 2.668707388340058398e-02 3.731502466337821566e-02 1.167681318524643914e-02 2.671296360341416862e-02 1.549970164893539615e-02 3.628200954861111188e-02 7.559939520483836481e-03 4.888717044054034788e-02 1.208110608552631637e-01 1.360785035612636397e-02 2.660883346540434541e-02 2.026971578630631585e-02 3.111050994183687385e-02 3.529269570122074012e-02 2.264023902705887201e-02 8.459369685070827760e-02 3.434420220997475015e-02
5.952309375789131829e-02 1.622703754352821867e-02 1.006130442186524421e-02 9.595741619910804626e-03 6.584135277974186018e-02 8.503523917962612852e-03 3.615304564068602677e-02 2.710008220590489139e-02 3.922349163382561621e-02 1.178835134133477715e-02 2.597961620705934588e-02 1.600760178349535864e-02 3.411790404936788229e-02 8.138513172867780851e-03 6.353729682130059009e-02 9.385037940505562559e-02 1.306041504355832591e-02 2.656665321402229551e-02 2.482533075665229599e-02 3.165164272296028258e-02 3.746946157895447022e-02 2.197214045268243085e-02 8.879546615877735583e-02 3.454946731696684203e-02
5.694834278889220752e-02 1.889832170575215034e-02 1.223907175261811607e-02 1.057328130379892039e-02 7.434697543506367523e-02 9.465222151789316057e-03 4.222755666370472255e-02 2.855871638719724090e-02 3.960856171659230679e-02 1.204338468993629112e-02 2.699111369487584150e-02 1.885010028195215417e-02 3.596320802141217410e-02 8.519579201865096901e-03 5.956630484932371600e-02 1.186371739619571791e-01 1.391937242463289932e-02 2.755544438886109795e-02 2.124000109203090514e-02 3.196624883371871478e-02 3.773762469414643217e-02 2.243639275629047761e-02 9.021550146412884996e-02 3.559448631764786097e-02
5.661031124917856316e-02 1.879783565561131409e-02 1.175605132485464145e-02 1.063219215427439919e-02 7.426651067831990805e-02 9.492531293663482653e-03 4.137995164589920033e-02 2.898953155804848136e-02 4.113915686533632654e-02 1.206038747202303751e-02 2.688372994448828129e-02 1.851474780382802998e-02 3.588607766937522425e-02 8.777357295998388514e-03 5.917713064386855709e-02 1.187857723366360641e-01 1.377933241754351196e-02 2.733728961961280277e-02 2.197322269383521556e-02 3.206307134743333065e-02 3.764459312401757102e-02 2.280418451168995247e-02 8.906650787834372029e-02 3.604398588107521340e-02
5.707386935268148054e-02 1.107803286196828302e-02 7.783263848375759734e-03 7.349013153145348559e-03 7.137035611600371643e-02 7.302008773955206804e-03 3.441262828973951776e-02 2.401978593186708880e-02 3.925081004188508971e-02 1.158268154036842280e-02 2.483986659037943495e-02 1.442946648946269277e-02 3.275982044180049402e-02 6.699902022938158952e-03 5.538925798836728115e-02 5.606632931841398770e-02 1.236351276713259888e-02 2.609336336085856314e-02 2.861723128287338089e-02 3.122215922896250107e-02 3.459144803905789267e-02 2.257083175617894191e-02 8.345241162828831438e-02 3.324043232954931870e-02
5.415245981490501848e-02 2.038193425813391441e-02 8.003994863746611080e-03 1.055685621130948021e-02 6.237560463685600659e-02 8.124567074578618528e-03 3.085170395492587911e-02 2.629374144720306172e-02 3.761328093672307304e-02 1.233177463503649582e-02 2.664005433351352217e-02 1.348645465253239112e-02 3.609286862686322817e-02 8.271489300381872078e-03 5.519055514692132458e-02 1.141697642263283657e-01 1.363050285503776028e-02 2.718692577537724919e-02 1.942001099505222608e-02 3.230825429897311862e-02 3.597508591065291805e-02 2.075538298623367389e-02 8.818220490003333967e-02 3.462521063216828648e-02
5.405999072559978386e-02 2.036173835375554644e-02 7.708449316945741384e-03 9.650649369327905791e-03 6.185966526993968984e-02 7.809004171538272768e-03 3.020833333333333356e-02 2.786481179763546090e-02 3.768891266550755681e-02 1.233652323972788366e-02 2.706373072072945987e-02 1.307430390755125876e-02 3.620858761987794106e-02 8.286257781876874007e-03 5.627996761940345233e-02 1.136132944082640928e-01 1.340588952186605454e-02 2.726893095768374159e-02 1.933503977100707247e-02 3.217691215256644061e-02 3.601052264247174561e-02 2.096835684330918687e-02 8.828642145858515977e-02 3.450573056163582647e-02
5.700406824943833606e-02 1.885842193620593243e-02 9.548709787427531875e-03 1.020217550615722807e-02 6.973402097699483992e-02 8.448186379101550389e-03 3.843624602418369701e-02 2.729006836440595399e-02 3.846307464951870952e-02 1.207429899214529020e-02 2.683179962637514612e-02 1.495250381142254094e-02 3.636066955847758186e-02 7.992051149127354578e-03 6.021534619806410971e-02 1.123887638040098613e-01 1.332370515107750633e-02 2.664738115768685092e-02 2.118817836345244371e-02 3.243732929500527107e-02 3.714792041457454924e-02 2.265290358823116371e-02 9.039586919104991569e-02 3.492993665133818648e-02
5.286996223574125936e-02 1.003955411722401957e-02 1.186481473615653634e-02 8.424818592305139547e-03 6.060055476822074488e-02 8.939385200991982819e-03 3.317876125393209863e-02 2.697683510898250467e-02 4.102773353691443331e-02 1.297720797720797702e-02 2.555575738098897487e-02 1.443453694711750723e-02 3.400081732733960249e-02 9.324411828189077545e-03 5.542748072680399318e-02 3.115131973405460206e-02 1.430797563394248413e-02 2.771025765678172131e-02 3.071748878923766940e-02 3.190887031544890895e-02 3.679443635775513782e-02 2.047796040079707253e-02 7.936832975981113203e-02 3.513797383748687442e-02
5.597037725011914933e-02 1.592649744468196613e-02 1.111410385449596722e-02 1.045781678709436537e-02 6.019073932695919588e-02 8.739166173946901622e-03 3.296658461287383518e-02 2.825347241590896522e-02 4.059138360447247379e-02 1.290966087204331765e-02 2.706988649009570494e-02 1.519779154797215939e-02 3.456218057921635334e-02 9.156744460601523583e-03 5.744909969697728491e-02 8.016061710783536909e-02 1.446544444759286993e-02 2.789979982206405862e-02 2.650847095291539862e-02 3.248873418063088353e-02 3.767639771625552053e-02 1.989106599702907333e-02 8.656474756837301276e-02 3.585180347497176484e-02
