4.165591751254967279e-01 3.567906362219199767e-01 3.996185622206041566e-01 4.368296730115547311e-01 3.079143898304894655e-01 5.156331265773967942e-01 3.949243972382495693e-01 5.371268934909232406e-01 3.395399376402842839e-01 3.702217127068048175e-01 4.579904866877564928e-01 4.843091776489531486e-01 4.627861658012630275e-01 3.940165608517974261e-01 4.624735733124822334e-01 2.092966346832862146e-01 3.283492811706715808e-01 4.835954655695814397e-01 2.400863859951062884e-01 3.746448121900663453e-01 3.944500608723590096e-01 4.871407923624049841e-01 4.076297565681407109e-01 4.775115686477546251e-01
4.168896508126391232e-01 3.654522644602415382e-01 3.883301021641465955e-01 4.640489078182164495e-01 3.020961965275942851e-01 5.118414829132250654e-01 3.896860810863125302e-01 5.324729025998332643e-01 3.551557940081016551e-01 3.511743798942678629e-01 4.473553900027717467e-01 4.834949080091193174e-01 4.603344828623264218e-01 3.864762957496550855e-01 4.455214330887990459e-01 2.358103465255941278e-01 3.268133742563227306e-01 4.960572005775536475e-01 2.390378208566204532e-01 3.854555865524051939e-01 3.805695452550481583e-01 4.803388077011639945e-01 4.054219742783550240e-01 4.703291811580870285e-01
3.729989959646022313e-01 3.640925235313541841e-01 4.029820530022570901e-01 4.592175832678272451e-01 3.172374766930916579e-01 5.059592857028490931e-01 4.201524793780581635e-01 5.250672965423676120e-01 3.525941092519134790e-01 3.748638127292745481e-01 4.271482018507073986e-01 4.429284654356854811e-01 4.917446873382057548e-01 3.557907554433746844e-01 4.224007835475775408e-01 2.426254830879091828e-01 3.425006309908848467e-01 4.880205217514840266e-01 2.513964698306329626e-01 3.966933104014871425e-01 3.734217299867431672e-01 5.112716483918950949e-01 4.028002100610666991e-01 4.765950322757728230e-01
3.514152885467995979e-01 3.612665751059973562e-01 3.945665093927614997e-01 4.481370761791366175e-01 3.404740248166211458e-01 5.195124359138859615e-01 3.942584219164768089e-01 5.213607689085624219e-01 3.565919151210591442e-01 3.315514760453490140e-01 4.537907922899211965e-01 4.608900866277228503e-01 4.382452782952644399e-01 3.683286228754919511e-01 4.105240363546079907e-01 2.050985393681973024e-01 3.270805987548477956e-01 4.710478528471372939e-01 2.435607190654170695e-01 3.841849203978726646e-01 3.798373488266075237e-01 5.387754918166056672e-01 3.906940409458458663e-01 4.446460301477633825e-01
3.396467304529637299e-01 3.455199391217226301e-01 3.676809014045435697e-01 4.510185732594172436e-01 3.372630492109434108e-01 4.330669342595360183e-01 3.927169354142944213e-01 5.253967924599132200e-01 3.874668027141330295e-01 3.314747588132874734e-01 4.496422481282689732e-01 4.591819798940598440e-01 4.352012439371535923e-01 3.649589650876333691e-01 4.118688093312816711e-01 2.366814340612249101e-01 3.448266005338939677e-01 4.800682429259290895e-01 2.584473665130430642e-01 4.133133265383104882e-01 3.766904432337112030e-01 5.198506457828464544e-01 3.832204091742678620e-01 4.632306418043998231e-01
3.501209869903553207e-01 3.722379965807635638e-01 3.481402938043078321e-01 4.042881721836480424e-01 3.479802474338839491e-01 3.893319521004681705e-01 3.920152806756743713e-01 5.374487035449483363e-01 3.639067867874777318e-01 3.335833917603366894e-01 4.424562452351227804e-01 4.731976041411409817e-01 4.686001692034166277e-01 3.476475457711428185e-01 4.301453829505375581e-01 2.136678441859393984e-01 3.464289311818358752e-01 4.807202865007517700e-01 2.618827837498158284e-01 3.831270247047244282e-01 3.773278381336573339e-01 5.249728593726181725e-01 3.951325202410553850e-01 4.648954268229915088e-01
3.230877888419563249e-01 3.334598659698997380e-01 3.538558734113281812e-01 4.389344827078119904e-01 3.384562732158763465e-01 5.242059422106113420e-01 4.022007089556137172e-01 5.253616962033547111e-01 3.751956500734143218e-01 3.738507011501536192e-01 4.462954109209373299e-01 4.444848691549708186e-01 4.534064361771987794e-01 3.756171918938907561e-01 3.651389851800714292e-01 2.149426211854383040e-01 3.405829434533013123e-01 4.548999424037805661e-01 2.403220807188690689e-01 3.694998537837142494e-01 3.586891363976853486e-01 5.069523005927067949e-01 3.838461781761556835e-01 4.536751462553098579e-01
3.232512102316526525e-01 3.284358195910215827e-01 3.726932959687730418e-01 4.410080471005173863e-01 3.518367926550727831e-01 4.719059180324178260e-01 3.988540200962476523e-01 5.397566937349849159e-01 3.845995345278269695e-01 3.487526061754852025e-01 4.584695157614502858e-01 4.807379331632493091e-01 4.668693822173294317e-01 3.590305572523892486e-01 4.134086487869165216e-01 2.159927867369034471e-01 3.281932092283234570e-01 4.825139616548819732e-01 2.662227389372083253e-01 3.782154025540021003e-01 3.866009223553233398e-01 5.148109202042907562e-01 3.789391402014914978e-01 4.619992477163048505e-01
3.322849512515804182e-01 3.583427345172529033e-01 3.857880129125903501e-01 4.993743417677852237e-01 3.379195879947589631e-01 4.740626561621905100e-01 3.855800462517195992e-01 5.333891443561897816e-01 3.815262489759714826e-01 3.532001707918945299e-01 4.488966991253013350e-01 4.884616777445565106e-01 4.535919920424180130e-01 3.528192054993670168e-01 4.087071674875311644e-01 2.486574627450843233e-01 3.317314947110386880e-01 4.805221155478582862e-01 2.389289519110378013e-01 3.744222670891658722e-01 3.788213545673154714e-01 5.166584864184694537e-01 4.064603614947518428e-01 4.423283812220049627e-01
3.188494523277685677e-01 4.729487066141565554e-01 3.880259338214340770e-01 5.066165215735264349e-01 3.265803680626756522e-01 4.353218543674913232e-01 3.728358490567950656e-01 5.031632777910630683e-01 3.015941077589677222e-01 3.137101072318362882e-01 4.818418473774473409e-01 4.873830989033501315e-01 4.566021600658457524e-01 3.367271628553202278e-01 4.001681978191959921e-01 2.308904316478873342e-01 3.342367446446888324e-01 4.860752558191086536e-01 2.521937953092425189e-01 3.656307541467360145e-01 3.664886211345587119e-01 5.300636431629823786e-01 4.334903613342098172e-01 4.720817592698745568e-01
3.129755001315140950e-01 4.249915438548599877e-01 3.662251573981166741e-01 4.305295073565184039e-01 3.315963199269004735e-01 5.048601697132358845e-01 3.830320472033366119e-01 5.393426755504294734e-01 3.875594034698502388e-01 3.753073131730687018e-01 5.051674940626657007e-01 5.075796641166751000e-01 4.619475227323273092e-01 3.494143413972978229e-01 4.006027871673550900e-01 2.946750279643262638e-01 3.219602090458791310e-01 4.882561099925048498e-01 2.413206258896020417e-01 3.486896903922075963e-01 3.533785022342574855e-01 5.141567986783822652e-01 4.313929626366594938e-01 4.850351715359399463e-01
2.910375935743635956e-01 4.112846445925515959e-01 3.306966667113966918e-01 4.612887541586589424e-01 3.285629463733645284e-01 3.968852610703450523e-01 3.904424493569016996e-01 4.812226101547358859e-01 3.535609920345868518e-01 3.600398756476417828e-01 4.618838829981067318e-01 4.562441479970035796e-01 4.349705511187145768e-01 3.496234828670766737e-01 3.550692789162813723e-01 2.688292600305611790e-01 3.407459221500682145e-01 4.740198404083676986e-01 2.420934358169362088e-01 3.579406229614133239e-01 3.712381891864993677e-01 5.156185746991174268e-01 3.913287246364861582e-01 4.226551977165572405e-01
2.551462830585772279e-01 6.014711708126030398e-01 3.314992336579808963e-01 5.017245534672135632e-01 3.163130268026693726e-01 4.998571211151741633e-01 3.586641400281536662e-01 4.912979080052267133e-01 3.875488605322710556e-01 3.756453213344705944e-01 4.903561893637918279e-01 4.545391280302052417e-01 4.111278343684463543e-01 3.514701273692061867e-01 3.031950842577253447e-01 3.438308789138328492e-01 3.353005103855986047e-01 4.482820198849987170e-01 2.178166722820845391e-01 3.459043661146140591e-01 3.628488672169394302e-01 4.744019210100619555e-01 3.734571499517730930e-01 4.465180553720003997e-01
2.432778610247238738e-01 4.468674670385817116e-01 3.256414839872158740e-01 4.097018751718533580e-01 3.314740703490586249e-01 4.470319517200785908e-01 3.604762695290594787e-01 4.990067459993818288e-01 3.564293420323082495e-01 3.208169005541822716e-01 4.437738121306136208e-01 4.458771355716301676e-01 4.246465492326192970e-01 3.464615379752175595e-01 2.993701417995774383e-01 2.204137905604273140e-01 3.155829588590189916e-01 4.802372404830808628e-01 2.450972386644222067e-01 3.633624339421813176e-01 3.622783074785521640e-01 5.318349262862261950e-01 3.823169597996448621e-01 4.310090537036960212e-01
2.962125025749574037e-01 5.295848054979874764e-01 3.579244614034297611e-01 5.083483355944283799e-01 3.621811898365990823e-01 5.678616676784881134e-01 3.822760072911955964e-01 5.554720749369298494e-01 3.650834441627627269e-01 3.405514097355314962e-01 4.765434836891287995e-01 4.986576367301752133e-01 4.420356574876727618e-01 3.185915679245620580e-01 3.546408937302589770e-01 2.442169322486420213e-01 3.466523615307228745e-01 4.664708593905130263e-01 2.549876858059200169e-01 3.854566168162072981e-01 3.767194507848490859e-01 4.881091947691123534e-01 3.953255680784820703e-01 4.392271110249371668e-01
2.988800296932238032e-01 4.962747250188631054e-01 3.282013125690051991e-01 4.405619826464959865e-01 3.622141386102345484e-01 4.177954640018782251e-01 3.866923356158101233e-01 5.246862063792923081e-01 3.401022546606682351e-01 3.287817396054261709e-01 4.774737519162556287e-01 4.899305958323490473e-01 4.566984699368015210e-01 3.193890668004136790e-01 3.471616685756579446e-01 2.497027604642176324e-01 3.300445528862863687e-01 4.772029267713481238e-01 2.231470755123765026e-01 3.886011476399132691e-01 3.610962853124544125e-01 5.107781855194286624e-01 4.043836904655593312e-01 4.576582279925883179e-01
3.034774498797299658e-01 3.854059218597304937e-01 3.728849816726667599e-01 4.391759351183749938e-01 3.321279212674364545e-01 4.309991575853406309e-01 3.789337616378830598e-01 5.161438974554301007e-01 3.635298729105204685e-01 3.307793294091853076e-01 4.476125497130113984e-01 4.576256709629195618e-01 4.642669700491663942e-01 3.737000105209757894e-01 3.404847321911650959e-01 2.148175879073568051e-01 3.389594161765982494e-01 4.868254516449643798e-01 2.690087513993466573e-01 3.719178241303947030e-01 3.738812975133974370e-01 5.145088574930187786e-01 3.771633885219590199e-01 4.500796745747241978e-01
2.932384400331469188e-01 4.226261999191587848e-01 3.746966258837242103e-01 3.992180894972058858e-01 3.140720139649565978e-01 4.827368085025006694e-01 3.832748796782142753e-01 5.282200043008596912e-01 3.287294976367486354e-01 3.598312281304529292e-01 4.759945307448994467e-01 4.269223514712648382e-01 4.335660246767311654e-01 3.548285182313182795e-01 3.331836661082854256e-01 2.349406179588143240e-01 3.328882914401968818e-01 4.750217552081071326e-01 2.412474310463274263e-01 3.695642419654624478e-01 3.702661258876419059e-01 5.033450945607664817e-01 3.954634627954505821e-01 4.751427239716257689e-01
3.864986712571136240e-01 3.711609702333580896e-01 4.132527719026618529e-01 4.173776526000181342e-01 3.059159376527244012e-01 4.768304563182731437e-01 4.212668879617967321e-01 5.614147910859991208e-01 3.567938163410842578e-01 3.401859587772576576e-01 4.597554204092420549e-01 5.058209237260345992e-01 4.712633218632523158e-01 4.135179252449966980e-01 4.486810713759397662e-01 2.324091708669528134e-01 3.524466384809855080e-01 5.028812806912096312e-01 2.568246279968827706e-01 3.813164425763748144e-01 3.885668666449154651e-01 5.400239022288882973e-01 3.972911104395512316e-01 4.891802994516021852e-01
2.559211220234511863e-01 3.340141561355235433e-01 3.474560202681765131e-01 4.368717227187891017e-01 3.211051629699396281e-01 4.158933472715272139e-01 4.109066433927903161e-01 4.948825867367168119e-01 3.034445466191782459e-01 3.591527872003459354e-01 4.317964118823505171e-01 3.771963573468537501e-01 4.603661089994899869e-01 3.353232512160860268e-01 2.804890444827179974e-01 2.444765300244138850e-01 3.400198747692645407e-01 4.900211623081048851e-01 2.251519490925458222e-01 3.731546389967144717e-01 3.471792612115968679e-01 4.987489769192294808e-01 3.588401221723998558e-01 4.386609576739276539e-01
3.611359916472667297e-01 3.566702922696411426e-01 3.870536711638475347e-01 3.979300055997443963e-01 3.779112010584314008e-01 4.453894899808835683e-01 4.304967738089102158e-01 5.512163743213553957e-01 3.376668762115053180e-01 3.808350493306659756e-01 4.846264539477720401e-01 4.536901236018500150e-01 4.634761821446414798e-01 3.556050335589026612e-01 4.020016071360730803e-01 2.132663464193674530e-01 3.354395933478664382e-01 4.919664806525840817e-01 2.513886887329085940e-01 3.982730422577730467e-01 3.996618536091239848e-01 5.646260311107665908e-01 3.944927463791650935e-01 4.974080457219381413e-01
3.280561190935420979e-01 3.586212142123223479e-01 3.441091256705645085e-01 4.201192408988853599e-01 3.262923169937729795e-01 4.786500293451463883e-01 4.153559352115537284e-01 5.424430714330334968e-01 3.309229022304070456e-01 3.565573912999953632e-01 4.620755999904195277e-01 4.473344027365576125e-01 4.828762114011085349e-01 4.070859479230648503e-01 3.637446226773665692e-01 2.448713287516463000e-01 3.763050756937366126e-01 5.302374392092307209e-01 2.447762803910851492e-01 3.952798384782393315e-01 3.717191679157255124e-01 5.395404158631724734e-01 3.870436712092621967e-01 4.838563251386186481e-01
3.308777472783897000e-01 3.769688050267043788e-01 3.885218085664262078e-01 4.266372925841740438e-01 3.307171932616347343e-01 4.572337907668630463e-01 4.192940969668017548e-01 5.654232824875733421e-01 3.536954487280505322e-01 3.568925949759181870e-01 4.699732540864865471e-01 4.653530671156481668e-01 4.586132374687574842e-01 3.960041934220803195e-01 3.712956961044707183e-01 2.445952921750775833e-01 3.514724043969758571e-01 4.837596890372107827e-01 2.462672575929222563e-01 3.949933665638244440e-01 3.930686129371744886e-01 5.330123690834477346e-01 3.805951167344467367e-01 4.879283547029659718e-01
2.824314098964335051e-01 4.131149080783112493e-01 2.812137970608730719e-01 4.268696142671755123e-01 3.017686242038942757e-01 3.687087410958191924e-01 3.793770785249291899e-01 4.787824116993508738e-01 3.380445947031102127e-01 3.019304152932725249e-01 4.499150410783839260e-01 3.723347932323943232e-01 4.562970533535857798e-01 3.036762134190174600e-01 3.127171873172940875e-01 2.454551747889106295e-01 2.844692781052448050e-01 4.837184471670441521e-01 2.327422520124518002e-01 3.806079355007670473e-01 3.516999748075541610e-01 4.807915567351995767e-01 3.815391578226356439e-01 4.147787633646022321e-01
3.564912742490564113e-01 3.884618615069888592e-01 3.927689025530871625e-01 5.288191335486231992e-01 3.764515500083135402e-01 4.648734894234617943e-01 4.341842086446928151e-01 5.466042704627984694e-01 3.885195088011547671e-01 3.688527531657907477e-01 4.639357285775024264e-01 5.092601486096793861e-01 4.702698117587099103e-01 4.038709190764489532e-01 4.358513619571294240e-01 2.437012591929068606e-01 3.529742341404110140e-01 4.838691662079794842e-01 2.521037973993198733e-01 3.957208070992723203e-01 3.532389684954042042e-01 5.249953755345757589e-01 3.810777414074497105e-01 4.851719038495880820e-01
3.618258523018411665e-01 3.544085712806626098e-01 3.951287833561565321e-01 4.219235679883985846e-01 3.784984785224113080e-01 4.381308987029173263e-01 4.225501250791467434e-01 5.379458217283129562e-01 3.836784509603415882e-01 3.488602448002455780e-01 4.557424050300169505e-01 5.116949123840210945e-01 4.763287058929799866e-01 3.797769272547576458e-01 4.460840711188741037e-01 2.432590126557089560e-01 3.158229815162365006e-01 4.826166587917265494e-01 2.508238131958078765e-01 4.052778553739002088e-01 3.567559466279195957e-01 5.334910176489014999e-01 3.876492059063565976e-01 4.669208202542329267e-01
3.726080109094276338e-01 3.431571520990780999e-01 3.733288202398494238e-01 4.691405759897310790e-01 3.227768887846825807e-01 4.703204417315518526e-01 4.239283680088875017e-01 5.349279241661051287e-01 3.827182082213997916e-01 3.259306018995989374e-01 4.589622490517931697e-01 4.604783489904978322e-01 4.750746456593730183e-01 3.587736650182985487e-01 4.047380545806071872e-01 2.392477644300491091e-01 3.250610574447904688e-01 4.507642234065776798e-01 2.494266293015530989e-01 3.928560728639647892e-01 3.709609890654650965e-01 5.154147767426617843e-01 3.873618264358529295e-01 4.657739189079471709e-01
3.368976348864432535e-01 4.988874163976994014e-01 4.042691480106264668e-01 4.761898459869585154e-01 3.777281501692129617e-01 5.385851591561632290e-01 4.202253020335954825e-01 5.633888691176587304e-01 3.635317962113365775e-01 3.901931035372078194e-01 5.073182201197558028e-01 5.583762784383304867e-01 4.742410948444436558e-01 3.559017956076551692e-01 3.937184592376002934e-01 3.915946084822630735e-01 3.870255431369549748e-01 4.810549622833863448e-01 2.346708195435302235e-01 4.098369131851065106e-01 3.750765823453341419e-01 5.395295925873174747e-01 4.249289676482067568e-01 5.171294523172929036e-01
3.728039463695003719e-01 4.081985522915637099e-01 3.985939446553889431e-01 4.529934387542036700e-01 3.780189294748402262e-01 5.318797681356277618e-01 4.249992143063653915e-01 6.110494870885880836e-01 4.231005023533371823e-01 3.749291494857341922e-01 5.171273447982448479e-01 5.387117892145365516e-01 4.703133101006952144e-01 4.008776724814370751e-01 4.400821054685604139e-01 2.613493164370341293e-01 3.901807343332415745e-01 5.315528956445605413e-01 2.479771133815655004e-01 4.018318867300509356e-01 3.914255404442169017e-01 5.658381403812611232e-01 4.110536871502651346e-01 5.053844702477914286e-01
