9.655172413793103869e-01
9.655172413793103869e-01
1.000000000000000000e+00
1.000000000000000000e+00
1.000000000000000000e+00
1.000000000000000000e+00
9.655172413793103869e-01
1.000000000000000000e+00
2.758620689655172376e-01
9.655172413793103869e-01
1.000000000000000000e+00
1.000000000000000000e+00
1.000000000000000000e+00
2.413793103448276245e-01
1.000000000000000000e+00
1.379310344827586743e-01
3.448275862068965747e-01
1.000000000000000000e+00
0.000000000000000000e+00
1.000000000000000000e+00
3.103448275862068506e-01
1.000000000000000000e+00
1.000000000000000000e+00
1.000000000000000000e+00
