4.257016443146824924e-01 3.820886138384417263e-01 3.955823049034069561e-01 5.187730389801490372e-01 3.287362770373834508e-01 4.746480682758917879e-01 4.034217847567133086e-01 5.591076846207998496e-01 3.262237841779796477e-01 4.434467381189685642e-01 4.388777139548576400e-01 5.081316868738821046e-01 4.595244490234053902e-01 4.211994955467347479e-01 5.095472938788196959e-01 2.202346519128628166e-01 3.584841515338936802e-01 4.860719448513731167e-01 2.520664764261744129e-01 4.115098333869132152e-01 4.104932879955634495e-01 5.156742172286294945e-01 4.096405920162950465e-01 4.703822148697596184e-01
4.046882079436416868e-01 3.712044677881988219e-01 4.052839560542553232e-01 4.601047313764440871e-01 3.225405772216737854e-01 5.364679771049317702e-01 4.065658289357922395e-01 5.339557542107629118e-01 4.272199502279419026e-01 4.324706018715431255e-01 4.250624486421587522e-01 4.831267540490967738e-01 4.407911635507619219e-01 3.645174068060966777e-01 4.442137636847708904e-01 2.457608026064504736e-01 3.197192507960014973e-01 4.892104294142964327e-01 2.578136117816106632e-01 4.224075004899025543e-01 4.022683503563850849e-01 5.077957621282983558e-01 4.074488648010944347e-01 4.492592940446973326e-01
3.618759204746965219e-01 3.892137090197875238e-01 3.839441283707067387e-01 4.769078988200496916e-01 3.390596400621946893e-01 4.856225983510026878e-01 4.275186934566684860e-01 5.777819754296248389e-01 3.561191724390266322e-01 4.207129709906228254e-01 4.284945232030069051e-01 5.014428641743646775e-01 4.770467011791246770e-01 3.436656562347538690e-01 4.126731315894218155e-01 2.579239816580036759e-01 3.443105068539461522e-01 4.923278194091804116e-01 2.594515468983318307e-01 4.596180254669947618e-01 3.872678465078931431e-01 5.327065886357253977e-01 3.991631176069739828e-01 4.535280549200216282e-01
3.520297385691248393e-01 4.022347739341798900e-01 3.827740332111627120e-01 4.827595861463813143e-01 3.513772033416108220e-01 5.152098793770761853e-01 3.963445929155333114e-01 5.475334320838124436e-01 4.251882632538830364e-01 4.226941805176979150e-01 4.293954678322836060e-01 4.911918730106964448e-01 4.480459599718022989e-01 3.713938230591797285e-01 4.302395935480662348e-01 2.096545850022241975e-01 3.555807725720647183e-01 4.723039331381739259e-01 2.542036171305540049e-01 3.973149364920475213e-01 3.942661301479621905e-01 5.582201167659545105e-01 3.858986875391214877e-01 4.422090139302097822e-01
3.541208609311867206e-01 4.206249851610055490e-01 3.943128120953828808e-01 4.840236008949050928e-01 3.597773913865109363e-01 5.664927365772396417e-01 4.022246343706424865e-01 5.470198083180156656e-01 4.653046661369012460e-01 4.417044931875421798e-01 4.248832119294160270e-01 4.965823403987824625e-01 4.592360670334861839e-01 3.406171365941149665e-01 4.149745151954995492e-01 2.507334916601876573e-01 3.618122479908785216e-01 4.743291993776994064e-01 2.539402458553720598e-01 4.190985399591113381e-01 3.847284349573981133e-01 5.545945007289946327e-01 3.825959979920756093e-01 4.474904161084599097e-01
3.502338819253201230e-01 3.986820645600873125e-01 3.777928563964067510e-01 4.707511659320604558e-01 3.661313945895492417e-01 4.845535731416591996e-01 3.996579271476338735e-01 5.708977981898888387e-01 4.351788642373157212e-01 3.997585887730318310e-01 4.445113432960642874e-01 5.013081411406227206e-01 4.752987880970013790e-01 3.304317584479244396e-01 4.189000524449613128e-01 2.174397811760500621e-01 3.396212439761799318e-01 4.624345797283044845e-01 2.488742714046601467e-01 4.052606372921092048e-01 4.001271666571725172e-01 5.515723786788165883e-01 3.900660259443750055e-01 4.781305687905174628e-01
3.303268638212231711e-01 3.844145132517924890e-01 3.976839358263855040e-01 5.235130703122442553e-01 3.458357281229089697e-01 5.481517094433463466e-01 4.099792704210436511e-01 5.511978946730167195e-01 4.313090897850134220e-01 4.126143526587308097e-01 4.581318768295200572e-01 4.904286700575744562e-01 4.565318922360839249e-01 3.637253547574623158e-01 3.679627311797022404e-01 2.209670815862166404e-01 3.480090303473332702e-01 4.666854778359278422e-01 2.286347713026936623e-01 4.162910219882331453e-01 3.787936763687877462e-01 5.684639314134640742e-01 3.817482736025805123e-01 4.477816100326281190e-01
3.426671008035782617e-01 3.635135735177684180e-01 3.957755292195340724e-01 4.856758258354927915e-01 3.753972020330748061e-01 5.471861588148049238e-01 4.266100411052678454e-01 5.833727019579195705e-01 4.791402097702491258e-01 3.527493090328892578e-01 4.351878498132011885e-01 5.257098029534047479e-01 4.847248044943892054e-01 3.587858760910736522e-01 4.036949034272527270e-01 2.293433034997219289e-01 3.541513565053012735e-01 4.783941190287417933e-01 2.358746136428953033e-01 4.293243051440057689e-01 3.739322629655307262e-01 5.547608917730496580e-01 3.819058276842013933e-01 4.557178118607612127e-01
3.371886840427493759e-01 4.132869526709939678e-01 4.131605608444715583e-01 5.702444376566723205e-01 3.531199379400105642e-01 4.965272017162235541e-01 4.285084955602401768e-01 5.502269767496742459e-01 3.148585231344548929e-01 3.838086763962312298e-01 4.608705341968231117e-01 5.092787769995057445e-01 4.595203380616999511e-01 3.750489214919053294e-01 4.374739500577579654e-01 2.453361446368486909e-01 3.628850191839217976e-01 4.849718756575266965e-01 2.466560779886601551e-01 3.800552104243880569e-01 3.832525491740964019e-01 5.734604068213740025e-01 4.027719628237836913e-01 4.542502356337579372e-01
3.136722850580994093e-01 4.848799210328523790e-01 3.819693661340249347e-01 5.527502103916998033e-01 3.466765963999583477e-01 4.645682026242640705e-01 3.848459223184493294e-01 5.641565884543869869e-01 2.869952941393930090e-01 4.055509749538088182e-01 4.970576192834064155e-01 5.426016480063702296e-01 4.348952837427471629e-01 3.598641891334115606e-01 3.795007423659231827e-01 3.678664705649241085e-01 3.448262176466655449e-01 4.760419404250527675e-01 2.312829388536171704e-01 4.025233467913792440e-01 3.889115211426822372e-01 5.462231054085642246e-01 4.287260132881808294e-01 4.565699404176548626e-01
3.174525059346028355e-01 3.823195470891124770e-01 3.974197516882998493e-01 5.718842894943163557e-01 3.508542930304717200e-01 4.342687365178500292e-01 3.906702997563000768e-01 5.581411637610452781e-01 3.006088717923794951e-01 4.014229060861200238e-01 4.880839376877640357e-01 4.816767060393125632e-01 4.609789389046122787e-01 3.324197441265831499e-01 3.760674614427865770e-01 3.827561274070562791e-01 3.419049980234690755e-01 4.903884120011723358e-01 2.426986811428496205e-01 3.813987212047890707e-01 3.872343499216686635e-01 5.372084494522453291e-01 4.287383177987205696e-01 4.532217429540556508e-01
2.955331183413036356e-01 4.390755078241363463e-01 3.657919845930904246e-01 4.827011382073362333e-01 3.246424756644561982e-01 4.294600885599525464e-01 3.752205667312787374e-01 5.295520642187824256e-01 4.438993224898620249e-01 3.806481780693547479e-01 4.590184989471968735e-01 4.802790583029782345e-01 4.332644304185246931e-01 3.818237633459483638e-01 3.649097965963953305e-01 2.658551065223899723e-01 3.351251470512142672e-01 4.646124293609928402e-01 2.470000334300333777e-01 3.872883366053531673e-01 4.062222015986492463e-01 5.029853856812287471e-01 3.865781532509551255e-01 4.407330606165438813e-01
2.641684692992575245e-01 5.906617079890736921e-01 3.570923267088206843e-01 5.242921094120683856e-01 3.140310783300657715e-01 4.989015527251919324e-01 3.589284907122209378e-01 5.295633993246653404e-01 3.056839339462164018e-01 3.806308547349034899e-01 5.096338534929667485e-01 4.654976672456731523e-01 4.039582104561241782e-01 3.332565530537752174e-01 3.168214884337645088e-01 3.724746449673034809e-01 3.702607161872225050e-01 4.352930396805793634e-01 2.307718556508475960e-01 3.674460973090656890e-01 4.121225302082260900e-01 5.106216815993904756e-01 3.757566982307691261e-01 4.199015597317526383e-01
2.333559213138873545e-01 4.758010509739722393e-01 3.521778089010695334e-01 4.213471497226556894e-01 3.131382088478186776e-01 4.096732265072421386e-01 3.607107005637386066e-01 5.253617927152196554e-01 4.342532716962719808e-01 3.793913682022735934e-01 4.276137086570611090e-01 4.478001362888011649e-01 4.121973713747836277e-01 3.606773716874243640e-01 2.832219816065435491e-01 2.193597564374607789e-01 3.752126779975891724e-01 4.526587882884239855e-01 2.424500952073203042e-01 3.752546605795373802e-01 4.025746079619061946e-01 5.074612104877195273e-01 3.577278620566982092e-01 4.080737170612427356e-01
3.041271143399208454e-01 4.896036371893796035e-01 3.991511561306219091e-01 5.654257291496687099e-01 3.659914393906173458e-01 5.304442253073515801e-01 4.065978274574670870e-01 5.469422894945424884e-01 4.378293214276584577e-01 4.066204728789806766e-01 5.036632746961027252e-01 5.119159094352749850e-01 4.496321647331656957e-01 4.308502975401389823e-01 3.750827635514573100e-01 2.924565413408321546e-01 3.801186054965253747e-01 4.751725316756358342e-01 2.493404171725115970e-01 4.102444759265719276e-01 3.795826623670097710e-01 5.299658041996161417e-01 3.844207639140364563e-01 4.415905117639760680e-01
3.119984547013036069e-01 4.692461587796600830e-01 3.922873956036621590e-01 5.470034682297433282e-01 3.639044736072089004e-01 4.940323013629420168e-01 4.013401600090389931e-01 5.548555391914481438e-01 4.164866877008264745e-01 4.187231971670717368e-01 5.060525589659776724e-01 5.333632606196598847e-01 4.377994884976686429e-01 3.858177441018096898e-01 3.636050922028825627e-01 2.786145027408479802e-01 3.743162743530814018e-01 4.658317212346856362e-01 2.327062640388215253e-01 4.016583919077906240e-01 3.774874688901947994e-01 5.645905712599920134e-01 3.803383215492833203e-01 4.559053321764029443e-01
3.093363124465174363e-01 3.935724378631289544e-01 4.042734785459755065e-01 5.034659304299964333e-01 3.519858994484841297e-01 4.988479195297443880e-01 4.124424380164319892e-01 5.387910677506686508e-01 4.370347833093316536e-01 3.801593328864104615e-01 4.344071032438902580e-01 4.901519527000560150e-01 4.816873651048523275e-01 3.723462490876833786e-01 3.529716311102598647e-01 2.224302628320491138e-01 3.552655537499208038e-01 4.729461361787920537e-01 2.645015191461833615e-01 3.952886642178776722e-01 3.812779419881076604e-01 5.527352886540338739e-01 3.774874480232074947e-01 4.542308603216951846e-01
3.002650697611379260e-01 4.183464715992746830e-01 3.790761592242360423e-01 4.909448679524779924e-01 3.356407245944785234e-01 4.907537044847271046e-01 4.058205160866659722e-01 5.495519826107553296e-01 3.176582852982988703e-01 4.231136605394554273e-01 4.526694572243698533e-01 4.614221390531607625e-01 4.439770982029922486e-01 3.262182905932289323e-01 3.410319856380812920e-01 2.694123566680991511e-01 3.544736032232858602e-01 4.955013763903184376e-01 2.554956242579908277e-01 3.914963865144144850e-01 3.635097746799927365e-01 5.654149599681332905e-01 3.875879238116496373e-01 4.631421558913376146e-01
3.835886844080929059e-01 3.963679430345751764e-01 4.376589870461334297e-01 5.724731731113531508e-01 3.293164959332775532e-01 5.523177774837605414e-01 4.102485262803866606e-01 5.670454263284180341e-01 3.531489496666289640e-01 4.330752204749765411e-01 4.443709538925069702e-01 5.349695648182318797e-01 4.571428427067156797e-01 3.885238737660562935e-01 4.345629859530372174e-01 2.458389269809378441e-01 3.599418939010797236e-01 4.965146903454353833e-01 2.464982353038518426e-01 4.139840033672086972e-01 3.917149862267391147e-01 5.946267078609214218e-01 4.023131094954057740e-01 4.655117790674333511e-01
2.648545324473524643e-01 3.996902482218922525e-01 3.818198315198905179e-01 4.435993737910783885e-01 3.368053600063120046e-01 4.879961469033548549e-01 4.054086665044728810e-01 5.251620676494859197e-01 2.970971046802478033e-01 4.363196065213921226e-01 4.159487879550990974e-01 4.318258216142666917e-01 4.455511547243256043e-01 3.445623563257496635e-01 2.746503016405449915e-01 2.544429565346845723e-01 3.420314053885418759e-01 4.640403004943901566e-01 2.416823211274821137e-01 4.063543418267838714e-01 3.657247038642317816e-01 5.295954039991612738e-01 3.623707805839316287e-01 4.356239178159822534e-01
3.612330041369500866e-01 3.615678267238738863e-01 4.110417881597385192e-01 4.702061020464995411e-01 3.737581735249821402e-01 4.898428825847987444e-01 4.290752912840052891e-01 5.448645993543345112e-01 3.475703972388013430e-01 3.974226696069932396e-01 4.450290992034597881e-01 4.824281261533666654e-01 4.615133183615801604e-01 3.781055735802952844e-01 3.793649701519762885e-01 2.176760767522413487e-01 3.584169613207326965e-01 4.563658283912261915e-01 2.693217845546190259e-01 4.198799376953079032e-01 3.954910190100663914e-01 5.745394483779113770e-01 3.908572971193415846e-01 4.570977550764342978e-01
3.298559065305713411e-01 3.618954938755636341e-01 4.130025546502965605e-01 5.468702329389300010e-01 3.454967898625588285e-01 5.047289865983519697e-01 3.955460850040074527e-01 5.755523884194672091e-01 3.150494756657961082e-01 4.182916022992382299e-01 4.457178376861002378e-01 4.802634173847517562e-01 4.580836486518085060e-01 3.501565870016736803e-01 3.556058461771287593e-01 2.561187793992097395e-01 3.752322901529449584e-01 4.993142957993993991e-01 2.235042272350623860e-01 4.254675919737239687e-01 3.863067281979365442e-01 5.648517466876746829e-01 3.767813745813290427e-01 4.643678861500144528e-01
3.300416559976037112e-01 3.933233857325674765e-01 4.169527338889356671e-01 4.884989109394566320e-01 3.375262444427216679e-01 4.843003046234658493e-01 4.096419132517659656e-01 5.622805621258400999e-01 3.432477766091209248e-01 4.153967389791891618e-01 4.383381273542145684e-01 4.660599371559265847e-01 4.636590387057775153e-01 3.641443993104606647e-01 3.541741595572517332e-01 2.546514964514870472e-01 3.423135737042864446e-01 4.710903940602568785e-01 2.424253767383786895e-01 4.323176458959425705e-01 3.897759953510664954e-01 5.599064337131176572e-01 3.755342871373452129e-01 4.624314044349064345e-01
3.022455998497727281e-01 4.174582405567601184e-01 3.478849498646631733e-01 4.856085291685886540e-01 3.304475540749109430e-01 4.695773060034800217e-01 4.090553028669218216e-01 5.001461210823220371e-01 3.191859691064900528e-01 3.826004810714849214e-01 4.632293717096480079e-01 3.881193756441029818e-01 4.474993845012560367e-01 3.119118890434727231e-01 3.224997574476134998e-01 2.513269834273321734e-01 3.274305694329280869e-01 5.010718704606440532e-01 2.298224604873878307e-01 3.702015778381000932e-01 3.580475036489147445e-01 5.084511210516002855e-01 3.878783031664576608e-01 4.196033479034285696e-01
3.763560180969434676e-01 3.889983310900603786e-01 4.394105134660378775e-01 5.839877252040693856e-01 4.003390325188941890e-01 5.573636309526525112e-01 4.498186048154682593e-01 5.884532965707388596e-01 4.551870826902097433e-01 4.075696956412513949e-01 4.672627708708851357e-01 5.646122988303019508e-01 4.781663479455122712e-01 3.993918145216234783e-01 4.311747290702001578e-01 2.631279291311363067e-01 3.631219152530828498e-01 4.986458136773645466e-01 2.519315353152778436e-01 4.504681059728156134e-01 3.577512901172248405e-01 6.187006713759399812e-01 3.881272974378641716e-01 4.681690139453904553e-01
3.763605660766405347e-01 3.787876895042197600e-01 4.303267746130934879e-01 5.307549102143684916e-01 3.929946088121338277e-01 4.788509548386569170e-01 4.681959794308533374e-01 5.795344344630516398e-01 4.661846168515419997e-01 4.159864150195422550e-01 4.661687510909058862e-01 5.809565338045006300e-01 4.872391712636143235e-01 4.243328354837800909e-01 4.373346489605648424e-01 2.610241468408974197e-01 3.665285898137579101e-01 4.839865447513214125e-01 2.355566707717093589e-01 4.383610462211608438e-01 3.686205641092413776e-01 6.029312689727920338e-01 3.848272473661480952e-01 4.619691054605034597e-01
3.714867439466540966e-01 3.899652548080657088e-01 3.854744827814984842e-01 5.230278156649037502e-01 3.435458252329612883e-01 5.154497021650449318e-01 4.300252882801207654e-01 5.569918829438007535e-01 4.472620974138122318e-01 4.405650188119921151e-01 4.403250995965589665e-01 5.041690677114044616e-01 4.726757525590051245e-01 4.338094881639237843e-01 4.301786686689314521e-01 2.524510396255923994e-01 3.259706289065525953e-01 4.684273781227712985e-01 2.607965144915113109e-01 4.290209355869910590e-01 3.725294100502959949e-01 5.842954703712361919e-01 3.832065110281918652e-01 4.621947674757347357e-01
3.355610029781438963e-01 4.892432909754955150e-01 4.133385871100739295e-01 5.471027158991124129e-01 3.755695032116766474e-01 5.579084492387399452e-01 4.383281909150436584e-01 5.805725538937910324e-01 4.610445726943028233e-01 4.316700263628655554e-01 5.265264523947749131e-01 5.903631587564536209e-01 4.630620301114323212e-01 4.339809779317843619e-01 3.941718304216309532e-01 4.352661860603671551e-01 3.824617238708455380e-01 4.871142500215221438e-01 2.252532649849964541e-01 4.008571188536704244e-01 3.814464838950602510e-01 6.328220205426620115e-01 4.173471291046480514e-01 5.017524398020737353e-01
3.849770685271004522e-01 4.397703070998350561e-01 4.541130868681104715e-01 5.460488574050950117e-01 3.845307886378090401e-01 5.878209781259861044e-01 4.521715787034121803e-01 6.233485618767687919e-01 3.476371054053877252e-01 3.871180321054579765e-01 5.280388568942158134e-01 6.020685213456077323e-01 4.843890026038736862e-01 4.572612387258558897e-01 4.351922839854894809e-01 2.793896910743319251e-01 4.059675449405126257e-01 4.824328407753923353e-01 2.552081710063850428e-01 4.182693451728969891e-01 3.906497582723426620e-01 6.169771570683042494e-01 4.051330904133551014e-01 5.250285102609804078e-01
