4.372770511296076301e-01 4.717655468191565560e-01 3.682200152788387970e-01 5.480916030534350725e-01 3.731513083048919044e-01 5.376661742983751546e-01 4.849153789551140514e-01 5.960458872345618664e-01 4.882235528942115987e-01 4.831081081081081141e-01 5.426679744973026409e-01 5.965470240799636281e-01 5.517631529323024919e-01 4.867841409691630039e-01 5.100935069474787920e-01 3.214672651292369565e-01 4.377971473851030026e-01 5.803176256183285586e-01 3.668688911358274352e-01 4.711864406779661119e-01 5.270959515460631462e-01 5.763415357248740101e-01 5.005772085097025537e-01 5.367712209817473434e-01
4.205763104546770825e-01 4.697717458359037535e-01 3.675509419454056070e-01 5.526813880126183465e-01 3.695828088473296358e-01 5.121591746499631892e-01 4.835164835164835195e-01 5.971146139460326019e-01 4.935520044855620792e-01 4.821864324060517459e-01 5.328554360812425283e-01 5.873287671232876317e-01 5.446607240312898446e-01 4.871794871794871695e-01 4.837258750408897634e-01 3.412048073102900148e-01 4.491089108910891192e-01 5.847678664580072683e-01 3.690063810391978061e-01 4.753985942053831626e-01 5.199558289951096146e-01 5.793205317577547753e-01 4.919922086354290847e-01 5.357267950963222614e-01
3.673222174718540622e-01 4.673969744392279524e-01 3.472103004291845485e-01 5.452768729641693790e-01 3.663127660665743690e-01 5.401750198886237087e-01 5.060094325270043658e-01 5.944688550012923178e-01 5.038017459870458570e-01 4.780029658922392288e-01 5.217492984097287234e-01 5.798362333674513813e-01 5.581892710746747532e-01 4.933333333333333459e-01 4.338478946092297894e-01 3.459440041312108471e-01 4.551942902458366302e-01 5.823915900131405587e-01 3.654271801682160148e-01 4.775503182521933510e-01 5.046832830608033449e-01 5.941696691778578510e-01 4.746835443037974445e-01 5.335255948089401290e-01
3.588370313695485869e-01 4.798222880414661495e-01 3.484848484848485084e-01 5.501945525291829231e-01 3.872303206997084746e-01 5.279106858054226636e-01 5.001607717041800516e-01 5.971090670170827730e-01 4.779005524861878462e-01 4.665060240963855298e-01 5.435002529084471679e-01 5.825663237682728868e-01 5.408976102584029944e-01 4.830699774266365432e-01 4.155035091869726527e-01 3.162762610049900114e-01 4.387796065837012982e-01 5.776850886339937041e-01 3.637281292059219573e-01 4.617454178577434232e-01 5.022522522522522292e-01 6.091193873999304342e-01 4.721667775559991176e-01 5.347554247885252243e-01
3.552023526116790397e-01 4.729888432178508406e-01 3.363914373088685017e-01 5.537596626844694114e-01 3.915133531157269919e-01 5.402843601895734871e-01 5.063808900523559808e-01 5.982858722698368714e-01 4.911448891368009884e-01 4.760019792182088039e-01 5.335455435847208383e-01 5.845986984815618737e-01 5.490527105608703495e-01 4.842342342342342287e-01 4.093198992443324857e-01 3.429195983332194997e-01 4.574638844301765483e-01 5.799002886381526833e-01 3.650985122637716018e-01 4.739636861939020007e-01 4.965758878802357112e-01 6.073895027624309773e-01 4.597983247078909486e-01 5.331149927219795970e-01
3.548500386317341992e-01 4.821629740893728644e-01 3.520599250936329860e-01 5.356652949245541695e-01 3.875426522468335966e-01 5.221953188054883066e-01 4.980098710396433925e-01 5.957334737951014425e-01 4.769787174850466105e-01 4.825581395348837455e-01 5.470303339281162858e-01 5.839865621500559545e-01 5.480600506921426973e-01 4.918518518518518734e-01 4.194294525828835551e-01 3.189098157822380930e-01 4.527323494216194399e-01 5.775163398692810812e-01 3.699520876112251666e-01 4.631860776439089555e-01 5.053711720378386563e-01 6.093152589502954797e-01 4.730290456431535118e-01 5.294977168949771551e-01
3.413161866019290280e-01 4.817465998568360996e-01 3.460580912863070457e-01 5.444957152274225720e-01 3.814347850024775721e-01 5.487708168120539742e-01 5.019316952557564271e-01 5.976095617529880721e-01 4.779238754325259575e-01 4.800583657587548791e-01 5.493346723575194268e-01 5.727229375298045211e-01 5.412213740458015065e-01 4.895052473763118472e-01 3.851735913488901764e-01 3.188351689378383647e-01 4.532431356943891765e-01 5.844868111778531716e-01 3.676395289298515223e-01 4.649122807017543879e-01 5.018291713058692372e-01 6.002048480710140410e-01 4.554629926305671095e-01 5.367902136205952024e-01
3.433583959899749183e-01 4.779050736497544860e-01 3.284639220894201017e-01 5.506666666666666377e-01 3.971617418351477413e-01 5.412244897959184176e-01 5.117074927953890739e-01 6.040525739320919962e-01 4.763790278536318978e-01 4.723032069970845570e-01 5.438241980298055278e-01 5.930656934306569594e-01 5.459224069675375768e-01 4.814814814814814548e-01 4.023232984293193537e-01 3.246788665557585607e-01 4.443554843875099913e-01 5.732029598308667762e-01 3.623802505526897422e-01 4.630792734680020395e-01 4.938232499208108917e-01 6.061803808839382190e-01 4.600816326530612344e-01 5.334190231362467838e-01
3.518114667604643198e-01 4.953354064860062134e-01 3.426005132591958824e-01 5.303408146300914172e-01 3.900678051230537235e-01 5.384615384615384359e-01 5.025879917184264967e-01 5.884968046679632803e-01 4.683817188847370083e-01 4.808159300631374422e-01 5.613660618996798579e-01 5.837349397590361200e-01 5.313234142521534586e-01 4.904798172124904543e-01 4.075729068673565325e-01 3.286387642682719323e-01 4.427145708582834183e-01 5.744345081536034181e-01 3.662321539416511507e-01 4.544848282760920455e-01 4.930667526604320949e-01 6.078289235230155407e-01 4.800927026384597118e-01 5.348837209302325091e-01
3.380030215629721280e-01 5.402504472271913993e-01 3.552894211576846373e-01 5.306495882891125726e-01 3.727175717334598182e-01 5.375103050288541073e-01 4.905629677839244973e-01 5.917730496453901257e-01 4.498364231188658469e-01 4.857941313460642507e-01 5.968873970094599191e-01 5.859519408502772420e-01 5.173611111111111605e-01 4.791208791208791395e-01 3.876426603699331119e-01 3.683899556868537872e-01 4.418511066398390086e-01 5.726895119418483615e-01 3.587504611978846181e-01 4.474930589580271012e-01 4.982845940205848922e-01 6.063560852293247150e-01 5.072413312909065386e-01 5.412547528517109852e-01
3.314614343707713018e-01 5.064338235294117974e-01 3.481717011128775963e-01 5.890985324947589641e-01 3.745905474964904003e-01 5.431103948428686046e-01 4.824732229795520855e-01 5.907358545880972978e-01 4.542400215024862131e-01 4.862689393939393923e-01 5.832320777642769905e-01 5.772646536412078255e-01 5.173550513864649814e-01 4.699493120926864775e-01 3.782343987823439946e-01 3.772108843537415046e-01 4.480128462464873507e-01 5.693904020752269535e-01 3.575015309246785122e-01 4.465449804432855552e-01 4.928514056224899686e-01 5.981375358166188816e-01 5.016398018282045568e-01 5.346815346815346759e-01
3.398368678629690165e-01 5.497047244094488416e-01 3.317636986301369939e-01 5.591805766312595294e-01 3.790918690601901009e-01 5.428342674139311486e-01 4.964732285989099103e-01 5.964497041420118162e-01 4.628739316239316448e-01 4.763741562198650081e-01 5.729729729729730048e-01 5.850302696752889275e-01 5.147344273866243380e-01 4.802386278896346172e-01 3.911930748964997928e-01 3.522600963319748035e-01 4.470962609387430509e-01 5.702521873391662721e-01 3.434374052743255357e-01 4.526735303885752182e-01 4.951612903225806606e-01 5.998520710059171979e-01 4.678075228736021662e-01 5.334329473290997381e-01
3.144411836634873891e-01 7.125567322239031443e-01 3.153193389906208122e-01 5.519779208831646633e-01 3.690580162195882807e-01 5.090163934426229497e-01 4.757046515649316909e-01 5.850449293966624165e-01 4.209049456331112049e-01 4.877589453860640134e-01 6.279148360932748085e-01 5.565167243367935557e-01 4.678962937184618087e-01 4.672619047619047672e-01 3.469296944526846782e-01 4.667061260728025962e-01 4.380990415335463406e-01 5.471935565064183216e-01 3.332643130758877748e-01 4.403385967768191356e-01 4.860810135022503586e-01 5.774853801169590461e-01 4.429323404801643327e-01 5.345136264173463436e-01
2.951161029782937706e-01 5.698545614808285809e-01 3.072941176470588287e-01 5.615050651230101275e-01 3.893576031355875933e-01 5.218827415359207356e-01 4.889452700253715256e-01 5.906100478468899739e-01 4.519865319865319919e-01 4.741626794258373412e-01 5.731707317073170271e-01 5.578271028037383727e-01 4.965068275643061413e-01 4.776579352850539029e-01 3.401188707280832224e-01 3.356809503606278944e-01 4.507999999999999785e-01 5.646573930963421084e-01 3.512307946472823517e-01 4.555740432612312985e-01 4.687898089171974592e-01 5.905511811023621549e-01 4.334408602150537360e-01 5.249764373232799208e-01
3.332258064516129270e-01 5.885714285714285232e-01 3.008015087223008255e-01 5.294592413236480777e-01 3.865131578947368363e-01 5.202063628546861329e-01 4.890526315789473499e-01 5.862454570869444215e-01 4.428723972237053053e-01 4.749880895664602143e-01 5.942028985507246119e-01 5.752427184466019083e-01 5.071009278545729471e-01 4.846860643185298412e-01 3.777528928704740330e-01 3.741403026134800802e-01 4.440868865647626951e-01 5.639215686274510198e-01 3.523878437047756607e-01 4.439498846027035706e-01 4.894780447390223443e-01 5.850860420650095817e-01 4.592917123037604799e-01 5.230769230769231060e-01
3.362052212217399583e-01 5.818696883852690904e-01 3.057811753463927640e-01 5.515104570100697323e-01 3.657565415244596330e-01 5.025510204081632404e-01 4.896480331262940133e-01 5.969325153374233084e-01 4.452413793103448536e-01 4.778633301251203336e-01 5.887521968365553304e-01 5.792899408284023499e-01 5.115837447778199820e-01 4.847094801223241767e-01 3.842171437023888525e-01 3.697396524851353505e-01 4.446680080482897646e-01 5.591145833333333037e-01 3.398957730167921354e-01 4.502557333773304915e-01 4.849975405804230477e-01 5.918051797448782292e-01 4.589973743664895744e-01 5.204925918799306883e-01
3.211746115354227049e-01 5.027494108405341500e-01 3.537135822732868085e-01 5.466101694915254106e-01 3.803902279062141290e-01 5.176470588235294601e-01 4.908981495411463558e-01 5.955701394585726227e-01 4.794969928922908631e-01 4.645286686103012874e-01 5.579598145285935562e-01 5.654158215010142152e-01 5.365807067812798925e-01 4.925261584454409536e-01 3.685189317860596558e-01 3.183242506811989059e-01 4.440015942606616028e-01 5.811201682881935726e-01 3.639558232931726645e-01 4.597411329635232580e-01 4.896834147109780933e-01 5.904273504273503947e-01 4.538465673888500418e-01 5.320278184480233818e-01
3.198484556604379581e-01 5.338702036949313223e-01 3.532740501212611184e-01 5.435897435897435459e-01 3.758148979373731047e-01 5.246031746031746268e-01 4.872327790973871586e-01 5.938195991091314019e-01 4.696329548455241421e-01 4.888467014712861713e-01 5.680726107848371731e-01 5.608614232209737649e-01 5.301502758227125689e-01 4.813432835820895539e-01 3.615481876931722627e-01 3.374757082949780274e-01 4.572904251092570482e-01 5.732054936512049892e-01 3.603208232445520576e-01 4.588586595885865704e-01 4.895602657386902701e-01 5.845360824742268369e-01 4.568299327291933110e-01 5.364902506963787898e-01
3.843735261751297094e-01 4.638640944428448210e-01 3.753918495297805524e-01 5.520110957004160657e-01 3.637570690926973382e-01 5.488837567359506897e-01 5.002052264331645626e-01 6.039132734003173075e-01 5.037068121415582134e-01 4.868483978957436897e-01 5.252525252525253041e-01 6.083116883116883589e-01 5.376538740043447229e-01 4.938091769847050005e-01 4.592561983471074583e-01 3.357037361194682989e-01 4.518845228548516446e-01 5.800888424353278783e-01 3.720930232558139483e-01 4.742565845369583477e-01 5.135262661214218260e-01 5.856095936042637895e-01 4.859787786920745090e-01 5.338907667674790414e-01
2.892644135188866539e-01 4.784161952962190933e-01 3.166214995483287997e-01 5.437541750167000920e-01 3.765676746837504640e-01 5.258552108194113339e-01 4.927332395686825905e-01 5.843054082714740360e-01 4.848090277777777901e-01 4.835864772170504478e-01 5.227978037717831983e-01 4.907516725698544136e-01 5.394316163410302067e-01 4.639940608760207974e-01 3.271958537915984899e-01 3.438258152062173556e-01 4.502576298057867632e-01 5.643099399947821837e-01 3.472886762360446467e-01 4.612482853223593970e-01 4.755695208169677946e-01 5.750548417424005132e-01 4.325183248756984122e-01 5.176005747126436463e-01
3.618801035650268672e-01 4.638192728556300715e-01 3.333333333333333148e-01 5.446175637393767532e-01 4.014336917562724150e-01 5.214007782101167665e-01 5.087391820804344489e-01 5.894364279880206503e-01 4.805230557467308761e-01 4.722762645914396762e-01 5.408163265306122902e-01 5.610738255033557165e-01 5.355477855477855931e-01 4.905660377358490587e-01 4.177094767654592200e-01 3.074007174294655087e-01 4.397276732078494454e-01 5.751529662144186927e-01 3.653161552805560541e-01 4.608990670059372463e-01 5.247954583402905104e-01 6.046190968631506291e-01 4.771793448084397649e-01 5.411010558069381249e-01
3.449798425801497426e-01 4.841656516443361702e-01 3.632944716058668644e-01 5.466998754669987193e-01 3.792674713775061046e-01 5.357686453576864238e-01 4.903464329727509341e-01 6.072175732217572897e-01 4.889104518990851078e-01 4.673123486682808636e-01 5.361620057859208810e-01 5.538694992412747098e-01 5.358764759309718739e-01 4.852411807055435622e-01 3.897223780145821492e-01 3.430756911665542863e-01 4.601664684898930102e-01 5.794102431453699298e-01 3.608527131782945929e-01 4.696840307429547279e-01 5.081158497772119143e-01 5.897435897435897578e-01 4.594846321018317137e-01 5.342243091927035836e-01
3.439122908251586730e-01 4.845679012345678882e-01 3.615295480880648671e-01 5.438596491228070429e-01 3.829107292539815632e-01 5.441509433962263831e-01 4.955431754874651817e-01 5.957230142566191100e-01 4.863972530375065828e-01 4.851146900927281735e-01 5.337037931867600893e-01 5.599381283836040168e-01 5.371179039301310354e-01 4.874910650464617801e-01 3.857383492419989013e-01 3.423597678916827647e-01 4.465208747514910481e-01 5.774319066147859392e-01 3.618789870481345372e-01 4.741880341880341798e-01 5.079715864246251433e-01 5.864613410330445920e-01 4.570982839313572632e-01 5.409924487594390818e-01
3.360180608945024239e-01 5.146892655367231173e-01 2.902338376891334115e-01 5.296646603611350201e-01 3.582789962458012289e-01 5.050083472454089950e-01 4.910540013012361649e-01 5.712226066897346799e-01 4.533486707566461993e-01 4.648829431438127324e-01 5.666947486661050304e-01 5.063016079965232397e-01 5.320623916811091370e-01 4.295558958652373471e-01 3.655211587617154256e-01 3.461586275484833664e-01 4.241941902109033213e-01 5.630865484880083205e-01 3.476493700040644841e-01 4.577205882352941013e-01 4.645401052957571775e-01 5.610887720383544996e-01 4.657986111111110938e-01 5.164009529045262559e-01
3.510198259877335691e-01 4.895265423242467495e-01 3.122489959839357399e-01 5.632786885245901765e-01 3.949875025332703071e-01 5.409015025041735703e-01 5.228810187027457257e-01 5.989761092150170940e-01 4.916617033948779136e-01 4.853372434017595438e-01 5.433440355643368580e-01 5.839999999999999636e-01 5.604229607250755807e-01 4.872783346183500175e-01 4.048699958728848580e-01 3.496996303142329010e-01 4.477611940298507620e-01 5.936329588014981340e-01 3.603603603603603434e-01 4.768701633705932919e-01 4.812441387933729109e-01 6.013934726806013931e-01 4.547428631958053136e-01 5.255009107468123775e-01
3.555748122472559003e-01 4.828458942632171125e-01 3.028132992327365880e-01 5.597484276729559616e-01 3.976236529428018862e-01 5.215918712955123215e-01 5.228301110654052231e-01 6.084029086991651347e-01 4.952038369304556098e-01 4.814264487369985246e-01 5.483394833948339597e-01 5.929468021518230492e-01 5.608286252354048873e-01 4.799072642967542324e-01 4.107567434615069235e-01 3.487866379808915451e-01 4.525931928687196293e-01 5.860502405130946224e-01 3.572679509632223915e-01 4.728456398835018115e-01 4.784644194756554336e-01 6.048475945648181806e-01 4.614482868865562026e-01 5.274060494958753287e-01
3.699726258159612424e-01 4.748669426374926283e-01 3.331870061457418708e-01 5.505016722408027086e-01 3.769725628195964018e-01 5.308056872037915097e-01 5.081839438815276555e-01 5.960247112543647363e-01 4.876657635819193204e-01 4.783032666991711146e-01 5.303575713942884073e-01 5.713587487781036645e-01 5.541061914385448928e-01 4.799405646359584110e-01 4.266510355607659455e-01 3.419431387760690222e-01 4.446202531645569445e-01 5.751840168243953499e-01 3.587816455696202778e-01 4.796928327645051393e-01 4.935817157169692937e-01 5.931766977792082285e-01 4.663552382951920983e-01 5.209037537804661611e-01
3.423360224482637770e-01 5.508058864751226302e-01 3.642828921374950402e-01 5.552825552825553235e-01 3.883394425617262558e-01 5.421303656597774578e-01 5.007074637424832053e-01 6.075589656152315943e-01 4.619682539682539724e-01 5.042816365366318276e-01 5.891673869201958791e-01 6.004464285714286031e-01 5.248493975903614217e-01 4.931997136721545938e-01 3.972504767959313399e-01 3.857656362329259792e-01 4.598715890850722521e-01 5.686425455478573143e-01 3.550893550893550743e-01 4.478789871752713037e-01 5.026238110856018348e-01 6.061630965802330406e-01 4.887399463806970656e-01 5.486284289276808224e-01
3.686548685456266794e-01 5.088617565970854351e-01 3.565288579615227271e-01 5.412541254125412538e-01 3.861887263398738335e-01 5.437751004016063705e-01 5.135334192598047798e-01 6.141274238227146798e-01 4.838884375846195240e-01 4.903938520653218225e-01 5.751978891820580531e-01 5.978260869565217295e-01 5.419746067841576531e-01 5.069904341427520222e-01 4.314008840530431654e-01 3.332328447073896749e-01 4.641706924315620042e-01 5.833767587285044742e-01 3.551734361102875659e-01 4.622923588039867249e-01 5.113525786571521126e-01 6.103594897564746935e-01 4.811183096947411197e-01 5.452861641044638441e-01
