6.691990992425449203e-02 1.708339804317440466e-02 1.250518887505188900e-02 9.474795460543678979e-03 8.502255171341178974e-02 9.601181683899557076e-03 4.785534469403562863e-02 3.108175188056054236e-02 4.475208879673110707e-02 1.307778735857437723e-02 2.817385547690584233e-02 1.753238082521030999e-02 3.667907688064884347e-02 8.743010866125118519e-03 6.794082385669222846e-02 9.726059470849918176e-02 1.435176767020806751e-02 2.846343425572397251e-02 2.707576737475747564e-02 3.459002115217120477e-02 4.095660358664420658e-02 2.497334378171447641e-02 9.827219650122490102e-02 3.780909465380150741e-02
6.580050293378038317e-02 1.959800288243771990e-02 1.240414682565426675e-02 1.151798040891460068e-02 8.500320532704676302e-02 9.165600643570233005e-03 4.790708928139365830e-02 2.857581220513213949e-02 4.314739473555218030e-02 1.291182582103791131e-02 2.835166232280211113e-02 1.828723758747084413e-02 3.744044418322558382e-02 8.769038043119931070e-03 6.822533391773742684e-02 1.197556256645343487e-01 1.472822910578609062e-02 2.863199836534532222e-02 2.531423925958351667e-02 3.453171114404193776e-02 4.078753604177752512e-02 2.518784920685890327e-02 9.782468370772011423e-02 3.815165876777251025e-02
5.824595498508541858e-02 2.288516550878626904e-02 1.053385416666666706e-02 1.101243339253996437e-02 7.600540615322400051e-02 8.966418846646506680e-03 4.103994175931295618e-02 2.935957824327601814e-02 4.386309027607512151e-02 1.264167963081589199e-02 2.833159779544357909e-02 1.517891831785967913e-02 3.911040071927173595e-02 8.783962015299393022e-03 6.181269647524843813e-02 1.294691998084178397e-01 1.491064006650041560e-02 2.831044394762056993e-02 2.090190915075707673e-02 3.457768145186403130e-02 3.935916007379068604e-02 2.339950724301175303e-02 9.504478381339004356e-02 3.699167687270363963e-02
5.806611365606041686e-02 1.679387334620517994e-02 1.077479634593862985e-02 9.332717312388620970e-03 7.248417376118751476e-02 8.742274576092123189e-03 3.855496344032717515e-02 2.902587032896837907e-02 4.040664798151152870e-02 1.264615585603239868e-02 2.740232581862695263e-02 1.443597724589460070e-02 3.496740645841968365e-02 8.469768730458186040e-03 6.045828504549574656e-02 9.393673359576336368e-02 1.420199841478151336e-02 2.829923632927234048e-02 2.688586564528564621e-02 3.414700871706231183e-02 3.869320576060283207e-02 2.262648203457326423e-02 9.205889347717985394e-02 3.639185062822245659e-02
5.715927528393726503e-02 2.068673275463557559e-02 1.003139696973644711e-02 1.038303927898488743e-02 7.224047306176084593e-02 9.031372134783987107e-03 3.840808120920304741e-02 2.771267944728315891e-02 4.314008892590732308e-02 1.257664300375207524e-02 2.773888026071237578e-02 1.446339205452618244e-02 3.667873836167466484e-02 8.509010316350491820e-03 5.965081331589694447e-02 1.272099132506102903e-01 1.481250487253449669e-02 2.823162708703261248e-02 2.285886914052666016e-02 3.445484883199681492e-02 3.861348128150193793e-02 2.273608561900576641e-02 9.245491508695138916e-02 3.664057224320336342e-02
5.695153708275559057e-02 1.664657150635914448e-02 1.100516436199966246e-02 1.028606047834790781e-02 7.302666710258171046e-02 8.545879618011068685e-03 3.873636239798888131e-02 2.890106941622906309e-02 4.199169717973524202e-02 1.301382392139441291e-02 2.737489316648170079e-02 1.400469956361195117e-02 3.531451400143217900e-02 8.757583750989185109e-03 6.221408966148216091e-02 8.959504084352007403e-02 1.474466399054263042e-02 2.821380675649786188e-02 2.691934158428169535e-02 3.440817442756631539e-02 3.905485273891979442e-02 2.266409815506742476e-02 9.238748716840455844e-02 3.626243042091437802e-02
5.798620013153348018e-02 1.742079105404845812e-02 1.084807492195629525e-02 1.087028044270730437e-02 7.478976174797317966e-02 9.137605471999576609e-03 4.012799446510421225e-02 2.875950661468652109e-02 4.226696860272966677e-02 1.289757729399158490e-02 2.788930952289906187e-02 1.605915545690369747e-02 3.557897377995232480e-02 8.614321144002954830e-03 6.115717416352257907e-02 1.067795550554171274e-01 1.479547432550043506e-02 2.858274052031315945e-02 2.681472444571698921e-02 3.427945968805194005e-02 3.906782074618918299e-02 2.271347175028100990e-02 9.151680329627881472e-02 3.677436301549776715e-02
5.422061401029004690e-02 1.883263463398903576e-02 9.670398415201553882e-03 1.087271291299196987e-02 6.817423416609197373e-02 8.758834797542769737e-03 3.550273674739446578e-02 2.823788433475845489e-02 4.265594053353546911e-02 1.270123353543800918e-02 2.745158041030741278e-02 1.311665074731276776e-02 3.468222630215538060e-02 8.572935900817726246e-03 5.672826262486446725e-02 1.071200410304399137e-01 1.442157779856563689e-02 2.771743297467222159e-02 2.461888908358156672e-02 3.394681499732457586e-02 3.859675183204595156e-02 2.183733965024011944e-02 9.105498411330711916e-02 3.635066820161169526e-02
5.639059592941308985e-02 1.453317866034071516e-02 1.042860118737631500e-02 8.431012382223514873e-03 6.872939666806787695e-02 8.875036318973031357e-03 3.629182966635935426e-02 2.712984667409599343e-02 4.002308788131846845e-02 1.293627252414117530e-02 2.689917921706001108e-02 1.303312754710890531e-02 3.410490336525170280e-02 8.497948088621459090e-03 5.960378786141747043e-02 6.284820643143387842e-02 1.440727508931471251e-02 2.790269828291087537e-02 2.916676965667251709e-02 3.387682059949296415e-02 3.790658468861562991e-02 2.171464087324709649e-02 8.849043790663541076e-02 3.573845267035914014e-02
5.528349357534369929e-02 7.990686352331057007e-03 1.156219551802533350e-02 7.675714304619985634e-03 6.883224944710854276e-02 8.614880488352735094e-03 3.739952366775826237e-02 2.674530418616577823e-02 4.033933941275701096e-02 1.361316679066003690e-02 2.515852701711963207e-02 1.279739476800516654e-02 3.367062545509327820e-02 8.623986286015692185e-03 5.649555491826785403e-02 1.601695459508059929e-02 1.426807874731986225e-02 2.816577717627231220e-02 3.531434244137480333e-02 3.399798989986723557e-02 3.784541698204513943e-02 2.173772317093696296e-02 8.200873559077809238e-02 3.570801454910322442e-02
5.489075630252100713e-02 7.292411127875274984e-03 1.137869222975605894e-02 7.451209164191768992e-03 6.993862350654173055e-02 8.902273117512645925e-03 3.687121738267685328e-02 2.587280594753534405e-02 4.126429905629280803e-02 1.341046198845681839e-02 2.469072297523211904e-02 1.310871494259055123e-02 3.350622276363544871e-02 8.556248434430660521e-03 5.672868394018947685e-02 1.432631442966024980e-02 1.450085108041735370e-02 2.802425789977657303e-02 3.532401524777636914e-02 3.399250676128327819e-02 3.801970382303736240e-02 2.161476534389479912e-02 8.095629553721242488e-02 3.546846203031556871e-02
5.799877498747146171e-02 1.460092546600088963e-02 1.009035752415175964e-02 9.724494642951390239e-03 7.061060361029765364e-02 8.954159457996012372e-03 3.837289983644744107e-02 2.589595375722543447e-02 4.228995339076112303e-02 1.290760869565217399e-02 2.712037866189075108e-02 1.426730733095321266e-02 3.640016471792056202e-02 8.494809460368547838e-03 5.922169676941484856e-02 7.917803085507275906e-02 1.460043645432817193e-02 2.828117821226198286e-02 2.795184289732076735e-02 3.386671967400486927e-02 3.805627866617081884e-02 2.101744110710861146e-02 8.986070126714111594e-02 3.577871316897173609e-02
5.662475502609384814e-02 6.269050059229878784e-03 9.203613656806892973e-03 7.941024656881559216e-03 6.537016574585635675e-02 8.204518430439951965e-03 3.427909237037867624e-02 2.349650710179671670e-02 4.336147814461052685e-02 1.352586364467190695e-02 2.399617714293094187e-02 1.296642167072007377e-02 3.352157273395913600e-02 8.283430500962883636e-03 5.318689314869136375e-02 3.882897523021618114e-02 1.425156546366305489e-02 2.771439134148362404e-02 3.826266804550155359e-02 3.355538188629625385e-02 3.623755732021026466e-02 2.046473072041033250e-02 7.662579957356076277e-02 3.380001761072744942e-02
5.178369760180694809e-02 1.684932042377408970e-02 8.525360663228670824e-03 1.023044876865474885e-02 6.546920903008165982e-02 8.350841030113237765e-03 3.373005950892633831e-02 2.538103683141850961e-02 4.097930276573661518e-02 1.294409613375130559e-02 2.648633417864187239e-02 1.283584898052445543e-02 3.871582805071315664e-02 8.182874036532573545e-03 5.206414193108153954e-02 1.080628272251308863e-01 1.464206833831362825e-02 2.797631202777210377e-02 2.640239434695677151e-02 3.402087475149105644e-02 3.645820433436532809e-02 2.135535307517084230e-02 8.662297195659181270e-02 3.491068630523346678e-02
5.740802489718795087e-02 1.351351351351351426e-02 8.329960439216096621e-03 8.664755841445534457e-03 5.885299273729025643e-02 7.999153808522735040e-03 2.932340318101489540e-02 2.686842543595525934e-02 4.048217466630877476e-02 1.302093536548733742e-02 2.580570577128103726e-02 1.275273417006336091e-02 3.357951624431041587e-02 8.353568412162162490e-03 5.758834575769646719e-02 7.101982201527448635e-02 1.434585997193201304e-02 2.754965195734082606e-02 2.992135659867289216e-02 3.343846230257276064e-02 3.669337308241724105e-02 1.984821949795680107e-02 8.303264982839038411e-02 3.414083092757624893e-02
5.772631719443424569e-02 1.347150259067357581e-02 8.359129083238639804e-03 9.397975211520439437e-03 5.810197212370388914e-02 7.812706554213044371e-03 2.982345523329129819e-02 2.503537887559500671e-02 3.950073421439060511e-02 1.297225270418560922e-02 2.580761131939807856e-02 1.316231732074913535e-02 3.378649543493528890e-02 8.366544379635250384e-03 5.904012910411292336e-02 6.977656248297800512e-02 1.435904099798583633e-02 2.741667730813433790e-02 2.885300695519673470e-02 3.388757124585563274e-02 3.671387258126574543e-02 1.986840909975732400e-02 8.274351381993902410e-02 3.395383282915134110e-02
5.440674563340694436e-02 1.661992313285550957e-02 1.120834254359161057e-02 1.019950979100229214e-02 7.502667974603037526e-02 8.713446432107729497e-03 4.022584661661550431e-02 2.787768633122992071e-02 4.289242657667571151e-02 1.249215973238553164e-02 2.764447620992444357e-02 1.493416911104860668e-02 3.524245655855968995e-02 8.693013929928239750e-03 5.635116535665942589e-02 9.001252046614659219e-02 1.447147923459644880e-02 2.823451253944527645e-02 2.703677000720980383e-02 3.400937589375645220e-02 3.846867692003118344e-02 2.231410297822856645e-02 9.070494568662633428e-02 3.636750319013185712e-02
5.531801472629743754e-02 1.471644402658622841e-02 1.135891037637762509e-02 9.784400342849608467e-03 7.547433035714286309e-02 8.728377129275056642e-03 4.041573282762357666e-02 2.732443442391944977e-02 4.335478523718980237e-02 1.345051386186452841e-02 2.720670962462923281e-02 1.601069161376545216e-02 3.495679004603208240e-02 8.508112386228729521e-03 5.802313259531485801e-02 7.018420828724580840e-02 1.495057607128476296e-02 2.823986007736598025e-02 2.936678260440563418e-02 3.436110213918357886e-02 3.830824834141994401e-02 2.198242439906952783e-02 8.887374671468899201e-02 3.617807275687182772e-02
5.608312689237544835e-02 2.066895038682113953e-02 1.243800472592246353e-02 1.048582569290757750e-02 7.802331100680344467e-02 9.410180944713537193e-03 4.470585358099267437e-02 2.918775238971527825e-02 4.411962900795157738e-02 1.329658703517456672e-02 2.840194596517078146e-02 1.569410566381644265e-02 3.712778458384378977e-02 8.939519797476366131e-03 6.419082823148897221e-02 1.105447078319763687e-01 1.464320981237981351e-02 2.835357676539330962e-02 2.392350509505321299e-02 3.473337066766225140e-02 4.039441777601820993e-02 2.269206939281288860e-02 9.658711884831400196e-02 3.746987801375934596e-02
5.141002142084225707e-02 2.064783050019915536e-02 9.141411506963643269e-03 1.071517895928495237e-02 7.466976714142686822e-02 8.728722912567512399e-03 3.898898218105825708e-02 2.816901408450704289e-02 4.117618146518886579e-02 1.290010586713021684e-02 2.784169643651711670e-02 1.657583410873321797e-02 3.791510611735331160e-02 8.243533772109156929e-03 5.382906634954114089e-02 1.358400753809663186e-01 1.475458807943579205e-02 2.762346270257844474e-02 2.191580907329592626e-02 3.349854300017433839e-02 3.744665058452403134e-02 2.362833339771571242e-02 8.978601602485661304e-02 3.600789624928159294e-02
6.088257960751901343e-02 1.699804664760746695e-02 1.028110359187922943e-02 1.013415566273951664e-02 6.858542559706062858e-02 8.844300706224010947e-03 3.730572527158020762e-02 2.770561662592938706e-02 4.271120083195693168e-02 1.268849802681441645e-02 2.704426585023600102e-02 1.673696011958784868e-02 3.462784797407621185e-02 8.575763572795038966e-03 6.476428206728314374e-02 1.061989681570088828e-01 1.426585419725336784e-02 2.763680987868948752e-02 2.681382124948674187e-02 3.380824986001369076e-02 3.906337389229296714e-02 2.266999263289863273e-02 9.292820069204152378e-02 3.597663399102464521e-02
5.983551061633572699e-02 2.044910872752527323e-02 1.252447198848682074e-02 1.154109048845890911e-02 7.807151312211403626e-02 9.289559801541221601e-03 4.379196067161532369e-02 2.965744501494367233e-02 4.317859066647079108e-02 1.260861043966812582e-02 2.828868706911902980e-02 1.938267507467640247e-02 3.688652703969990537e-02 8.884904889334159159e-03 6.264791399012779871e-02 1.335318143792136314e-01 1.507929292273323466e-02 2.859477124183006438e-02 2.338314705512997693e-02 3.423591658885776629e-02 3.953983703593630383e-02 2.342974300782710642e-02 9.467354684634739226e-02 3.697176497056507694e-02
5.955566411671311261e-02 2.020332003603140039e-02 1.214653706899907794e-02 1.141114295480240813e-02 7.812266187819320862e-02 9.512500824592651227e-03 4.357624004898959236e-02 2.984770019643358252e-02 4.489164086687306293e-02 1.299023771873652339e-02 2.810110801562162169e-02 1.923613417469279344e-02 3.691568916789635807e-02 8.989178715944588782e-03 6.194909713925021016e-02 1.334382221348148767e-01 1.458725725790738399e-02 2.842004468560485261e-02 2.350489057418730932e-02 3.453685258964143273e-02 3.982426830022894881e-02 2.356064804670885554e-02 9.381003201707577288e-02 3.759746101559376108e-02
6.061039632837693369e-02 1.194910807974816289e-02 8.258209286245449948e-03 8.144592968677694458e-03 7.657790822898409566e-02 7.995453824602209020e-03 3.744821255798953114e-02 2.541763966229567198e-02 4.310156268986803374e-02 1.270848843436124531e-02 2.586151657674513882e-02 1.553540472062941644e-02 3.468360468473444258e-02 7.403399493243242868e-03 5.813401992004878227e-02 6.149649948099560753e-02 1.384721302105659628e-02 2.758409317293693958e-02 3.134964753026841383e-02 3.404429860541427488e-02 3.706998813760379458e-02 2.334530198319241176e-02 8.772752043596730720e-02 3.525717216960476408e-02
5.562084708222211904e-02 2.188442049900583830e-02 8.134759749941147464e-03 1.130337522205408264e-02 6.549572659146662978e-02 8.563725749326003486e-03 3.305826708262050995e-02 2.700484702382478785e-02 4.067203705072303110e-02 1.297767787129489210e-02 2.801869611176912439e-02 1.372936229664557632e-02 3.720883584484617479e-02 8.341362334525585787e-03 5.664953513888086600e-02 1.285350318471337461e-01 1.442513872824858004e-02 2.837305646481178348e-02 2.123034928979426750e-02 3.453945319798219088e-02 3.807439283771083677e-02 2.124434887366089333e-02 9.197544750457949114e-02 3.608054027013506831e-02
5.575307411852623712e-02 2.200548535103683326e-02 7.746156362446843073e-03 1.055322064267927989e-02 6.471342162660490005e-02 8.142655087176639550e-03 3.204255533706448777e-02 2.889374928053413047e-02 4.071873998668999739e-02 1.270770960530272393e-02 2.838224995225058916e-02 1.334014684919716982e-02 3.732765104036099568e-02 8.196504936381394588e-03 5.780746997126934295e-02 1.281001214984239245e-01 1.451818347240635236e-02 2.803917557408070263e-02 2.064829575647156995e-02 3.436811236878478670e-02 3.790894928163406757e-02 2.133613151451556333e-02 9.288158134646117003e-02 3.599624648107600799e-02
5.941364112853229906e-02 2.062888557776293430e-02 9.889508521394694759e-03 1.083393668136641876e-02 7.399333023948541366e-02 8.872927009612337906e-03 4.030413550101996645e-02 2.837849935416213859e-02 4.197194506829645538e-02 1.282001019328027520e-02 2.810381881302694701e-02 1.564193483642202509e-02 3.774104338468083769e-02 8.520628890999261060e-03 6.255658053056781243e-02 1.266822208696828378e-01 1.459778176056520868e-02 2.795308787081278445e-02 2.281015013957699358e-02 3.499315324287315121e-02 3.899428627965074307e-02 2.375704139113396854e-02 9.500438399520967636e-02 3.655841480316140285e-02
5.500140884756269527e-02 1.035614055891537211e-02 1.197387046921468551e-02 8.957471826240900187e-03 6.314025795859617984e-02 9.005915909571097014e-03 3.533273426189406652e-02 2.741412250445575752e-02 4.417997449754083178e-02 1.384318027477406815e-02 2.623779525538548485e-02 1.444663739745706901e-02 3.494522574014188865e-02 9.081682417915562175e-03 5.742412755301307126e-02 3.295056800736874403e-02 1.489046542449520491e-02 2.827720851889187897e-02 3.336091103757056475e-02 3.381666501142119308e-02 3.804239896733194182e-02 2.091247358390271177e-02 8.157512025953686519e-02 3.589222293337349101e-02
5.739163955057199201e-02 1.677725980080250340e-02 1.132448350733946188e-02 1.079160360597486261e-02 6.265960199340780967e-02 8.941425080895463312e-03 3.490569579855070520e-02 2.839395491803278770e-02 4.366204065676309448e-02 1.333733932490333354e-02 2.785586506516738933e-02 1.547821658782380302e-02 3.586341805961353046e-02 9.086233499057088173e-03 5.885149708931512041e-02 8.754838773550348285e-02 1.498297684330899063e-02 2.859222557082290520e-02 2.950157604412923656e-02 3.457572369238414572e-02 3.910164194652512859e-02 2.049132460386467181e-02 8.998613582524589427e-02 3.686035883759656434e-02
