8.351113436298706061e-01 6.614898793808562383e-01 6.974626400996264408e-01 5.026656109791501903e-01 7.721499300119238907e-01 4.982723148343532471e-01 9.012030402788535621e-01 8.745147453765576007e-01 8.219674330670244666e-01 7.387186120038671255e-01 9.044915211081122619e-01 8.050474028575244079e-01 9.119376230052774757e-01 5.080572845236839274e-01 8.318531537718389934e-01 6.486818075392180027e-01 7.833727303426241129e-01 9.274176041679967897e-01 6.810357693647082211e-01 9.214881174567625122e-01 9.121420786683840376e-01 8.284495715735519239e-01 8.014482900033454982e-01 9.230337148777352230e-01
8.308035613148773146e-01 7.250875025736051027e-01 6.911030089138586741e-01 5.975806981789494321e-01 7.700022747482266894e-01 4.985295475226502182e-01 9.007500604887490603e-01 8.554204544001636767e-01 7.883192000392137411e-01 7.268782916661221671e-01 9.094781005657618378e-01 8.280839720093302603e-01 9.131891905410981503e-01 5.124282982791587004e-01 8.275969457196243884e-01 6.482804901431036271e-01 7.831677381648158853e-01 9.284710870453616316e-01 6.388218372834719716e-01 9.201773283688031713e-01 9.115692558997141592e-01 8.272557960310834568e-01 7.993803253292022237e-01 9.219755550012471712e-01
8.266067070414896412e-01 7.860645688598283387e-01 6.097395833333333348e-01 5.691599236892309621e-01 7.925122649440761169e-01 4.970750194778612574e-01 9.179201164813740599e-01 8.592782649765761116e-01 8.331167557495219311e-01 7.156602564940582889e-01 9.084397937673024392e-01 7.453746500006698250e-01 9.115395661892333745e-01 5.104985491954628918e-01 8.251557408196400489e-01 6.257509936223311087e-01 7.860816708229426686e-01 9.267965506228041939e-01 5.316250569706790774e-01 9.229351170235292612e-01 9.120083200237715237e-01 8.250970679669259455e-01 7.977210730931976190e-01 9.243170286685495896e-01
8.233029815300459964e-01 6.681395861139547421e-01 6.137339614293522150e-01 4.935779816513761742e-01 8.128137961143855339e-01 4.912313137182399148e-01 9.214524724253315702e-01 8.451229639092942003e-01 7.865712740325515595e-01 7.346136259716506967e-01 8.984112006528613970e-01 7.214097885585488701e-01 9.076202318600299357e-01 4.970382195015765614e-01 8.205413592500372388e-01 5.946022485910905653e-01 7.768350203349748684e-01 9.255484892600822633e-01 6.649215310766781739e-01 9.225163833517788792e-01 9.116575366234538347e-01 8.055156898491137030e-01 8.031911443582038235e-01 9.243129599038895083e-01
8.235194699837750099e-01 7.582567158046125133e-01 5.903151421983089397e-01 5.470992054603190935e-01 8.154840122645641287e-01 4.835085032217175671e-01 9.219428656523789289e-01 8.346971967164829032e-01 8.305630749255888956e-01 7.233138539174542858e-01 9.032894569340835789e-01 7.180577730669636116e-01 9.108156539391737416e-01 5.024537611144824778e-01 8.211852157753458670e-01 6.283122302279811056e-01 7.826849614095268137e-01 9.276069544333873651e-01 5.821333266200090506e-01 9.218757782537231327e-01 9.113425553257625822e-01 8.097484683194168253e-01 7.978286290538872949e-01 9.240552234699747070e-01
8.235877664671333864e-01 6.609881633023478864e-01 6.170957293197871785e-01 5.388262564534822552e-01 8.115648260154095794e-01 4.714102682640108899e-01 9.208059342918354373e-01 8.543191894412714982e-01 8.132477742808508214e-01 7.373716256827030913e-01 9.031163496740780561e-01 7.085464921114468240e-01 9.087048832271762411e-01 5.065813769453969551e-01 8.176806953339432749e-01 5.900681690902419563e-01 7.823895449290048099e-01 9.273644549460374753e-01 6.659860049306471907e-01 9.211396464709246112e-01 9.119655048508803485e-01 8.076848487982727365e-01 8.029607218110108580e-01 9.244355494402402007e-01
8.156747778979166474e-01 6.794755642990266686e-01 6.180801248699271389e-01 5.700711963888559497e-01 8.039251670570962682e-01 4.852174142689255620e-01 9.191509865210462094e-01 8.569566051000191420e-01 8.129628496235999924e-01 7.282100201238794757e-01 9.087479127630555542e-01 7.593800978792821788e-01 9.095220173127587238e-01 5.070840588887129963e-01 8.118292930890359527e-01 6.139735105252346337e-01 7.764831196497927746e-01 9.274703380630658911e-01 6.592513289098581586e-01 9.221498047215105354e-01 9.109922359671607239e-01 8.094161423274202072e-01 7.971801364865445105e-01 9.246625889651894914e-01
8.258947249392208922e-01 7.096549500161237756e-01 5.641934600998318450e-01 5.679610372515466743e-01 8.283464216591399643e-01 4.751040359336812235e-01 9.270450626077828549e-01 8.307775018560712432e-01 8.578135315548818252e-01 7.280864520175621690e-01 9.040915987708628698e-01 6.753528042726648639e-01 9.039385327330801134e-01 4.987734107095753155e-01 8.197222414469282903e-01 6.313378982697032127e-01 7.779206943145202668e-01 9.257290362154011465e-01 6.267365891511677001e-01 9.218526399621707057e-01 9.114552386611209922e-01 8.027390522050923405e-01 8.001507889493241210e-01 9.240827869262725480e-01
8.249422111969330063e-01 6.150858304766622098e-01 5.935579627122175017e-01 4.559354062875794478e-01 8.238014115356534495e-01 4.733088565466599951e-01 9.261829417187850133e-01 8.204280828497867439e-01 7.848405953725990924e-01 7.317356818983653532e-01 9.064281878851415675e-01 6.801570969347268125e-01 9.033526854155671248e-01 4.937518968634126426e-01 8.157315479329557695e-01 4.790234472572464930e-01 7.837089964274115417e-01 9.255672526573998082e-01 6.834663964208913534e-01 9.206889695282596264e-01 9.109480364934550156e-01 7.997772857346333586e-01 8.137965782382965418e-01 9.249642866093581439e-01
8.230299218258603222e-01 3.890961528284913040e-01 6.312698928223449135e-01 4.392626020671492881e-01 8.153233046486675351e-01 4.638954586895339682e-01 9.226580331447851169e-01 8.239887172254631853e-01 7.837689167053761841e-01 7.567511126773431851e-01 8.749790988719822193e-01 6.616428033157497612e-01 8.990383408240640861e-01 4.926880727896090217e-01 8.188700889016345963e-01 2.732001798214629962e-01 7.766227015788448318e-01 9.254615561400373336e-01 7.362501664628757769e-01 9.215812787711091802e-01 9.098534575821121129e-01 8.027939253485932847e-01 8.349806376080691761e-01 9.234667001128810115e-01
8.196302521008402842e-01 3.593133751555096511e-01 6.404411191645233981e-01 4.084641493423843972e-01 8.132931437433108535e-01 4.691524349169869379e-01 9.226485762476436259e-01 8.169900232405850060e-01 7.921402497833014422e-01 7.502023974302055587e-01 8.711838687276561854e-01 6.779289574874290958e-01 9.040526454594547401e-01 5.024719515893000255e-01 8.226115740212304184e-01 2.739051802092752896e-01 7.806681306116084462e-01 9.259112671560804086e-01 7.358746293943244643e-01 9.195593380145398177e-01 9.108371026705496254e-01 8.095312055085294167e-01 8.350018580871837459e-01 9.238098820225423280e-01
8.175622250682109682e-01 6.333037044783142999e-01 5.835091008514959876e-01 5.109911859397265887e-01 8.137374885265964419e-01 4.700273379204690793e-01 9.209248153838529571e-01 8.216056518946692755e-01 8.125991361429024673e-01 7.315922867892976633e-01 9.013432263016502022e-01 7.116473841032936454e-01 9.168299287470207393e-01 4.989513395153737374e-01 8.205914192923480233e-01 5.281484874351981551e-01 7.855138730125740265e-01 9.284930318035632402e-01 6.614077071100804561e-01 9.194826815087213667e-01 9.130035948927730516e-01 7.875579858501567942e-01 8.060775039055719793e-01 9.237697935458007992e-01
8.112985268535440886e-01 3.507207411055356383e-01 5.535986650849313850e-01 4.375239885119843186e-01 8.228729281767955817e-01 4.554894966309948612e-01 9.248750825514311380e-01 7.742118423426906926e-01 8.335401033448562869e-01 7.564561192782724985e-01 8.638494620878481856e-01 6.666621877645351191e-01 9.040103718663126120e-01 4.866911124594401894e-01 8.110489574095549603e-01 3.451642290835672533e-01 7.792891106087770359e-01 9.219560700126205877e-01 7.241498175421079431e-01 9.197027774676540535e-01 9.072934919037144441e-01 7.909747947050747019e-01 8.226834577114428004e-01 9.210536246650816716e-01
8.117761686485528427e-01 6.899620792556587778e-01 5.089235589790456205e-01 5.410008964826240607e-01 8.318532667582632101e-01 4.491748259140339039e-01 9.274641196179427283e-01 8.204564731282288914e-01 8.114292691861529905e-01 7.343390804597701438e-01 8.993058223827454789e-01 6.662410451472426942e-01 9.063490491283676675e-01 4.854687994931897177e-01 8.128738769475719605e-01 6.101980423400864550e-01 7.775626867610757609e-01 9.250689197467837355e-01 6.039889224196813844e-01 9.199179920477137395e-01 9.070835913312693677e-01 8.039319734934768924e-01 7.975609756097561398e-01 9.228455029771231999e-01
8.121484939424252758e-01 5.991078457097874788e-01 4.982439189983157157e-01 4.797976462507759776e-01 8.477335336839468827e-01 4.460751259370909771e-01 9.268997727846502999e-01 8.095634681666175059e-01 8.163905224372269842e-01 7.379618383418876659e-01 8.828916776920013865e-01 6.620659967445552407e-01 9.037880402753570852e-01 4.822503167229729715e-01 8.105161327035793617e-01 4.544376509497595751e-01 7.731950725089661303e-01 9.214636949996807269e-01 6.683583189972965855e-01 9.192659183470746065e-01 9.108626793366871865e-01 7.804760978141013217e-01 8.160256974390566187e-01 9.240492029622191517e-01
8.105041876605826312e-01 6.078572834000131042e-01 4.956441100792811083e-01 5.041776111719750153e-01 8.411457745047100643e-01 4.506517198529995105e-01 9.258259773013871596e-01 7.850765470217418995e-01 7.881546744982868002e-01 7.288629356743481225e-01 8.876534333110780439e-01 6.702026109520160535e-01 9.065039630781579483e-01 4.819868563435297792e-01 8.131968042186132894e-01 4.544573115597049795e-01 7.783249951270222455e-01 9.251819690971778698e-01 6.672687950060213202e-01 9.203784877873116832e-01 9.101267236778413094e-01 7.743748134497838720e-01 8.169449734168436894e-01 9.250630750498951560e-01
8.164692498159673573e-01 6.652513763373844036e-01 6.339214895913245496e-01 5.507998840365811999e-01 8.027639138917934680e-01 4.796356195128391176e-01 9.173046340471171511e-01 8.364073879708679993e-01 7.997701318073997534e-01 7.245321973656700942e-01 9.042781294670205749e-01 7.382569212842046147e-01 9.107584216799448074e-01 5.045377796538623727e-01 8.208569836087951099e-01 5.774150052971203095e-01 7.785759752659816568e-01 9.247377767557140027e-01 6.761057106630534719e-01 9.213618672204330062e-01 9.110852646036203817e-01 8.070159571031720880e-01 7.983152646903977079e-01 9.227112367703355078e-01
8.158435414190997603e-01 6.162625194238779969e-01 6.377235391973383738e-01 5.286872815982066598e-01 7.991715315934065922e-01 4.631717945332101127e-01 9.169273206413318666e-01 8.389997694140555184e-01 8.300424162644434167e-01 7.486973895556107150e-01 9.007619924312161297e-01 7.654928165720013000e-01 9.072585196984710443e-01 4.960031658092600160e-01 8.146574076161702260e-01 4.949800051050795568e-01 7.874706119214932576e-01 9.271151170064726443e-01 6.944670564148104352e-01 9.215260006459787823e-01 9.114516288741459915e-01 8.013698630136986134e-01 8.033356046594632982e-01 9.246133617181140352e-01
8.372671804752729319e-01 7.535891613101881603e-01 6.840772766222638079e-01 5.444066814205922311e-01 7.855070935077264060e-01 5.040715860048304853e-01 9.094266254172831410e-01 8.521699125900935590e-01 8.378931376272681364e-01 7.467248337926620794e-01 9.050262298830134000e-01 7.576594204840914060e-01 9.112058404380328769e-01 5.141014991495589381e-01 8.203996765623194909e-01 6.692845305857770821e-01 7.791954680110181330e-01 9.266127693270496124e-01 6.394888612461834265e-01 9.192831808848236363e-01 9.096476468550502847e-01 8.005860181743081894e-01 7.996707624109660184e-01 9.227378856550673136e-01
8.050040854183688754e-01 7.544488558249495824e-01 5.386260497626623733e-01 5.603880632379849569e-01 8.017095673330534300e-01 4.635334821133809680e-01 9.201177212528904859e-01 8.525216635566575940e-01 7.858494507384925498e-01 7.197396452797636401e-01 9.101692114061963323e-01 7.781470158181575947e-01 9.141073657927590856e-01 4.803408206602740593e-01 8.055848497767406080e-01 6.046398284433180947e-01 7.767849025236059912e-01 9.260947856403969336e-01 5.704526583297687692e-01 9.192423600906577397e-01 9.112389435269375726e-01 8.254979977079872633e-01 7.908681726768745923e-01 9.238236837502186161e-01
8.129628181787720287e-01 6.786282550483163645e-01 6.102160333159812877e-01 5.485754197306343949e-01 8.291488058787507276e-01 4.853409015906540724e-01 9.240073168000199066e-01 8.440167385434396152e-01 8.424542729552823017e-01 7.250215612994276304e-01 8.999744865416506867e-01 7.791762319150071781e-01 9.120299429777185551e-01 4.974338676693713102e-01 8.159754921427355701e-01 5.913761129226469127e-01 7.852196395857965472e-01 9.269324674992649449e-01 6.654431435006035178e-01 9.206246500342188943e-01 9.144657527436333977e-01 8.220780395755515890e-01 8.030709342560553576e-01 9.239351167046907509e-01
8.132124266068792018e-01 7.473827713043701415e-01 6.974419479054571047e-01 5.885298911614701423e-01 7.941518347498747188e-01 4.951177029452127343e-01 9.100436574419429325e-01 8.557871612128643557e-01 8.152392145340581209e-01 7.220748677075847777e-01 9.088758299626039650e-01 8.486956521739130732e-01 9.095092216317599565e-01 5.118970721997390116e-01 8.184348727657944078e-01 6.107803093679773365e-01 7.953580195602197866e-01 9.281173406862744946e-01 6.275649880698229710e-01 9.213196389666977737e-01 9.116823934418109010e-01 8.180681100179236775e-01 7.923578830653759120e-01 9.232817128501256132e-01
8.124396282767273325e-01 7.400720627975807542e-01 6.781816530191152603e-01 5.880682565140799012e-01 7.959768272087902607e-01 4.925258922092486391e-01 9.116105327617881615e-01 8.625475139671930913e-01 8.399356427195826535e-01 7.218860675126439475e-01 9.026447353356485959e-01 8.441182331451344556e-01 9.135132431283294885e-01 5.134376359250814037e-01 8.130142699339479861e-01 6.101496304308635654e-01 7.863220107813210236e-01 9.271879987232684028e-01 6.269854224476727467e-01 9.224850597609561831e-01 9.109584802920611679e-01 8.249191230489644200e-01 7.929669156883670800e-01 9.242802878848460635e-01
8.108387721634621181e-01 5.373163693599160018e-01 4.925441285827973359e-01 4.425581426097073834e-01 7.862617986781257340e-01 4.356266849923349227e-01 9.227963978267880174e-01 8.178680489619953864e-01 8.331348579483316419e-01 7.302874756736282835e-01 8.895567146390537250e-01 7.353647152953727284e-01 9.075982576603943697e-01 4.437948690878378288e-01 8.155927456693091715e-01 4.174341306124251805e-01 7.729238922879076990e-01 9.223431154700789669e-01 6.931741823557440174e-01 9.203022845352624159e-01 9.090302491103202653e-01 7.979357296372083796e-01 8.096784741144413822e-01 9.234801756602900591e-01
8.231365547168105756e-01 7.653261497017510573e-01 4.892626402657529461e-01 5.715244423975262000e-01 8.341827876289583665e-01 4.595866152138288196e-01 9.258830632987823384e-01 8.336624522350165600e-01 8.246865223068016171e-01 7.254953212400020446e-01 9.030935187661585095e-01 6.891145770362310241e-01 9.094727076699345991e-01 4.839837924162234128e-01 8.149448518796558183e-01 6.324076433121018637e-01 7.832330504619943179e-01 9.254040507364975632e-01 5.464413890714249211e-01 9.229993149405243402e-01 9.104342879754662166e-01 7.736699612679248661e-01 7.955137063341581882e-01 9.241995997998999623e-01
8.232523381417151676e-01 7.684105298233921966e-01 4.789401373895976199e-01 5.380825022068220775e-01 8.372270816000719762e-01 4.510317114116138559e-01 9.255533706448847431e-01 8.395303326810176214e-01 8.273274013457888598e-01 7.243002261763129557e-01 9.111733621951996209e-01 6.815712326188106962e-01 9.112058159939834256e-01 4.824454886225648109e-01 8.194814635328325769e-01 6.323610627288716035e-01 7.823702201772856357e-01 9.244361479056921738e-01 5.370581239403831031e-01 9.233317145454319474e-01 9.093943964984296802e-01 7.701475522391926232e-01 7.968510355331037687e-01 9.243290584923365971e-01
8.249264515256377051e-01 7.433848841391358375e-01 5.776958357221034790e-01 5.679326005397222765e-01 8.037169345003615240e-01 4.712818210626386617e-01 9.194782716202015704e-01 8.438607036435487041e-01 8.114698771522894649e-01 7.221808392467427007e-01 9.119116955122906765e-01 7.560580718538837397e-01 9.143443494800596039e-01 4.879840666877703903e-01 8.217727611298917267e-01 6.292013254886048568e-01 7.860593781656666224e-01 9.249814753302501025e-01 5.897316600860096347e-01 9.210631146520602552e-01 9.101140270597838366e-01 8.261727058277582580e-01 7.949252582280105228e-01 9.235369766890162424e-01
8.226317272471118658e-01 4.755128661211905361e-01 6.565629017804963663e-01 4.571349301766392537e-01 8.374096189094670795e-01 4.818429114726389129e-01 9.256652189106884254e-01 8.074472040928848404e-01 8.394316594814500432e-01 7.410280520294624251e-01 8.813333162263763398e-01 7.177669472751440072e-01 9.058684916397182763e-01 5.136884284339700013e-01 8.182047924276885098e-01 3.688056493705864081e-01 7.908058522387672040e-01 9.263465489300343192e-01 7.274430601518395711e-01 9.194433409474624952e-01 9.106717307119451821e-01 7.833555898406606710e-01 8.297684304732072524e-01 9.234090081949726248e-01
8.271334792122537749e-01 6.938409796257580808e-01 6.281122827090348526e-01 5.569520300059221940e-01 8.377487541201219523e-01 4.762068282374694594e-01 9.259458579992740912e-01 8.331070696721311064e-01 8.425649921813916920e-01 7.411955272233252678e-01 9.015589062100689555e-01 7.463046595462403676e-01 9.074698734748642970e-01 5.191285655883632888e-01 8.307975972354292304e-01 5.512093221261892273e-01 7.953322764248772492e-01 9.268401695867599654e-01 6.793858353033884745e-01 9.207603428997390704e-01 9.104370256461133959e-01 7.683013872847372916e-01 8.109778064037204137e-01 9.238878663811992409e-01
