1.070921098998533633e-01 2.608875609535265747e-02 1.484448938845889590e-02 1.284536762281569475e-02 1.531143123639755466e-01 1.223160974838207946e-02 7.150201405605487170e-02 3.906528265404772549e-02 6.578081189808607232e-02 1.872380430099103085e-02 3.943099258203656976e-02 2.145808343329334844e-02 4.997619584554862521e-02 1.215124477773238225e-02 9.716373112450266136e-02 2.031548399176184294e-01 2.261192383078700421e-02 3.745724641380366454e-02 4.847791768698181403e-02 5.221662625132127145e-02 5.743356149970911539e-02 3.285486852917009204e-02 1.482428321791469938e-01 5.194740387734225057e-02
1.086530732392133741e-01 2.956646989981609464e-02 1.480885938067327129e-02 1.568988173455979074e-02 1.535154352566686364e-01 1.246836777730915211e-02 7.177316969953448367e-02 3.589409389455391203e-02 6.263395755000061849e-02 1.895146544067708230e-02 3.997458703939008734e-02 2.268342978780017380e-02 5.119232115182722337e-02 1.221665788086452251e-02 1.008381079741304809e-01 2.397135564131826768e-01 2.254672897196261655e-02 3.734572234489272335e-02 4.533750000000000280e-02 5.181211728978941944e-02 5.773369282904989436e-02 3.291399229781771796e-02 1.498435433401077432e-01 5.206606419445310163e-02
1.007125998034986286e-01 3.442290265351185402e-02 1.228446873576680316e-02 1.495069033530571981e-02 1.315257626685955028e-01 1.154780129863273996e-02 5.933060378847671706e-02 3.658909981628903629e-02 6.269527181837117324e-02 1.850061407405471925e-02 4.047416583112284361e-02 1.825281146784697023e-02 5.281681351870803204e-02 1.221907335398405084e-02 9.270555197495626565e-02 2.561778688662287862e-01 2.248270311668418980e-02 3.710418794688457450e-02 3.712373312413801835e-02 5.155114032466885654e-02 5.595565124854604694e-02 3.014129537953795512e-02 1.451926276580899344e-01 5.063512483918913842e-02
1.018314358997435137e-01 2.546104434314131956e-02 1.256323887060904407e-02 1.258575197889182096e-02 1.228495063546609922e-01 1.148226847391413397e-02 5.604756301480150887e-02 3.632533197139938691e-02 5.944000098288550887e-02 1.878835357096226774e-02 3.823165836190087902e-02 1.775670898280572174e-02 4.827897868494388650e-02 1.194557249090237930e-02 9.321528510482132712e-02 1.997018249070561802e-01 2.210217385658260272e-02 3.728095365726027954e-02 4.777588585490746831e-02 5.178842186373691647e-02 5.494791344093347130e-02 2.858324288003307942e-02 1.400309018811249917e-01 4.936650282040699195e-02
9.991328535873959804e-02 3.126243246364907719e-02 1.191344200822873865e-02 1.368221443809423434e-02 1.214797789087725122e-01 1.174436864121613557e-02 5.516762374886824416e-02 3.439051860953258599e-02 6.310750924270988604e-02 1.869708372530573884e-02 3.895723864171300038e-02 1.752976310045130034e-02 4.967061593567617672e-02 1.198465331522670721e-02 9.253717653263623943e-02 2.535885571467171307e-01 2.238757515550534455e-02 3.676939968848147444e-02 4.068487463674218957e-02 5.169688748397695266e-02 5.546203926034111442e-02 2.888478381625350297e-02 1.430869201569838489e-01 4.993063453775106048e-02
1.003695691364701603e-01 2.482572753893596759e-02 1.280584518578226083e-02 1.429455201189896475e-02 1.243927412151711182e-01 1.093011590147054991e-02 5.669835140353483155e-02 3.640565941362754188e-02 6.255507686282189839e-02 1.881716919782185776e-02 3.809378107549912101e-02 1.722173825638276604e-02 4.813921952689468459e-02 1.235088644302379142e-02 9.483911527690461196e-02 1.908388105510032684e-01 2.255199813040429865e-02 3.691600714832780211e-02 4.763623240707325762e-02 5.230398429638095925e-02 5.523083019615613459e-02 2.860760802150092916e-02 1.400043201209633936e-01 4.956869608701087310e-02
1.053188644770266108e-01 2.669805585378157847e-02 1.262268443288917796e-02 1.466487794612794660e-02 1.271391268693757015e-01 1.175834037162162143e-02 5.778776578667917802e-02 3.617782319877363428e-02 6.223391240518717782e-02 1.864935811207898628e-02 3.873984050549058450e-02 1.956597175880201919e-02 4.888721710237602797e-02 1.210299410671202003e-02 9.950209436497273185e-02 2.238202367561197836e-01 2.240743625694552668e-02 3.702900030634126427e-02 4.773931868514693505e-02 5.208657061521822923e-02 5.549367589911140958e-02 2.898868860079541199e-02 1.422228418828626884e-01 5.008000800080007753e-02
9.691455696202531944e-02 2.830991362640196060e-02 1.117565842602964536e-02 1.440505163454581378e-02 1.118214059390530007e-01 1.094533931872194304e-02 5.060761612149824312e-02 3.478449985287909024e-02 6.405259106294065863e-02 1.858357384456662403e-02 3.820373626933761674e-02 1.584466853759080446e-02 4.743172420727186089e-02 1.210044157384828310e-02 8.783822732565513269e-02 2.227878613444622402e-01 2.239881578434809589e-02 3.659050562587005950e-02 4.414395256620341768e-02 5.125239409994278988e-02 5.520295933390243631e-02 2.729695464306967911e-02 1.404026267628377678e-01 4.971173447055439454e-02
9.876028400766369286e-02 2.191074173462209673e-02 1.195789364110704835e-02 1.134472648511582367e-02 1.142376966708313485e-01 1.117959954067288854e-02 5.181108440935861675e-02 3.442404690580433413e-02 5.919752556061517318e-02 1.874004231201191126e-02 3.724620829766300822e-02 1.578756594933480167e-02 4.715974027605088909e-02 1.190852983066940929e-02 9.184035934044527949e-02 1.365550779384308022e-01 2.260451830693326405e-02 3.653102136190099214e-02 5.113699526921033911e-02 5.192950206798901958e-02 5.376810337351487640e-02 2.739601935968113619e-02 1.314714865944845157e-01 4.899370045211466629e-02
1.009239197548188610e-01 1.168801977972578135e-02 1.325629706569722219e-02 1.050153422918209678e-02 1.179869341124716864e-01 1.118476653285442601e-02 5.461127434571850375e-02 3.367503844182470618e-02 6.145312824522607825e-02 1.957945266233596798e-02 3.367955573837926736e-02 1.528501584913770014e-02 4.719005257280518145e-02 1.229573010015814517e-02 9.035771612015593146e-02 3.317073170731707488e-02 2.216883116883116775e-02 3.694156979340793706e-02 6.357234469907799279e-02 5.266747687194622829e-02 5.387171982737239129e-02 2.732777806531752965e-02 1.165655906477491427e-01 4.798495769351300566e-02
1.022453664818858826e-01 1.137520997844000854e-02 1.334527657696252083e-02 9.156077329764538905e-03 1.191232493914486240e-01 1.125983420455145545e-02 5.474918502175341040e-02 3.254369530066986843e-02 6.224071452974767188e-02 1.907943675205867398e-02 3.357024432249026274e-02 1.590219812662712479e-02 4.719349332262275099e-02 1.237219352798566395e-02 9.312646169642348204e-02 2.868762507262281186e-02 2.230994987403579072e-02 3.711879545744545261e-02 6.375181422351233751e-02 5.260939108008580445e-02 5.476839237057220394e-02 2.761716274076086303e-02 1.161222789996173149e-01 4.855524647269628818e-02
1.079919857524487964e-01 2.034044443283211656e-02 1.199724141520604886e-02 1.269895691849194999e-02 1.211760465700462003e-01 1.149622512010981500e-02 5.625797184005548041e-02 3.255664676808524283e-02 6.338792483201834138e-02 1.893222264293828103e-02 3.689829316627245281e-02 1.754950030812099659e-02 5.128333042328702546e-02 1.200959713140687703e-02 9.654897494305239580e-02 1.630058164337665205e-01 2.262784146230640420e-02 3.746125687172357360e-02 5.163167433087174907e-02 5.241069322174900930e-02 5.487208077804621442e-02 2.679392377523666380e-02 1.386668979950336777e-01 4.900524609047315211e-02
1.124451145029767424e-01 7.302862615728424218e-03 1.087891184824243615e-02 1.044945900902092585e-02 1.124413275167043952e-01 1.113091701326995517e-02 5.134623527360581557e-02 2.971750975769988853e-02 7.007511917946741831e-02 1.940265400122653111e-02 3.084905903916152631e-02 1.633517964674168280e-02 4.967481498093743314e-02 1.212776335042644975e-02 9.500107955772224555e-02 6.590134485007320686e-02 2.228021656993728686e-02 3.713943532769340555e-02 7.223133033953477167e-02 5.288997991519749781e-02 5.273617010706212888e-02 2.654981812533170962e-02 1.181112850054943236e-01 4.634029820723643139e-02
1.063377709903389617e-01 2.319493644509272937e-02 1.007306889352818299e-02 1.330750886069278181e-02 1.091572883172561570e-01 1.100018487705675674e-02 4.946709482338535607e-02 3.201941972026355054e-02 6.305833536734195555e-02 1.887605247699236308e-02 3.650653456728492063e-02 1.599119947411491507e-02 5.522626310123371352e-02 1.152836584754593496e-02 9.304916169366296563e-02 2.212432875216164552e-01 2.228137375835876136e-02 3.752694618416520939e-02 4.753748386456161518e-02 5.207078547035082217e-02 5.402562039730181287e-02 2.737068129195824664e-02 1.382591419212801376e-01 4.837133550488599554e-02
1.095261900794312071e-01 1.851439061168294598e-02 9.890912886893888159e-03 1.193336325474562455e-02 9.647176616490880929e-02 1.054467612780464643e-02 4.259130763893269334e-02 3.416483122470932027e-02 6.233614203665540504e-02 1.886078262458558419e-02 3.464876245250077258e-02 1.536044684936289061e-02 4.809764900496265455e-02 1.159309426148428558e-02 9.637128881810942682e-02 1.400672009395082795e-01 2.211659588836508566e-02 3.650753127393413511e-02 5.425852011053116514e-02 5.203459872674699727e-02 5.282433271260086882e-02 2.563204978607545870e-02 1.274890323148137883e-01 4.708022329549018531e-02
1.094472607612949067e-01 1.847142108023073007e-02 9.711779448621553346e-03 1.217581721763448879e-02 9.476286704523645410e-02 1.035790252473874073e-02 4.361963576784926716e-02 3.087110253937640561e-02 5.998899284534947585e-02 1.863094538665413177e-02 3.465975439181819689e-02 1.567385499000254964e-02 4.724182449455384403e-02 1.160597707819527140e-02 9.865282384479076572e-02 1.385265358566170890e-01 2.212987012987013141e-02 3.652606725799247001e-02 5.443179445611191075e-02 5.221157664813343841e-02 5.351427791698712411e-02 2.540790122175819177e-02 1.268208423183558586e-01 4.689381774387796353e-02
1.029619968117008316e-01 2.400695552873697430e-02 1.313806008940638335e-02 1.365713608407633298e-02 1.294767917941645474e-01 1.147908695078506472e-02 5.873438308568049160e-02 3.464155963772194702e-02 6.326453300094096732e-02 1.867498987893905296e-02 3.784583593759965198e-02 1.851579524337909968e-02 4.843887147335423221e-02 1.175958762342952865e-02 9.426089724641306677e-02 1.914705174488567918e-01 2.218788948899044419e-02 3.667100794198013131e-02 4.812960455206172217e-02 5.130244581427718942e-02 5.601998417095369748e-02 2.879648760330578636e-02 1.405558658017956042e-01 4.982557921454381505e-02
1.061739632359470775e-01 2.119385065121499184e-02 1.333956799023237015e-02 1.320506062203479110e-02 1.298844780057707426e-01 1.157373804025074206e-02 5.966695794513298540e-02 3.422228481442124437e-02 6.461279830427950344e-02 1.925034585367126766e-02 3.742604873436321949e-02 1.979590475555259230e-02 4.871383442812014103e-02 1.200975545448553124e-02 9.954817410508050302e-02 1.487525114543579718e-01 2.243223595388929223e-02 3.741036568249674760e-02 5.229096557079989521e-02 5.229504736600325276e-02 5.514801390452391677e-02 2.853083629318695427e-02 1.362997556809582567e-01 4.939924906132665827e-02
9.470752089136490193e-02 3.142791198645945860e-02 1.439007616749062544e-02 1.402109088036652268e-02 1.364259356879282958e-01 1.189753871316643306e-02 6.529868987094250565e-02 3.608056502803427823e-02 6.306328369905955800e-02 1.905855938177166212e-02 3.988726958817854357e-02 1.870134039650052024e-02 5.103761916065917975e-02 1.238667510014758617e-02 9.438318997864111881e-02 2.250871017402342467e-01 2.208832733836304726e-02 3.718312016542850429e-02 4.210618846694796219e-02 5.164179104477611970e-02 5.699059018461043874e-02 2.927099861965762329e-02 1.461387075612720077e-01 5.136268343815513643e-02
1.067420070410877303e-01 3.126845930605850338e-02 1.089548931955323235e-02 1.443193180024206733e-02 1.273699614780381684e-01 1.132344401625930488e-02 5.729540005437872008e-02 3.559978029557908652e-02 6.037309491937564027e-02 1.873138617482627069e-02 3.983279121772718284e-02 2.258192914952899047e-02 5.210555867490174187e-02 1.199546545042313658e-02 9.945166462956525621e-02 2.697457633999983950e-01 2.275500402398816097e-02 3.682289273497728332e-02 4.125435364826294388e-02 5.125269145083201361e-02 5.498269040553906833e-02 3.123310941240058786e-02 1.443461243937718130e-01 5.047263464155938434e-02
1.072361517336846148e-01 2.605109375808036323e-02 1.226507121024907401e-02 1.342078575473810292e-02 1.116848430892499466e-01 1.149076517150395861e-02 5.334046363545915520e-02 3.495421292269913771e-02 6.280264123257520148e-02 1.849264081701949836e-02 3.757251227130745108e-02 2.082223169561973897e-02 4.796455066969609188e-02 1.164293248945147755e-02 1.003742345202993935e-01 2.276449192598970217e-01 2.178881213317404933e-02 3.628280144109154864e-02 4.836222548312482661e-02 5.123740828255192448e-02 5.387309947331809373e-02 2.854707037304949832e-02 1.399837881653607230e-01 4.863503677069369591e-02
1.075081538017794158e-01 3.034743377164230912e-02 1.483660300101070223e-02 1.563300534675056766e-02 1.362958067748193391e-01 1.185562251908900237e-02 6.485125522501161699e-02 3.689094831437726013e-02 6.330678217034345356e-02 1.873857404021937734e-02 3.958659090042332407e-02 2.422314980454515210e-02 5.061234691327168300e-02 1.244993676222596983e-02 1.010599353450703369e-01 2.643825171557173670e-01 2.233962460084633686e-02 3.744529924343909660e-02 4.227172889865076638e-02 5.098917506532288368e-02 5.569375858612111291e-02 2.983401206247744686e-02 1.459383425155315883e-01 5.071703392794683213e-02
1.074218750000000000e-01 3.021027586650376281e-02 1.452583523552604221e-02 1.533286909907897663e-02 1.349636229608025262e-01 1.250000000000000069e-02 6.312503825203501229e-02 3.716074092015858588e-02 6.621024035474556979e-02 1.895146544067708230e-02 3.946398148854476234e-02 2.402705032155406581e-02 5.078051767881916478e-02 1.251416076086097479e-02 1.008077690028502810e-01 2.651397865316721392e-01 2.235492665195378328e-02 3.734847518182977943e-02 4.178797309507077673e-02 5.095501773159957781e-02 5.614100185528757281e-02 3.011644682605111450e-02 1.454157555069603702e-01 5.081359191777913564e-02
1.146924227756754427e-01 1.799829586419348509e-02 1.014394492541983994e-02 1.160178651655699097e-02 1.350373051636256094e-01 1.053980161927278031e-02 5.488265995561781435e-02 3.257120141569316146e-02 6.666342802317248850e-02 1.916248955722639827e-02 3.577283672319278574e-02 2.057766538000798534e-02 4.792492597982636604e-02 1.114466968254177598e-02 1.005654691362204978e-01 1.288367934836594786e-01 2.234252479617801490e-02 3.663003663003663174e-02 5.756080883071212212e-02 5.214971614554218121e-02 5.496894026403863209e-02 3.167927149251427432e-02 1.335475788441636280e-01 4.916720852298304273e-02
9.730395202005941158e-02 3.202564102564102455e-02 9.201772386840419496e-03 1.483429773803261395e-02 1.060592489755704387e-01 1.080395704832723576e-02 4.585056763178738115e-02 3.348669118683600399e-02 5.904149893513559871e-02 1.876934731782500115e-02 3.900005091390458534e-02 1.641212673808981060e-02 4.972998709451078442e-02 1.158128000844193574e-02 8.611335565046750185e-02 2.533214482787894406e-01 2.202769046938722608e-02 3.680370081658210918e-02 3.809187011379567417e-02 5.098966762106311307e-02 5.472544584924548400e-02 2.695424768908107060e-02 1.422330720801747439e-01 4.889694394100368990e-02
9.664678655093195125e-02 3.261134095887077006e-02 8.683143716490126715e-03 1.397045269006925994e-02 1.052915463361463466e-01 1.070069752694990418e-02 4.469808634743061698e-02 3.565219614460295866e-02 5.861775900082525498e-02 1.838398620221078084e-02 3.892848052939679171e-02 1.605326031515932547e-02 4.980895709364234480e-02 1.174003086704744798e-02 8.796936986806901115e-02 2.532741077950094177e-01 2.196588857280178803e-02 3.661014350153980051e-02 3.720142129155444566e-02 5.093837116686578820e-02 5.496583171657007383e-02 2.702037857013387182e-02 1.427285006753714613e-01 4.890583968988370528e-02
1.012933462517744132e-01 3.083559058757076587e-02 1.151146588881799167e-02 1.465596632022102275e-02 1.256283575327393209e-01 1.157282168353545096e-02 5.764240701841097381e-02 3.551982412638359649e-02 6.175792365812972362e-02 1.871587911083248332e-02 3.965328791845657008e-02 1.907178631051752865e-02 5.111433502588859368e-02 1.195607756291111427e-02 9.425037223685717169e-02 2.536230047067373206e-01 2.264968913463909911e-02 3.667053971577777932e-02 4.101996958690980188e-02 5.181959564541212954e-02 5.547383904181550640e-02 3.048104918708613442e-02 1.456710164908568139e-01 5.026455026455026176e-02
9.834403514700912341e-02 1.482710489584156306e-02 1.362822210108246938e-02 1.177775430442590081e-02 1.028839885809337551e-01 1.123091338603460394e-02 5.059312202971222999e-02 3.324192018863572629e-02 6.636727758223084916e-02 1.900361538561937819e-02 3.464724437719590711e-02 1.704613982659037089e-02 4.873037944555100309e-02 1.271208768047212521e-02 8.998955211885326100e-02 6.596293114029704030e-02 2.207591517654239333e-02 3.730296383206652133e-02 6.017972445492904970e-02 5.254538010099631812e-02 5.344051207621599436e-02 2.622576966932725281e-02 1.179180410353888320e-01 4.791290387316877314e-02
9.628765043174761229e-02 2.461909829470241770e-02 1.276020686608279886e-02 1.474417992897540490e-02 1.002496120893206499e-01 1.110084477296726518e-02 4.803242188477221952e-02 3.453439999999999982e-02 6.391863347211877711e-02 1.899552201783359651e-02 3.727731307068514466e-02 1.812442316180896615e-02 4.887708040906356410e-02 1.241532013601497238e-02 8.659117514111197567e-02 1.830344772988164448e-01 2.233795244094079202e-02 3.698645871887483449e-02 5.316203344777938045e-02 5.174147886012292474e-02 5.407716810649347561e-02 2.529117273222484391e-02 1.337399615921787688e-01 4.922792001401506828e-02
