4.049619701762853796e-01 4.193616983287878353e-01 2.537690692119597413e-01 4.069038243592714710e-01 4.171287727031300907e-01 3.383359701874736891e-01 4.171711530704216853e-01 3.792240556301780807e-01 3.978977589242336799e-01 3.993058882022202938e-01 4.073710653324577047e-01 3.431695765488979033e-01 4.373874575949936450e-01 3.924894944653153361e-01 4.097631265944750578e-01 3.948355063055996594e-01 3.923889570436546181e-01 4.348912554285334631e-01 4.197860296729227225e-01 4.296672286157039999e-01 4.732872868041866909e-01 4.297158674283169111e-01 4.798201272145931617e-01 3.842466264247230701e-01
3.932906740353513952e-01 4.141710351914882904e-01 2.429283959680773319e-01 3.781981821221597206e-01 4.132817491648357877e-01 3.518922365852240608e-01 4.124644117735044579e-01 3.790734662683961642e-01 3.983562947915032515e-01 4.184646759857930109e-01 3.895599471912460920e-01 3.432002535430098700e-01 4.308364061098813869e-01 3.750678592957643609e-01 4.058625172587091434e-01 4.336548916205177906e-01 3.809185900919843659e-01 4.298324540036885244e-01 4.279945882655212253e-01 4.190235833973986468e-01 4.751904177928644168e-01 4.162640173615002048e-01 4.801980032569126422e-01 3.795186447417467912e-01
3.634512097442124112e-01 3.886554634583320733e-01 2.311380145470501024e-01 3.780664354788309534e-01 3.827470311776228762e-01 3.451347502118249366e-01 4.176403978392224103e-01 3.946908072808598678e-01 4.178381633568688525e-01 3.983160714480133424e-01 3.919692908565827749e-01 3.381490333306080287e-01 4.440353995678544274e-01 3.899370122420020013e-01 3.674296681654611318e-01 4.465484185842172882e-01 3.638057538594718365e-01 4.204170127893926967e-01 4.276447708070273412e-01 4.190463815563073569e-01 4.609367911860638434e-01 4.110145849767773418e-01 4.580799103569707098e-01 3.826955346617036957e-01
3.564318600367243906e-01 4.406475947470252508e-01 2.362900212362481212e-01 3.807765677434304941e-01 3.903556295110920948e-01 3.365778427947784257e-01 4.297130220978766513e-01 3.761531811859689101e-01 4.756929560204498642e-01 3.869566515247382377e-01 4.137177070736246520e-01 3.492156070123494938e-01 4.334071307416824115e-01 3.668067692049184481e-01 3.671979307149655924e-01 3.957772749212858932e-01 3.822211051843936169e-01 4.247817297650053336e-01 4.089808547752095680e-01 4.167157153749616039e-01 4.486240619174400313e-01 4.090802837156534699e-01 4.534363464301484625e-01 3.844857625915957255e-01
3.623458148054160555e-01 4.194596855143786773e-01 2.256822497368673741e-01 3.686865535706254637e-01 3.940452545085345037e-01 3.781916575171657136e-01 4.211367242337917260e-01 3.758987477841257974e-01 5.024147251829462757e-01 4.107759571376644048e-01 3.998907530740419825e-01 3.292048469062805460e-01 4.273662217288595744e-01 3.756128641770841159e-01 3.609316130496629249e-01 4.426818343416517587e-01 3.709042314503509519e-01 4.232300260402934722e-01 4.216342027682248306e-01 4.431342252372944546e-01 4.516212335413253842e-01 4.198582381985180856e-01 4.530065354023583568e-01 3.842898114003425181e-01
3.655106424269022880e-01 4.306088137023698637e-01 2.549678261081518293e-01 3.776044725330923169e-01 3.847982682303240920e-01 3.151083100473731080e-01 4.174111897928557413e-01 3.845591126304183649e-01 4.108029973426408632e-01 4.254794239304457437e-01 4.096732006379673607e-01 3.688496806931360616e-01 4.395307002838760302e-01 3.674460170845433860e-01 3.702836218693834058e-01 3.984587252722955331e-01 3.947448075886493268e-01 4.296096627934307688e-01 4.149729809611359399e-01 4.174513944849843061e-01 4.612479497164579390e-01 4.079803925288776334e-01 4.568750639569873484e-01 3.830692100588111715e-01
3.610850711177902017e-01 4.324421391505177126e-01 2.462091414789443766e-01 3.864317408193861936e-01 3.874043653537138088e-01 3.754025109906392044e-01 4.047321669472449535e-01 3.812781374042128468e-01 4.687718814227816999e-01 3.954105211423701305e-01 4.081709710681532544e-01 3.420309345568348092e-01 4.305527128528897629e-01 3.640924557201606904e-01 3.639298142416600435e-01 4.096527009025224264e-01 3.606110151399255503e-01 4.293857779217504778e-01 4.070753938116465354e-01 4.288115451920423982e-01 4.564495405670775940e-01 4.048959950377461481e-01 4.488438496876936967e-01 3.903663601682086925e-01
3.527201218387292503e-01 4.167185182838775148e-01 2.284481084365339310e-01 3.705164044892571562e-01 3.844580019111604741e-01 3.643472782850786240e-01 4.355325017302779655e-01 3.782448667069616133e-01 4.476919064016987027e-01 3.981896993032670307e-01 4.056488099886831344e-01 3.554599013140672392e-01 4.426590063829715649e-01 3.978486821230754478e-01 3.462406701972925438e-01 4.147534627336623703e-01 3.771056907760166332e-01 4.033536565300664956e-01 4.246538697229771953e-01 4.288134729885065277e-01 4.399725340160269837e-01 4.031347391644886646e-01 4.448783682461692202e-01 3.765715855685304314e-01
3.527367299236359721e-01 4.626981943279072085e-01 2.431567598384872519e-01 3.924053505140454035e-01 3.757337745964414166e-01 3.488597681699980302e-01 4.151533925355183063e-01 3.941048013301967634e-01 3.421828994040069238e-01 4.074674883103256429e-01 4.195924801117085212e-01 3.588005990565660275e-01 4.124056848436591372e-01 3.965013286661377978e-01 3.535020831076257641e-01 4.348432100696541514e-01 3.703057419426069585e-01 4.009254541681569473e-01 4.194475825952412862e-01 4.169317294635895843e-01 4.499440479855943420e-01 4.160967434478499705e-01 4.502198320980069224e-01 3.868332318029867878e-01
3.508677211303014576e-01 5.295954876964227287e-01 2.545259797662637324e-01 3.622968703133171431e-01 3.772776753079071788e-01 4.125218642570533945e-01 4.009530199015846064e-01 3.577211239620649019e-01 3.573425173986873316e-01 4.224396078800989884e-01 4.242121805483100028e-01 3.448140008147101976e-01 4.173321372353850367e-01 4.016630297650917725e-01 3.530016470421619146e-01 4.017476613572258937e-01 3.829175373038865016e-01 4.153609428105686785e-01 3.971802778865574091e-01 4.104993494250293029e-01 4.528511974725298317e-01 4.319766208607917490e-01 4.543900073663649231e-01 3.901602004147746161e-01
3.546372445596804868e-01 5.836209119202885320e-01 2.323126321676223516e-01 3.769884071295864780e-01 3.911074342425507888e-01 3.629639417508427890e-01 4.096966442778158246e-01 3.824473212823886192e-01 3.630228286286227846e-01 4.101435733127192784e-01 4.237429661709017914e-01 3.471048269933392771e-01 4.179224093422409525e-01 3.936162373688910643e-01 3.651634946495075917e-01 4.138626836983314572e-01 3.782076770430954915e-01 4.113794687004743711e-01 4.252759744573165190e-01 4.243633143896211601e-01 4.477565427813186005e-01 4.198083257574832805e-01 4.503903591200130174e-01 3.859719220553156638e-01
3.713412804157039671e-01 4.512943687772188461e-01 2.413099647068469855e-01 3.521954369693129361e-01 3.858394173204117705e-01 3.633939030877089693e-01 4.281875991503144019e-01 3.913621137890679336e-01 5.494591474267046527e-01 4.007231872087412272e-01 4.304862002838145685e-01 3.500130057644992299e-01 4.281930356056283804e-01 3.795792685191061167e-01 3.584719059559937082e-01 4.315110248941146920e-01 3.723854337579651230e-01 4.087342231335157061e-01 4.055700952120481206e-01 4.153274631483815926e-01 4.636716182826532973e-01 4.045862260980727099e-01 4.543933319276984295e-01 3.906180884373462447e-01
3.772510424006167429e-01 6.589669736408866330e-01 2.343853546755111095e-01 3.555222750409329779e-01 3.785805914831738006e-01 3.780999122323244199e-01 4.150551103539125708e-01 3.732391044834268423e-01 3.642713330567297625e-01 4.162231760915499068e-01 4.571014177061186734e-01 3.126089449572324042e-01 4.184038258095181817e-01 4.049892116986318347e-01 3.708757308809561559e-01 4.583796604309258726e-01 3.763184190603534596e-01 4.097800842565924584e-01 4.146275112994534107e-01 4.255479940797468608e-01 4.592610959651902691e-01 3.986664106311885170e-01 4.331856169794806033e-01 3.922712265353922034e-01
3.569179489820620277e-01 4.708896630927754123e-01 2.165443625411401785e-01 3.763302640127703103e-01 3.872867916731209115e-01 3.789308986799733714e-01 4.040198369252342436e-01 3.792906967494711346e-01 4.669371391919285852e-01 4.264111962541706768e-01 4.335559333290992523e-01 3.384243104687782999e-01 4.177267763907289710e-01 3.920941067574724159e-01 3.451470231397061883e-01 4.326761481616855365e-01 3.667721732362054787e-01 4.236740170352117363e-01 4.362387343700542264e-01 4.276343181187197140e-01 4.469250487808887340e-01 3.908831312687857662e-01 4.378871481535035470e-01 3.782216355576253908e-01
3.710694322190638550e-01 5.012026664645784502e-01 2.116941681540409903e-01 3.617999787895158081e-01 3.633331725194075545e-01 3.732358293757523926e-01 4.003735044912074548e-01 3.757113499657938060e-01 4.037458112615908701e-01 4.040796283532511746e-01 4.416755408288681184e-01 3.440159972768938035e-01 4.278939215036330346e-01 3.883968334897149322e-01 3.597911359116691687e-01 4.574687857999734097e-01 3.922959777116478142e-01 4.070366518164125758e-01 4.128541723727075508e-01 4.282005230512909710e-01 4.396564289482832733e-01 4.066845717702786689e-01 4.379129743290253729e-01 3.737250748670323253e-01
3.733931910714713975e-01 4.939639097803332213e-01 2.099055188214448697e-01 3.667377490695665765e-01 3.506879305052085782e-01 3.542829424322134213e-01 4.033265401355288216e-01 3.890361445112771044e-01 3.683225000422809536e-01 4.019528860782399238e-01 4.301486645515822937e-01 3.524210535554491708e-01 4.247720324638637468e-01 3.971338251689553456e-01 3.620997696789364784e-01 4.237499809763380365e-01 3.767922716759982138e-01 4.158570261228340947e-01 4.149228575976616762e-01 4.195151940369454824e-01 4.470679845550572518e-01 4.149387292032050145e-01 4.348940666237639530e-01 3.732020955182061561e-01
3.533373124058830639e-01 4.193751865995179462e-01 2.362830075222416559e-01 3.551553555161250930e-01 3.979716931739510355e-01 3.693917557950147090e-01 4.087145431623749881e-01 3.819966838901972528e-01 4.100585138970744281e-01 4.151908386783272342e-01 4.146043270944669290e-01 3.314370350034167578e-01 4.279998318193552476e-01 3.593627059647227506e-01 3.495626348867180155e-01 3.936442653780466983e-01 3.769039953220305050e-01 4.191655529685263670e-01 4.166187426491169687e-01 4.172928400061712839e-01 4.540242213133943161e-01 3.983863571040537899e-01 4.476986368677555728e-01 3.829326030506917111e-01
3.668938029775424825e-01 4.590570068920442059e-01 2.671023243880963349e-01 3.633958751406063392e-01 3.794056704616064479e-01 3.282443331079471505e-01 4.158971084681536978e-01 3.710690549179279651e-01 4.689530978401005856e-01 4.140050617046054371e-01 4.164841002551121218e-01 3.431821985099445249e-01 4.198944616458519241e-01 3.709483958638821743e-01 3.633463334956303359e-01 4.287971656432851275e-01 3.826096698475495717e-01 4.350828941524697568e-01 4.185150520799580387e-01 4.313551792655285211e-01 4.576046239499985679e-01 4.107115215182185475e-01 4.477244075799953205e-01 3.863461332510680357e-01
3.659409419041994016e-01 4.162402469638219471e-01 2.614352140579244699e-01 3.722627296841010125e-01 3.782255408742170033e-01 3.532552026360319397e-01 4.145070929057318998e-01 3.939184150455927180e-01 3.984131537381115362e-01 4.222447142880355053e-01 3.965402644013890088e-01 3.529640154756886750e-01 4.126072446727934717e-01 3.617657687523705423e-01 3.776419137701791384e-01 4.301994283250584195e-01 3.805692544244432818e-01 4.221452851220590108e-01 3.995596899646323696e-01 4.243403329752085118e-01 4.634165462686131165e-01 3.980432037188590955e-01 4.667565665739865088e-01 3.843931758984729385e-01
3.535293535657618724e-01 4.376999501432187745e-01 2.289923441658574255e-01 3.590857362179682988e-01 3.944951375947400862e-01 3.628867984362650900e-01 4.185903736195256686e-01 3.734185861150975394e-01 6.626004420193194466e-01 4.182361308322402604e-01 4.066475044434062491e-01 3.399413863487039666e-01 4.208823167709229707e-01 3.387939049104909950e-01 3.502460868460861021e-01 4.528928132570075316e-01 3.868086100968480268e-01 4.004206365691204694e-01 4.398596997255740382e-01 4.258598588822203324e-01 4.467673471907125382e-01 3.981305456449385494e-01 4.435831202274817531e-01 3.854576462288454852e-01
3.722763594549606259e-01 4.225308732154721691e-01 2.341216384655278038e-01 3.478720597712442464e-01 3.783018024116602818e-01 3.850384410395225609e-01 4.142060879034414334e-01 3.688880067199983293e-01 4.168953610490397921e-01 3.951545105313894468e-01 4.070254798195945267e-01 3.400225282651482828e-01 4.121972327324136542e-01 3.443340962098667135e-01 3.621460713533919407e-01 4.133391934909174670e-01 3.600397779702429468e-01 4.029676981668571245e-01 4.208012326352728594e-01 4.142137701010590312e-01 4.691905273873367421e-01 3.962553054933127816e-01 4.518314087203385010e-01 3.741171263965534788e-01
3.572494738753029253e-01 4.255380887675989654e-01 2.441519782057934296e-01 3.848253298385104215e-01 4.075511227417183968e-01 3.632927285856539790e-01 4.096693083176984329e-01 3.755427307523190872e-01 3.728067041701226825e-01 4.101978627355990503e-01 4.111100139517410157e-01 3.438156124111129697e-01 4.369722921242649161e-01 3.589374690902017440e-01 3.531526914275726625e-01 4.488515382639766127e-01 3.910243923665522314e-01 4.267630411603392515e-01 4.042209982739974894e-01 4.059112011977481504e-01 4.586824936588692059e-01 4.011941373059224047e-01 4.469371505692442681e-01 3.912158535556397032e-01
3.574931693251023890e-01 4.286374473448925082e-01 2.632013057824703628e-01 3.560963996481313898e-01 3.992977982186263208e-01 3.530506262922575855e-01 4.057653616153104048e-01 3.755500514728231098e-01 4.206023942645837899e-01 4.240763382044318019e-01 3.920709934904956229e-01 3.430523563821367139e-01 4.254673000505174718e-01 3.650729750773105686e-01 3.504022873611787325e-01 4.501854046767453932e-01 3.934404338756753994e-01 4.112489297065763383e-01 4.156266137718789277e-01 4.202805679471947053e-01 4.618821614444086343e-01 4.006202093943398435e-01 4.391353714267626773e-01 3.887559747357727802e-01
3.937939081345133152e-01 4.896741320690222166e-01 2.200861696362672038e-01 3.949011688737257830e-01 4.028259684763241810e-01 3.683741010204019672e-01 4.115594522215508810e-01 3.840320166402393376e-01 7.298911665329488319e-01 4.026099156579426852e-01 4.139285051195168430e-01 3.285044887870368080e-01 4.346832150832978248e-01 3.456906610100890509e-01 3.714406826078527346e-01 4.172895028413760588e-01 3.885588270270470823e-01 4.104740417235372973e-01 4.237495394405597637e-01 4.334120571158894819e-01 4.425940618107109814e-01 4.095508901013114045e-01 4.625430398279909427e-01 3.907390624169418403e-01
3.600796075642850869e-01 4.219082919951659405e-01 2.211950469873082414e-01 3.978457006100057924e-01 3.787841221769026601e-01 3.478897255775215691e-01 4.159186229653080713e-01 3.853064499694918710e-01 4.413767607581796093e-01 4.296861890574384391e-01 4.160160929539740704e-01 3.565863113470554291e-01 4.475771684168972087e-01 3.796687138837785414e-01 3.520260295937162609e-01 4.494480913793008625e-01 3.764239759309120914e-01 4.355791844942344393e-01 4.145288883498587373e-01 4.269169630530347259e-01 4.359331094447881361e-01 4.069221430571444142e-01 4.536500994458854685e-01 3.816756194416414671e-01
3.628697612391141303e-01 4.297386321133181419e-01 2.017819600561091276e-01 3.835811156717631731e-01 3.866061468666923129e-01 3.401873350063078227e-01 4.243298599971265794e-01 3.914502973037353173e-01 4.195144466702660502e-01 4.304816648357934206e-01 4.043113636317368642e-01 3.653602284370675579e-01 4.284193896679670543e-01 3.487219154112898289e-01 3.607343857769070294e-01 4.491155755592087795e-01 3.657821500188733199e-01 4.230878522596357438e-01 4.141739063340285076e-01 4.405914552946787466e-01 4.520388186776395645e-01 4.216571673909821349e-01 4.460297268271922744e-01 3.809545824370008105e-01
3.684729411648346997e-01 4.095563177411956080e-01 2.334855121591655203e-01 3.837132380657446995e-01 3.791273385146677888e-01 3.768915174433676851e-01 4.226112829291521766e-01 3.682019871843866810e-01 7.454878367992671118e-01 4.287591070870827026e-01 4.021881964807432208e-01 3.464963851429435082e-01 4.353132706816008612e-01 3.556764728751478088e-01 3.720131288556300375e-01 4.437729712665040016e-01 3.564552589136573135e-01 4.166036081981177031e-01 3.978940008814378371e-01 4.327389286774305788e-01 4.521494654157968696e-01 4.101107055457039463e-01 4.522437009280947384e-01 3.822156387521615239e-01
3.493457417744245119e-01 5.049844823237265024e-01 2.491503016391578007e-01 3.896309765742065334e-01 3.742260054803164260e-01 3.672458239481382614e-01 4.137693652891578089e-01 3.885644301512418686e-01 4.275162432233242660e-01 3.917468797690562554e-01 4.322896532798752300e-01 3.545541211470650267e-01 4.168411381397307269e-01 3.901899706246282906e-01 3.408053894008671869e-01 3.835977775187197625e-01 3.811729318460418403e-01 4.310021554410404798e-01 4.167735338540420886e-01 4.334826165866650927e-01 4.532154696206461830e-01 3.957921687489108220e-01 4.329354532089301211e-01 4.032558281291190871e-01
3.631892301135892231e-01 4.468234376309481726e-01 2.322499795489089136e-01 3.793154432210332772e-01 3.579554176357345185e-01 3.430670295740295694e-01 4.025389660587849749e-01 3.988192077976869254e-01 4.006190896502790366e-01 4.037921901719673246e-01 4.249573682111122963e-01 3.351388461316909817e-01 4.322096089490261583e-01 3.584171287997536259e-01 3.583421990527071999e-01 4.249185744426875466e-01 3.819872384416238553e-01 4.056068447276124922e-01 4.182340845920181627e-01 4.291714036582278124e-01 4.465773626373505945e-01 3.968635389112061262e-01 4.516625881595959791e-01 3.855018727869821138e-01
