8.109717975241841348e-01 6.756819681036824177e-01 5.786109706610659265e-01 4.658358061325420518e-01 7.722561923515389726e-01 4.409706204114987593e-01 9.009544085449201489e-01 7.955274003968859642e-01 7.880531512861148613e-01 6.898168096413229700e-01 8.747852862214191560e-01 6.929628148740504257e-01 8.772833195519808003e-01 4.480013706393241590e-01 7.897926894529886388e-01 6.449634899831492296e-01 7.649372395799529656e-01 8.639797845729746406e-01 6.667205310196522294e-01 9.175775663744326627e-01 8.764064414709923367e-01 7.811216105176663760e-01 7.920630811382218806e-01 8.949075575737918120e-01
8.071597586242031941e-01 7.251694381213267260e-01 5.706857202137040064e-01 5.547568988173455784e-01 7.701092404840893524e-01 4.360238296077604270e-01 9.006710597908228477e-01 7.726877763295765256e-01 7.474433244742739735e-01 6.850739250822841520e-01 8.764040660736975852e-01 7.221845273731124504e-01 8.862795580662901074e-01 4.529783869267264285e-01 7.901386855423492284e-01 6.482092919929957064e-01 7.665109034267912902e-01 8.638910515769187004e-01 6.403124999999999512e-01 9.159033205555832113e-01 8.764686966631212162e-01 7.793068035943517824e-01 7.913803671086163671e-01 8.944094733561857025e-01
8.001445527335148133e-01 7.769850285262096534e-01 4.887630945409590644e-01 5.270742932281393678e-01 7.926115815002340304e-01 4.190070210631895442e-01 9.139453433307024310e-01 7.788579301898346241e-01 7.901172549836431580e-01 6.809689304659123366e-01 8.853422345191709342e-01 6.322827380554404408e-01 8.819484312208272225e-01 4.497330784946945159e-01 7.834453549396924732e-01 6.258924521645640171e-01 7.666316185728935251e-01 8.608401430030643287e-01 5.510736021661837292e-01 9.181107459416393279e-01 8.772366174177741449e-01 7.621183993399339718e-01 7.919256325207441050e-01 8.965814421143349922e-01
7.973945911893083327e-01 6.820089100704517238e-01 5.008128389538437641e-01 4.536939313984169053e-01 8.129056891943490237e-01 4.156317227362114064e-01 9.166904068867282041e-01 7.631511746680286201e-01 7.455432285331662356e-01 6.861339600470035549e-01 8.617543233633664368e-01 6.104504794043601468e-01 8.797293565313449859e-01 4.350772638573914830e-01 7.786710399559613194e-01 5.871312914001018957e-01 7.629665220891878041e-01 8.611504639379203851e-01 6.529412495805316796e-01 9.181476970495389134e-01 8.751285132105387499e-01 7.426732826794851805e-01 7.987596028135838244e-01 8.922366890548196761e-01
7.973692804937103640e-01 7.502727121058507809e-01 4.754570074475287789e-01 5.028839316284337002e-01 8.155748919170360267e-01 4.153811641440466884e-01 9.164795912039391812e-01 7.536348743152613272e-01 7.946282104644615263e-01 6.832079021636876526e-01 8.741332586928587389e-01 6.071270740428267310e-01 8.793803070911504483e-01 4.396482392184265509e-01 7.801052522959447399e-01 6.287067684409618495e-01 7.639305517680210489e-01 8.599698695196996701e-01 5.888613518851665285e-01 9.169041603922690742e-01 8.758076094759511543e-01 7.441836431514901040e-01 7.931759205644556276e-01 8.948144630113359366e-01
7.989115738236884923e-01 6.702298582497603352e-01 5.039132582750461831e-01 4.993221275979624063e-01 8.116571901618631069e-01 4.025794017477625220e-01 9.173721471359967961e-01 7.733169884564307095e-01 7.749681778125917520e-01 6.857101816424868712e-01 8.645299472194599710e-01 5.978288547879112569e-01 8.804429712219375981e-01 4.426678969221643500e-01 7.767503000514374145e-01 5.802569225275308051e-01 7.663005375087637017e-01 8.638498851161603431e-01 6.598016401398723030e-01 9.165248288628542461e-01 8.771918961759460620e-01 7.457876783130039655e-01 7.980667458688843752e-01 8.934241780222528240e-01
7.935291234012210593e-01 6.918858088967648756e-01 5.036854078648034250e-01 5.230692340067339963e-01 8.040203716092276798e-01 4.168998099662162282e-01 9.164670436865630654e-01 7.764818599897802542e-01 7.707976510888182586e-01 6.798396259680558051e-01 8.700476445259751612e-01 6.528441395510237166e-01 8.787662215535075871e-01 4.422470962043006382e-01 7.796231272086799891e-01 6.104236970378702498e-01 7.678506517110661456e-01 8.605509037067292644e-01 6.528728195685171709e-01 9.189115274169287195e-01 8.757951535853072400e-01 7.486441816021899287e-01 7.921944209092566247e-01 8.917516751675167441e-01
7.981125678119348477e-01 7.160886940827639879e-01 4.595435954880558449e-01 5.193054002499506439e-01 8.284322990205342796e-01 4.027594401901241072e-01 9.167946844517715910e-01 7.431908605933450485e-01 8.242647148669949297e-01 6.911313387225261895e-01 8.695109208145372914e-01 5.651578424395418132e-01 8.725225281837948321e-01 4.381730705859092079e-01 7.728588063039694145e-01 6.355345289705167655e-01 7.655720462779010971e-01 8.596022937713125867e-01 6.208923858249002503e-01 9.185508544138497600e-01 8.747974118200151361e-01 7.363579911511294318e-01 7.965120034449348907e-01 8.909218243893898270e-01
7.960216386791389986e-01 6.315816898105932609e-01 4.818029224623632256e-01 4.276393988219445719e-01 8.238890793096204090e-01 4.051317925636524486e-01 9.194132808706154680e-01 7.419668689351460733e-01 7.426877615897291562e-01 6.866299266069423313e-01 8.552061638322068227e-01 5.679764797486877015e-01 8.776358589854690306e-01 4.351295036134409377e-01 7.697287758820227088e-01 4.535191698145977224e-01 7.653336795637496470e-01 8.603879106707356117e-01 6.667325436331970057e-01 9.172928595382112693e-01 8.732980660827335262e-01 7.345937831612184832e-01 8.080750577493622799e-01 8.906658985309404697e-01
7.989829024327267382e-01 4.028268084037391339e-01 5.271747598026487180e-01 3.958443550946989520e-01 8.154142455380103405e-01 4.029289034439044737e-01 9.182876483058727279e-01 7.401717068170169389e-01 7.468937459530121670e-01 7.067647595940622640e-01 8.171662895927601644e-01 5.515231289958630878e-01 8.788441511185837163e-01 4.424222456510279455e-01 7.766337995872506506e-01 2.330166880616174607e-01 7.587142857142856744e-01 8.589329692344992440e-01 7.277787188732667278e-01 9.161561546665344391e-01 8.719058485043901241e-01 7.355209357693701655e-01 8.242289906274964384e-01 8.859291758069570699e-01
7.976818410885267996e-01 3.811885771728635297e-01 5.333956459087899615e-01 3.626787157640885551e-01 8.133848555304493688e-01 4.013411478958762157e-01 9.185889410860592630e-01 7.343377050021815400e-01 7.599199570501244949e-01 7.018544377308258975e-01 8.124590332489364242e-01 5.663866448374889062e-01 8.759162566522743498e-01 4.488905871192157560e-01 7.855456049284125220e-01 2.358014330901813949e-01 7.630833960990052178e-01 8.650504019395176547e-01 7.289308176100628422e-01 9.176203642856257670e-01 8.762818924944265619e-01 7.424424696340564678e-01 8.251131170789905989e-01 8.888429441395383490e-01
8.019590382902938019e-01 6.053927652292055983e-01 4.798506200309690106e-01 4.656943547004602224e-01 8.138181103308177455e-01 4.057599915527163037e-01 9.169442621326762133e-01 7.426278965273765964e-01 7.715083594502639697e-01 6.911958636357701247e-01 8.528287412900338316e-01 6.033143102108619038e-01 8.956623681125439607e-01 4.401102088167053172e-01 7.886446469248291624e-01 5.108056645197540657e-01 7.657505614768463920e-01 8.657415083991275573e-01 6.629886701268600246e-01 9.173423395457988017e-01 8.791550517252060271e-01 7.282016084124373068e-01 8.029299183483155078e-01 8.923737620353328071e-01
8.010806527935204757e-01 2.738773012663616169e-01 4.436902311280193634e-01 3.848839977778365506e-01 8.229609586393505927e-01 3.949560969168812163e-01 9.166728934718174626e-01 6.930349989050765824e-01 7.986950450233543108e-01 7.075770821644332687e-01 7.828045537857861724e-01 5.626383058621567956e-01 8.860731105629064963e-01 4.344243926231561304e-01 7.826566210979670757e-01 2.884967947534851640e-01 7.643049117750165822e-01 8.609723779431250890e-01 7.291443913797609477e-01 9.167720498896575476e-01 8.690041483468713412e-01 7.263336396939845674e-01 8.139700087687167240e-01 8.791456086092881428e-01
7.980368071002511554e-01 6.491456553448634592e-01 4.091205636743214802e-01 4.862642792205225661e-01 8.318484280100035821e-01 3.958746005335023743e-01 9.180463058988167502e-01 7.328504090728110709e-01 7.711862338296314734e-01 6.925527054369818858e-01 8.531034394480498939e-01 5.652057257079996511e-01 8.915644760125227553e-01 4.303747378417949188e-01 7.820971867007672218e-01 6.061618276144534745e-01 7.673310394079075891e-01 8.654795464112147174e-01 6.187940621586733858e-01 9.156535237503881097e-01 8.739030880623801512e-01 7.345975242209833445e-01 7.945551200128873059e-01 8.883362565772989772e-01
7.911348108648558197e-01 5.707205139972464369e-01 4.024479356960175558e-01 4.378382659661536058e-01 8.477887383236053509e-01 3.834007241206163208e-01 9.085094303917239378e-01 7.270399016544588644e-01 7.841403782603924011e-01 6.950035241600751590e-01 8.274237444798192564e-01 5.529492326490057508e-01 8.834152087823951005e-01 4.260692947864048175e-01 7.729723580935047300e-01 4.260517816948120595e-01 7.610680380774275111e-01 8.567653816696451097e-01 6.697574455019956741e-01 9.156128615926831804e-01 8.738299193047796010e-01 7.179696616102684281e-01 8.113668099704229864e-01 8.877751991469610138e-01
7.881536819637139368e-01 5.699134766649187611e-01 3.977260860484544969e-01 4.570878294594095670e-01 8.411700290136487901e-01 3.866245656683093279e-01 9.097233600100825823e-01 7.030279652844744209e-01 7.525591634562465160e-01 6.842139621114200487e-01 8.288313721464409811e-01 5.590117956494317086e-01 8.840826763264436616e-01 4.223916225947271785e-01 7.808737334726703061e-01 4.274592216729458660e-01 7.633376623376623149e-01 8.593963371833323039e-01 6.705721970450609914e-01 9.157937847498014428e-01 8.752573994591510420e-01 7.126663380975850615e-01 8.114025436782115186e-01 8.877207948615013500e-01
7.946334013355182968e-01 6.649277844824230677e-01 5.205062896350971524e-01 4.999670753710605542e-01 8.028595440244795656e-01 4.168096054888507651e-01 9.152805500110888781e-01 7.518804687100240081e-01 7.705026212560032173e-01 6.838049965392500873e-01 8.611426457645062760e-01 6.332535661287950202e-01 8.802006269592476118e-01 4.387960924419601061e-01 7.876259123672662010e-01 5.663730445246690781e-01 7.634503531366846341e-01 8.570315891621338444e-01 6.658508404666360070e-01 9.176898985881885018e-01 8.771764938662445221e-01 7.484633264462809965e-01 7.943747583659092060e-01 8.892084172095174877e-01
7.997624544889441189e-01 6.146086184845874767e-01 5.266856304147345957e-01 4.815893516078018077e-01 7.992684679659762814e-01 4.091059056417024054e-01 9.155210397410493695e-01 7.573969042467384449e-01 7.909464118213158645e-01 7.012085301871525678e-01 8.542696873282988879e-01 6.617754952311079020e-01 8.818883818883819226e-01 4.377562454683277537e-01 7.897375804216290041e-01 4.752894152164900410e-01 7.681353203863329204e-01 8.660269987495853306e-01 6.862418796149057920e-01 9.164049017295109456e-01 8.792384675334314892e-01 7.430545689376816254e-01 7.996583857646321070e-01 8.925531914893617413e-01
8.058278024232836678e-01 7.473842129558393443e-01 5.598894468449531203e-01 5.136722092763010838e-01 7.856088560885609029e-01 4.329543356108370711e-01 9.080954243253812619e-01 7.714854975286409289e-01 7.922830133228839777e-01 6.975563271806386467e-01 8.786624688975778197e-01 6.460523851566470910e-01 8.797586176738839692e-01 4.549994729074425259e-01 7.771863995843676376e-01 6.693374866083887653e-01 7.601059616408472053e-01 8.593091828138162969e-01 6.290687160940325873e-01 9.141666666666666829e-01 8.759041954669667396e-01 7.559890088625720317e-01 7.927452224504500933e-01 8.931566337226715113e-01
7.890984538301089035e-01 7.465778051724580866e-01 4.407720679273807729e-01 5.242856391096142321e-01 8.018055824563669054e-01 4.038431082721850029e-01 9.180611513458734052e-01 7.741387458965089952e-01 7.421002861458729782e-01 6.800381420136892840e-01 8.792437487294165743e-01 6.929149528990314888e-01 8.863060702476760477e-01 4.352244865677150631e-01 7.821572343264669991e-01 6.048979724407850256e-01 7.708014226745242281e-01 8.611834379945882967e-01 5.905244495856961651e-01 9.127783240195651571e-01 8.817631058358060825e-01 7.638792371245464174e-01 7.884901727218582845e-01 8.958205861418777616e-01
7.861081962088906083e-01 6.979107410663495381e-01 4.883527346036287686e-01 4.989002594597442553e-01 8.292343645671044206e-01 4.213324538258575447e-01 9.152820614864192184e-01 7.574435974829897278e-01 7.977011494252873591e-01 6.887725117864466062e-01 8.605851979345955360e-01 6.742646275178514337e-01 8.776847469967237192e-01 4.370516877637130593e-01 7.769448854615559341e-01 5.951222083604224000e-01 7.647899028722796588e-01 8.545366277435674229e-01 6.495137662596065509e-01 9.148737719189156126e-01 8.685282718871112362e-01 7.481270021700940909e-01 7.955687651985949849e-01 8.878713088362419903e-01
7.907301812695525234e-01 7.393796835434902626e-01 5.874776479125094486e-01 5.480353647482297808e-01 7.942505702530431311e-01 4.251012145748988003e-01 9.093475763279473822e-01 7.721313777301216374e-01 7.725776652106352005e-01 6.893575346043353536e-01 8.797147324663437962e-01 7.541111773669912921e-01 8.848412896775805780e-01 4.574989460370995076e-01 7.865035650322711458e-01 6.109239081420994033e-01 7.741504192736052836e-01 8.656307013179214138e-01 6.219140257295262542e-01 9.177056115465970221e-01 8.757286600081684025e-01 7.687509665446672358e-01 7.881096748755874737e-01 8.913955928646379867e-01
7.907049005681817677e-01 7.325573918076008217e-01 5.661963062876115282e-01 5.434562678193690655e-01 7.960749121288847041e-01 4.307357594936708778e-01 9.103494705918354635e-01 7.792154813048965956e-01 8.129910948140387505e-01 6.872420458701217205e-01 8.704579550944643307e-01 7.478220513160511729e-01 8.864531126970041086e-01 4.577680006322944473e-01 7.830965605038134880e-01 6.102523775587939125e-01 7.713358431779826496e-01 8.645527625366850044e-01 6.185874912157414141e-01 9.179991289740558891e-01 8.750401978973407768e-01 7.726968260511128950e-01 7.880206944370365951e-01 8.906552443273348940e-01
7.963895978174777568e-01 5.452054794520547754e-01 4.086393032231146472e-01 4.149158275852956046e-01 7.863633005835857226e-01 3.842801104169693560e-01 9.186615920558371950e-01 7.400587307490094080e-01 8.103571818943635652e-01 6.893535923141186350e-01 8.426917362569803505e-01 6.448023426061493257e-01 8.772770612736487950e-01 4.102161670249667158e-01 7.891736927053353279e-01 3.995342317583303049e-01 7.632938671651866569e-01 8.592360020931449904e-01 6.951743674904756753e-01 9.188934024025142699e-01 8.812690649969743273e-01 7.485465864073673758e-01 8.055013889645405989e-01 8.954133946881408512e-01
7.925613020545082543e-01 7.554102564102563866e-01 3.748415177696158285e-01 5.254602840610205217e-01 8.342551333437828731e-01 3.969595710115831899e-01 9.072679498623351657e-01 7.469339108815726824e-01 7.847127328236757071e-01 6.837293138804352299e-01 8.728807087215518790e-01 5.756043926574504477e-01 8.795404142286150639e-01 4.294438875112119303e-01 7.665012120512524341e-01 6.325735387749904515e-01 7.634620879549055550e-01 8.523507085990313925e-01 5.470528057390403598e-01 9.186231793850366811e-01 8.773621049769505520e-01 7.180678905258797151e-01 7.893807015289734386e-01 8.939566277107681147e-01
7.916096103572762832e-01 7.602566894237297035e-01 3.613181639858767946e-01 5.040291786269190943e-01 8.372082570147543201e-01 3.887787994081589593e-01 9.055015936606322091e-01 7.546019328117808955e-01 7.813812556197420323e-01 6.819060809574829518e-01 8.745736828709594901e-01 5.664545918230382560e-01 8.788349514563106313e-01 4.299093775145431118e-01 7.728572746563335816e-01 6.325610232542338007e-01 7.576348024888611699e-01 8.557956476736905405e-01 5.454775362593731192e-01 9.163181999203504624e-01 8.761044449662024336e-01 7.157228307309873028e-01 7.906777298942989640e-01 8.914968113042390785e-01
7.966584799801716965e-01 7.411967084740105349e-01 4.624510046488612414e-01 5.186291277463491722e-01 8.038122154861815361e-01 4.106570248479170515e-01 9.157172865439268117e-01 7.642577775505509097e-01 7.834118339711509948e-01 6.826136927618002836e-01 8.805444701456496270e-01 6.488547579298831192e-01 8.818504714975362591e-01 4.401734751716955829e-01 7.828427442446455053e-01 6.293338741433653905e-01 7.691419077657931647e-01 8.574803049068553396e-01 5.968757461889381277e-01 9.181586314152410111e-01 8.768648875814246679e-01 7.649377753729612595e-01 7.895732469781012730e-01 8.951282819207347918e-01
7.945026472907513737e-01 4.875826288483316451e-01 5.415206500012978985e-01 4.310103517481778668e-01 8.374244161215635973e-01 4.135246063901389935e-01 9.159525502376230088e-01 7.296947484429864295e-01 8.016264109722053277e-01 6.978216322748215239e-01 8.306619136768137457e-01 6.079655860950671231e-01 8.826336953662294871e-01 4.518257982927600391e-01 7.763005315790078020e-01 3.061740517982079468e-01 7.670861090550209482e-01 8.659898995051777959e-01 7.171467830781764752e-01 9.173542439544896121e-01 8.684207261856028426e-01 7.263138799626827069e-01 8.183932464918656224e-01 8.812964077864740009e-01
7.920472316025655157e-01 6.834817141225634218e-01 5.125263130538735279e-01 5.152702880441930589e-01 8.378083608806135008e-01 4.083685322069693924e-01 9.125284567082780907e-01 7.479808000000000012e-01 7.985128386710784731e-01 6.961760904474065814e-01 8.567652129493646962e-01 6.308636856114818725e-01 8.779200922398235907e-01 4.469778843872736496e-01 7.816734083612466577e-01 5.362783517396984001e-01 7.696593462252756535e-01 8.600308858626982689e-01 6.622734152914682149e-01 9.183336437573725863e-01 8.684448631028370835e-01 7.174522061684521779e-01 8.027671089385475245e-01 8.879420376905172718e-01
