7.001337693222354774e-01 7.208720514653323974e-01 4.373567608861726463e-01 7.435114503816794285e-01 6.723094425483503445e-01 6.853766617429837282e-01 7.249202845229335557e-01 7.495728581889187225e-01 7.180306054557551443e-01 6.920849420849420897e-01 7.599313388916135725e-01 7.314856883234893692e-01 7.522157269470111096e-01 6.769456681350954907e-01 7.298785283579480865e-01 6.717535985141619426e-01 6.901743264659271349e-01 7.641239260609216100e-01 6.572295247724975198e-01 7.116949152542373369e-01 7.395600892572521401e-01 7.586718055143788497e-01 7.554834808421746484e-01 7.379053694843168421e-01
6.948305821025195783e-01 7.091301665638495288e-01 4.390618992695117240e-01 7.533123028391167653e-01 6.677755799316669183e-01 6.971260132645541452e-01 7.247863247863247649e-01 7.504675394068928140e-01 7.168488926268572481e-01 7.081503172279161040e-01 7.517323775388291551e-01 7.298801369863013866e-01 7.451337092959796626e-01 6.791208791208791506e-01 7.153254824991821526e-01 6.832538736591180495e-01 6.879207920792078657e-01 7.631716223265518906e-01 6.612579762989972965e-01 7.136979255957482948e-01 7.363937529578797880e-01 7.574593796159527770e-01 7.539768423330808211e-01 7.315236427320490620e-01
6.354567478979621376e-01 7.034428794992175771e-01 4.051502145922746823e-01 7.407166123778501365e-01 6.342001333538492824e-01 6.961018297533810850e-01 7.319336680359044278e-01 7.412768157146549797e-01 7.205012672486623693e-01 6.999505684626792235e-01 7.457904583723106162e-01 6.985670419651995866e-01 7.542327570842987106e-01 6.866666666666666474e-01 6.510143053422775550e-01 6.847706504411863460e-01 6.867565424266455221e-01 7.637319316688567783e-01 6.494023904382469903e-01 7.123688284878719745e-01 7.178917288458485091e-01 7.658041270881100759e-01 7.254880926839734068e-01 7.307137707281903261e-01
6.296167489740557288e-01 7.278785634950017958e-01 4.065656565656565746e-01 7.424124513618677312e-01 6.566180758017492458e-01 6.937799043062200521e-01 7.274919614147909996e-01 7.477003942181340568e-01 7.034021517883105590e-01 6.934939759036145013e-01 7.587253414264036877e-01 7.179209528965890819e-01 7.472313969302506464e-01 6.817155756207674555e-01 6.409589149120731300e-01 6.726631281187426259e-01 6.832597350461662167e-01 7.614702815432742300e-01 6.467025572005383749e-01 7.006894232386077226e-01 7.136422136422136964e-01 7.699269056735119632e-01 7.185628742514970080e-01 7.258183155571901191e-01
6.212015123932221883e-01 7.152084556664709547e-01 3.997378768020969919e-01 7.301475755446240612e-01 6.586943620178041803e-01 7.030015797788309317e-01 7.277486910994764857e-01 7.428808404755321559e-01 7.188676614140286913e-01 7.080653142008906942e-01 7.497551420176298276e-01 7.098698481561822593e-01 7.439504783342711924e-01 6.824324324324324564e-01 6.353117128463475760e-01 6.838581870346335245e-01 6.918138041733546961e-01 7.557071634741537869e-01 6.501809408926417788e-01 7.115450496745461262e-01 7.136486701704093383e-01 7.720994475138122093e-01 7.119457930960891856e-01 7.268922852983988880e-01
6.256936152279272134e-01 7.194892977844535853e-01 4.099042863087806743e-01 7.448559670781893516e-01 6.604591984269273519e-01 6.682808716707021590e-01 7.293424613914981647e-01 7.508559388991309369e-01 7.109472805675337570e-01 6.981589147286821895e-01 7.616619933724190217e-01 7.194848824188130321e-01 7.475141353090271057e-01 6.940740740740740655e-01 6.397070161912105091e-01 6.795779488589497319e-01 6.928599920223375008e-01 7.560784313725490424e-01 6.550308008213552302e-01 7.044846050870147147e-01 7.150873817540484012e-01 7.695516162669446825e-01 7.171784232365144840e-01 7.242009132420090811e-01
6.202348927235745712e-01 7.387258410880458426e-01 4.029045643153527090e-01 7.350032959789056797e-01 6.487364422176953305e-01 7.065820777160983779e-01 7.232267037552155831e-01 7.521912350597609320e-01 7.040830449826989135e-01 6.945525291828793524e-01 7.634948531257845783e-01 6.990939437291369130e-01 7.440839694656488090e-01 6.881559220389804610e-01 6.269920318725099584e-01 6.685778287420998112e-01 6.868284918424194530e-01 7.576390702533298827e-01 6.548899129544291098e-01 7.068151147098515885e-01 7.132177509145856131e-01 7.664731990440423193e-01 7.081597778489799877e-01 7.314223114843892981e-01
6.140350877192982670e-01 7.188216039279868852e-01 3.798140770252323994e-01 7.299999999999999822e-01 6.517625712804562266e-01 6.767346938775510301e-01 7.298270893371757717e-01 7.445235487404162633e-01 7.157291097760786203e-01 6.914480077745384090e-01 7.572619348320283050e-01 7.177615571776155834e-01 7.470308788598575278e-01 6.800000000000000488e-01 6.232820680628272658e-01 6.755393132789702104e-01 6.905524419535628011e-01 7.571353065539112581e-01 6.501473839351510353e-01 6.995416737396027429e-01 7.066835603420968948e-01 7.581746316924182771e-01 7.097687074829931442e-01 7.298934998163789656e-01
6.164614843475202388e-01 7.472234562416704140e-01 3.930710008554320067e-01 7.140482128013300178e-01 6.486690105474636203e-01 6.786858974358974672e-01 7.179089026915114191e-01 7.471519866629618978e-01 6.931589537223340480e-01 6.969402622632345778e-01 7.777481323372464894e-01 7.084337349397590300e-01 7.351213782302270516e-01 6.877380045696876998e-01 6.283317654437127198e-01 7.144074053041058470e-01 6.950099800399202055e-01 7.524986849026827906e-01 6.424581005586592619e-01 6.970656885628543353e-01 6.997742663656885131e-01 7.673069952881478306e-01 7.136320418350368122e-01 7.336834208552137637e-01
6.173602527125394701e-01 7.906976744186046124e-01 4.075848303393213579e-01 7.264409881061298924e-01 6.391984823334123655e-01 6.982687551525144087e-01 7.167263260657338320e-01 7.455319148936170315e-01 6.856597600872410547e-01 6.991150442477875870e-01 7.995117485505035537e-01 7.011706715958102576e-01 7.255015432098765871e-01 6.835164835164835306e-01 6.203069657615112309e-01 7.633677991137370888e-01 6.869215291750503383e-01 7.515576323987538387e-01 6.461689829049317435e-01 6.936142413849419874e-01 7.096879594837445238e-01 7.627302275189599134e-01 7.213480016710764886e-01 7.277566539923954192e-01
6.177266576454668590e-01 7.904411764705882026e-01 4.085850556438791470e-01 7.243186582809224561e-01 6.383364529714553592e-01 6.873489121676067404e-01 7.168127231418370826e-01 7.434769862210495184e-01 6.855261389598171773e-01 6.922348484848485084e-01 7.934386391251518900e-01 7.015985790408525435e-01 7.291060694202055048e-01 6.799420709630702442e-01 6.212328767123287410e-01 7.557823129251700633e-01 6.896828582898434368e-01 7.546044098573281289e-01 6.455603184323330801e-01 6.914928292046935709e-01 7.103614457831325391e-01 7.646848137535816603e-01 7.199078919824157818e-01 7.323757323757323912e-01
6.330831973898858323e-01 7.662401574803149318e-01 3.946917808219178037e-01 7.306525037936266731e-01 6.508858383198404818e-01 6.973578863090472701e-01 7.282782943251041585e-01 7.502958579881656709e-01 6.941773504273504036e-01 6.991321118611378838e-01 7.800000000000000266e-01 7.209686296092460145e-01 7.256043762131639818e-01 6.793437733035048165e-01 6.380880692510350061e-01 7.255464987032234081e-01 6.933174224343675585e-01 7.557900154400412074e-01 6.347377993331312362e-01 7.009299236134174382e-01 7.143548387096774199e-01 7.651627218934911046e-01 7.222410482322376701e-01 7.310422114307060237e-01
6.247248716067498320e-01 8.305597579425113564e-01 3.729343456900401921e-01 7.267709291628334789e-01 6.351216469120398722e-01 6.909836065573770059e-01 7.129517551443886880e-01 7.403722721437741017e-01 6.805799134806500561e-01 7.000941619585687725e-01 8.077053058465697433e-01 7.024221453287197159e-01 6.937532625717766077e-01 6.845238095238095344e-01 6.199940670424206601e-01 7.925421722403077629e-01 6.853035143769967696e-01 7.337024918197835310e-01 6.294647479035097026e-01 6.944489663031092608e-01 7.077846307717953200e-01 7.496345029239765978e-01 6.830787007318012138e-01 7.332405012930176547e-01
6.063225643614336136e-01 7.849272807404142904e-01 3.632941176470588229e-01 7.308248914616497505e-01 6.495050820434464800e-01 6.878612716763006230e-01 7.174700978615440317e-01 7.455143540669856295e-01 6.958922558922558954e-01 6.918660287081339622e-01 7.904656319290465083e-01 6.962616822429906760e-01 7.086376627500794445e-01 6.733436055469953496e-01 6.081723625557206026e-01 6.875406590298401843e-01 6.864000000000000101e-01 7.578567748583204811e-01 6.327440938377664192e-01 6.976705490848585933e-01 6.950636942675159080e-01 7.573371510379384164e-01 6.921505376344085914e-01 7.278039585296889324e-01
6.360645161290322536e-01 8.068571428571428283e-01 3.573785950023573577e-01 7.296206618240516084e-01 6.338965311004784997e-01 6.861564918314703165e-01 7.107368421052631113e-01 7.458764327648867987e-01 6.823278163374265626e-01 6.884230585993330598e-01 7.982845312037858410e-01 6.941747572815534228e-01 7.267562961560311008e-01 6.730474732006125338e-01 6.324748040313550312e-01 7.382508023842274669e-01 6.850362027353177341e-01 7.477124183006536029e-01 6.393632416787264905e-01 6.912298054731289554e-01 7.050538525269263168e-01 7.560229445506692070e-01 7.055494706097116264e-01 7.217307692307691758e-01
6.377534495044373530e-01 7.983002832861190168e-01 3.554706163401815666e-01 7.149496514329977126e-01 5.968430034129692530e-01 6.666666666666666297e-01 7.165631469979295565e-01 7.365030674846625436e-01 6.765517241379310764e-01 6.867179980750721668e-01 7.911540714704159427e-01 6.911242603550296071e-01 7.157235093049753027e-01 6.727828746177370034e-01 6.423341468826270217e-01 7.343993534607169416e-01 6.857142857142857206e-01 7.453125000000000444e-01 6.415749855240301391e-01 6.941098828576142132e-01 7.073290703393999568e-01 7.572477773482798602e-01 7.038529645234169463e-01 7.192611121801039120e-01
6.081116671056097100e-01 7.266300078554595032e-01 4.148543290931472893e-01 7.323446327683615920e-01 6.567743345903700458e-01 6.823529411764706065e-01 7.171656386339702038e-01 7.404976756904566582e-01 7.076271186440677985e-01 6.948493683187560999e-01 7.642967542503863454e-01 7.023326572008113944e-01 7.379178605539636893e-01 6.666666666666666297e-01 6.167522130476827957e-01 6.774182561307902084e-01 6.811478676763650375e-01 7.551932684722587608e-01 6.482597054886211074e-01 6.938981341401916358e-01 7.134981886911324622e-01 7.623931623931623491e-01 7.036180850491908778e-01 7.293191800878476849e-01
6.142040711487831706e-01 7.693036475603979296e-01 4.151172190784155336e-01 7.340659340659340115e-01 6.470556802393929718e-01 6.960317460317460014e-01 7.197149643705462729e-01 7.441536748329621309e-01 7.002904673884341458e-01 7.000474608448030711e-01 7.819006940736785705e-01 6.947565543071161365e-01 7.392048696975461741e-01 6.798507462686567138e-01 6.206097218319752695e-01 7.156080597320241266e-01 6.865315852205006175e-01 7.597823270277274110e-01 6.419491525423728362e-01 6.987392169873921643e-01 7.051565960139196676e-01 7.591065292096219608e-01 7.009506866069938891e-01 7.329619312906221484e-01
6.494261908504952441e-01 7.057299164987043127e-01 4.345611285266457458e-01 7.385575589459084656e-01 6.363412835013523283e-01 6.943802925327174913e-01 7.310165549322752421e-01 7.469592808038074683e-01 7.203804727933976748e-01 6.982305117168818853e-01 7.380784590086915120e-01 7.262337662337662314e-01 7.395003620564808422e-01 6.846321922796795301e-01 6.756198347107438273e-01 6.838247360647666806e-01 6.820368885324779029e-01 7.611706297360857354e-01 6.552667578659370218e-01 7.055225148683093028e-01 7.249134948096885855e-01 7.558294470353097427e-01 7.356539627544391724e-01 7.322540473225405133e-01
6.008946322067594270e-01 7.249181303959512102e-01 3.775971093044263593e-01 7.327989311957248120e-01 6.426516097508008230e-01 6.825775656324581941e-01 7.244882012814501948e-01 7.388653234358431021e-01 7.112268518518518601e-01 7.025967662910338474e-01 7.483886369061828470e-01 6.698150334513970350e-01 7.417406749555950363e-01 6.755753526354862926e-01 6.048145117294053685e-01 6.830050577737571960e-01 6.948077685295283024e-01 7.526741455778763745e-01 6.541068580542265254e-01 7.061042524005487486e-01 6.986645718774547875e-01 7.605766217486681358e-01 6.956789174227280270e-01 7.259339080459770166e-01
6.377215694084843456e-01 7.112601482527356467e-01 3.978902953586497815e-01 7.216713881019830579e-01 6.540241120886282067e-01 6.778210116731517854e-01 7.278126590870523938e-01 7.440784100190579453e-01 7.069511355815554232e-01 6.887159533073929918e-01 7.517857142857142794e-01 6.993288590604026522e-01 7.422299922299921970e-01 6.664150943396226490e-01 6.477131357482619478e-01 6.591955631312489405e-01 6.720064076892270366e-01 7.555200851290236885e-01 6.592642820817087301e-01 6.988973706530958729e-01 7.241609617632326357e-01 7.618062736987245565e-01 7.191560244308717875e-01 7.319004524886877361e-01
6.201446214884495101e-01 7.189403166869671180e-01 4.306130124106807289e-01 7.409713574097135380e-01 6.624358907941770847e-01 6.841704718417047637e-01 7.265507325756538348e-01 7.557531380753138572e-01 7.172165234266704159e-01 6.949152542372881713e-01 7.507232401157184487e-01 6.934749620637329359e-01 7.356948228882833618e-01 6.803455723542116695e-01 6.289960740325294397e-01 6.795136547538772609e-01 6.821244550138724216e-01 7.591826176927056746e-01 6.527131782945736482e-01 6.999146029035012706e-01 7.161043921069382145e-01 7.513794222654982535e-01 7.086308599813722076e-01 7.332490518331226115e-01
6.206321728537539384e-01 7.249999999999999778e-01 4.325994592506759440e-01 7.312030075187969658e-01 6.618294216261525476e-01 7.154716981132075437e-01 7.182451253481894060e-01 7.421079429735234489e-01 7.177760169043845284e-01 7.081503172279161040e-01 7.499395989369412874e-01 7.006960556844548105e-01 7.392649199417757888e-01 6.790564689063617321e-01 6.280179674340258256e-01 6.805146749642586590e-01 6.846918489065606517e-01 7.592736705577172174e-01 6.437270442683162841e-01 6.999999999999999556e-01 7.164956590370955558e-01 7.500802053256335755e-01 7.088923556942278159e-01 7.315713772024451389e-01
6.361583989261089256e-01 7.757062146892654830e-01 3.567171022466758545e-01 7.549441100601891330e-01 6.320885200553250094e-01 6.661101836393990006e-01 7.200715679895901555e-01 7.324106113033448384e-01 7.015593047034764940e-01 7.013855709507883507e-01 7.843302443133951529e-01 6.718817905258582801e-01 7.356056229539764679e-01 6.470137825421132804e-01 6.326327747798921042e-01 7.255718547986076405e-01 6.848388380421807087e-01 7.481751824817518548e-01 6.386668473106624777e-01 7.015374331550802145e-01 6.892226695571384010e-01 7.618311166099598353e-01 7.094328703703703942e-01 7.205424225765072466e-01
6.143916702324917489e-01 7.167862266857962794e-01 3.534136546184739047e-01 7.396721311475409344e-01 6.399378504357224884e-01 6.828046744574290949e-01 7.256267409470752439e-01 7.431740614334471084e-01 7.141155449672423883e-01 7.023460410557185174e-01 7.567300568041491760e-01 6.994285714285713995e-01 7.494335347432024008e-01 6.769468003084040397e-01 6.157655798596780583e-01 6.894639556377079037e-01 6.841468334005647023e-01 7.704654895666132042e-01 6.469326469326469597e-01 7.043852106620808184e-01 6.920912785245388887e-01 7.634763476347634636e-01 7.035644298501139149e-01 7.125683060109289091e-01
6.166955517042171930e-01 7.159730033745781430e-01 3.396419437340153502e-01 7.414395527603074854e-01 6.472782536612323723e-01 6.858594411515664957e-01 7.297408473879062329e-01 7.511446269862644964e-01 7.132793764988009100e-01 6.968796433878157170e-01 7.525215252152521739e-01 7.148834429169157456e-01 7.487758945386063791e-01 6.877897990726429267e-01 6.253996884479789964e-01 6.898697573275961448e-01 6.851701782820097675e-01 7.656333511491181243e-01 6.440455341506129416e-01 7.012163782765119535e-01 6.941323345817728141e-01 7.664340800587586822e-01 7.094367773218948070e-01 7.169569202566452581e-01
6.310802274162982117e-01 7.102306327616795256e-01 3.880597014925373234e-01 7.451505016722408392e-01 6.403475009622258129e-01 6.927330173775670952e-01 7.272018706157443724e-01 7.464410421702927234e-01 7.179523741622700905e-01 6.986835689907362479e-01 7.487401007919366469e-01 6.979472140762463805e-01 7.508726805070733423e-01 6.738484398216939564e-01 6.431418522860492537e-01 6.848446127869300959e-01 6.902689873417721111e-01 7.549947423764458154e-01 6.455696202531645556e-01 7.107508532423207903e-01 7.025673137132122381e-01 7.615062761506276034e-01 7.154104555952131017e-01 7.165984700231275983e-01
6.124166958961767548e-01 7.890679747722494364e-01 4.148557882259976126e-01 7.305487305487305960e-01 6.331004910436406341e-01 6.764705882352941568e-01 7.173682348779625295e-01 7.371412333049162102e-01 6.943492063492063826e-01 6.926736441484300233e-01 7.784500144050705561e-01 7.098214285714286031e-01 7.323042168674698260e-01 6.907659269863993812e-01 6.228544183089637087e-01 7.726815240833931897e-01 6.821829855537721032e-01 7.505773672055426893e-01 6.408961408961408868e-01 6.963170009865176091e-01 7.064611347982945322e-01 7.606163096580232930e-01 7.068364611260053998e-01 7.327834260502589236e-01
6.188187313378487042e-01 7.471445450964946389e-01 4.019647973802701335e-01 7.399339933993399621e-01 6.181792969562504014e-01 6.755020080321285647e-01 7.070521082673540958e-01 7.473684210526315708e-01 7.087733549959382984e-01 6.988472622478386631e-01 7.701846965699208347e-01 7.013457556935818182e-01 7.390562819783967896e-01 6.931567328918322168e-01 6.350731043862631875e-01 6.969891095451633545e-01 6.924315619967793545e-01 7.550807712350182666e-01 6.403794841387489001e-01 6.921926910299003310e-01 7.075900097307816772e-01 7.537688442211055717e-01 7.154030234051246273e-01 7.286534543433969002e-01
