9.942030572805946043e-02 9.181355132126281515e-02 9.697791561935940885e-02 1.050458429683807510e-01 7.600161277007076721e-02 9.773473731438063472e-02 9.082907757708427732e-02 1.273432769038361778e-01 8.076769212966185274e-02 1.052024531933014456e-01 1.029359701465906163e-01 1.257211343502253886e-01 1.101547602822552790e-01 1.018234988754301990e-01 1.145542223901716145e-01 5.289461201499463111e-02 8.083922392717701744e-02 1.233444241662955826e-01 6.792079214068644233e-02 9.508548462160988646e-02 1.061074889757788187e-01 1.173298119612759677e-01 1.023517014045777496e-01 1.028431368077094149e-01
9.664590148075266618e-02 8.557135158346806936e-02 9.141866766031839231e-02 1.032512204172717635e-01 7.544116820165366888e-02 1.088611195087941796e-01 9.145306114271098408e-02 1.342173204689185162e-01 9.985749765618347207e-02 1.020796970910871904e-01 1.002720921426977496e-01 1.220696325850285230e-01 1.077907395912799660e-01 9.851356516428599885e-02 1.091337375378498148e-01 6.001405159488753388e-02 8.269737366901959430e-02 1.207428390241448851e-01 6.394328452316255795e-02 9.512185634775328913e-02 1.021570171229307794e-01 1.173633352869284524e-01 9.964438277279309697e-02 1.050299830840767945e-01
8.928324557023743779e-02 9.288407054352099124e-02 9.740259985119628650e-02 9.761759011682864806e-02 7.631727338096294666e-02 1.195533817620600403e-01 9.989087150325584585e-02 1.320064724211937601e-01 8.455774834564125375e-02 9.376332775471678260e-02 1.000174066678813367e-01 1.189638852577399181e-01 1.188880959971310852e-01 1.043168361315713333e-01 1.024184740927230330e-01 6.276553967664696976e-02 8.839278531565528119e-02 1.196664445988941394e-01 7.037500548222276608e-02 9.458432860197613090e-02 1.010004407233804496e-01 1.243071818241398979e-01 9.923781650451403424e-02 1.066848152851925802e-01
8.616959072537237752e-02 9.530034011700344587e-02 9.518818512358598327e-02 9.030885410700664750e-02 8.185564933233313578e-02 1.199928118289366324e-01 9.523529690998738806e-02 1.316796209626535930e-01 9.605397408548130289e-02 9.619745747473631980e-02 1.016456980859525017e-01 1.220989597856613207e-01 1.085740374373287409e-01 9.568027297485572069e-02 1.018723219110959227e-01 5.237418208852039764e-02 8.561747341257534838e-02 1.186464302170676249e-01 6.302485070050063698e-02 9.214508455529339670e-02 9.841800532962319270e-02 1.314981532491611149e-01 9.792019233081075691e-02 1.018401664738972368e-01
8.477429709781829359e-02 9.727015743577861751e-02 9.781351080996651681e-02 9.703574842327179761e-02 8.296130481663412104e-02 1.109041751478474919e-01 9.477879818872636530e-02 1.359750821310343749e-01 1.029560528241972861e-01 9.364849494430721455e-02 1.002450612525074419e-01 1.251797917676587824e-01 1.099593829128966554e-01 1.048533329396912350e-01 1.012625571738947766e-01 6.157224400726376418e-02 8.351149833844259684e-02 1.176119895493046158e-01 6.993022445084130789e-02 9.599755307366664159e-02 9.792556209447469961e-02 1.318681541406178936e-01 9.643390185617800592e-02 1.024391704805590053e-01
8.307941722447238775e-02 9.881980310688684432e-02 9.162240250953497533e-02 9.088030504241328966e-02 8.252384703996230864e-02 1.133229231863860098e-01 9.395316038168656514e-02 1.377222656133596235e-01 9.819010492394741885e-02 8.941763869243347929e-02 1.035953973183064841e-01 1.179414457325655835e-01 1.145445618600157284e-01 9.469664518429068978e-02 1.055282367496989671e-01 5.317643540210584274e-02 8.838475642917886788e-02 1.192752445463898109e-01 6.904247155994890084e-02 9.234552968648461480e-02 1.009603729984743098e-01 1.324968515845998118e-01 9.820723206973198949e-02 1.075262894444176942e-01
8.101654371114856701e-02 9.489362939085393966e-02 9.522840350165726053e-02 1.041755541559590825e-01 8.064234171654272032e-02 1.230447430322954422e-01 9.409654901076983102e-02 1.330500723814387887e-01 9.864623722696098940e-02 9.864839205425311730e-02 9.974866685994925042e-02 1.195262431579676016e-01 1.083832734728841923e-01 1.023017675310850111e-01 8.949873406045467938e-02 5.516090445021329391e-02 8.698121638501818409e-02 1.243347737013698467e-01 6.649425786188149778e-02 9.403290951223074179e-02 9.931840679827057261e-02 1.293317017403191882e-01 9.773398310265854483e-02 1.046465091968069999e-01
8.222344819917357106e-02 9.983321833703653891e-02 9.707977207795673302e-02 1.000750601284725316e-01 8.448139251438990804e-02 1.211086925043306090e-01 9.712958219428378948e-02 1.412883024069835625e-01 1.048998538940031366e-01 9.392871906074108657e-02 1.051757935107913017e-01 1.258159778547837671e-01 1.164066280452824426e-01 9.853914651864521812e-02 9.697546589360105107e-02 5.552142628739168556e-02 8.633455224310650211e-02 1.208140793786648126e-01 6.510275924679778670e-02 9.400273196392236463e-02 9.883162952642718380e-02 1.361890994668046306e-01 9.553182013920721860e-02 1.038996896671846443e-01
8.357573937540560549e-02 1.085709210755770315e-01 1.081669961667539870e-01 1.107184681680206256e-01 8.300152922986019088e-02 1.238130808137791888e-01 9.947610199988515811e-02 1.367973388460018980e-01 9.392086766692504807e-02 9.577322086019436631e-02 1.098316264992146990e-01 1.217425035857556542e-01 1.076015611051395204e-01 8.578967773702739219e-02 1.001938337523804456e-01 5.839639058322875637e-02 8.163193325238486675e-02 1.171088097114089260e-01 5.977982135271387581e-02 9.022867679555417186e-02 9.556132866056907260e-02 1.366895123210064289e-01 1.019280562354649283e-01 1.048254858223719582e-01
7.880393577904977465e-02 1.104412226505308708e-01 9.431898145112534160e-02 1.090766163453320142e-01 8.038826664442499936e-02 1.012696024323807426e-01 9.241160267489444136e-02 1.336329749255532329e-01 7.001492794677469100e-02 9.771249876631479814e-02 1.168801908476787554e-01 1.218803862556807199e-01 1.044133116035782793e-01 9.349400904676309632e-02 9.158279605213706653e-02 7.890355911911831055e-02 8.188966693761860760e-02 1.178619556247555572e-01 5.995148828265385588e-02 8.774870852950834854e-02 9.801965773665473336e-02 1.262488650855203287e-01 1.065323190100308237e-01 1.109361110094135988e-01
7.669520258923397116e-02 1.051828075376641108e-01 9.377768390979455970e-02 1.215518316539398597e-01 8.047921524254719738e-02 1.192483078169274124e-01 9.227625114347166868e-02 1.366378717076125460e-01 8.943198832558618694e-02 1.073389730303137002e-01 1.145080555825148116e-01 1.174871566810947454e-01 1.088726954384802853e-01 9.326707111249751825e-02 9.655066720001151404e-02 7.573129254436206104e-02 8.402205023776275483e-02 1.139379495190686598e-01 6.148518794436864943e-02 8.871572286421729181e-02 9.640415809344342335e-02 1.340760918495128295e-01 1.096528969542441972e-01 1.126790473663465270e-01
7.566378595076285463e-02 1.094255713861655155e-01 9.127733806615372092e-02 1.114001334281507355e-01 8.027143085678764556e-02 1.146666765686455564e-01 9.187425308060460927e-02 1.331762896929819529e-01 9.778714398475071845e-02 9.684405280554093942e-02 1.085426753956770934e-01 1.145789119658539995e-01 1.047592699722922210e-01 1.026670319440250306e-01 9.205286276963534076e-02 6.106907619629865086e-02 8.512089254031042496e-02 1.201535099763640368e-01 6.193454653948426980e-02 8.893642446195988704e-02 9.631388894299666714e-02 1.219130051885836952e-01 9.655045785445244555e-02 1.030443971432389721e-01
7.109178960749050480e-02 1.625591773929369876e-01 1.000226830478825601e-01 1.267906071715911021e-01 7.799537049046952053e-02 1.123630838503353740e-01 8.952474899071485859e-02 1.375987840562072073e-01 9.919381973788307660e-02 1.004769120478161554e-01 1.222978633414987804e-01 1.164228626364927771e-01 1.020497002886684434e-01 8.392545590339219042e-02 7.818731316756800942e-02 1.048682312262449456e-01 8.228913604830322137e-02 1.119360750376800218e-01 6.050996030001888626e-02 8.725740936513062818e-02 9.803074010946231931e-02 1.258938109419623641e-01 9.280143109628481712e-02 1.106892491271733309e-01
6.650553693272748257e-02 1.203937937559450833e-01 1.004398210467472435e-01 1.077865218718992574e-01 8.386507028849254919e-02 1.100434032579385019e-01 9.435952888423138063e-02 1.294578713124815705e-01 9.940857870161644294e-02 9.240368659322135969e-02 1.085742690441871411e-01 1.166846401835428954e-01 1.020191086133603875e-01 1.013837676560972456e-01 7.841731405065849314e-02 5.590299097532318295e-02 8.489836487438860713e-02 1.210233969948565497e-01 6.673366532614503910e-02 9.099087278097092724e-02 8.933742544129950891e-02 1.281823609223858296e-01 9.106236174014548101e-02 1.064543080904892108e-01
7.554557798201264052e-02 1.262729055361383468e-01 9.349361819049865907e-02 1.090475623512086045e-01 8.664600842316447227e-02 1.147905757197237309e-01 9.248138528846105988e-02 1.342463026969710760e-01 9.854851453349708357e-02 9.197133844091601174e-02 1.181606820891324267e-01 1.308014890324065149e-01 1.023417091297503523e-01 9.440347017203350177e-02 8.596397829799432011e-02 6.985822160501067857e-02 9.396164048842373107e-02 1.216487052942624852e-01 6.571112792698399763e-02 9.138876032822255968e-02 9.649026240226632467e-02 1.306737207714808169e-01 9.834699984252376348e-02 1.050242093067669108e-01
7.597625677847663628e-02 1.285733907669991960e-01 1.013211385766799449e-01 1.087294788644523474e-01 8.370815424521727000e-02 1.087059478517128780e-01 9.434065047858045117e-02 1.362511734704981436e-01 8.998563950123672495e-02 1.003178913355068647e-01 1.150539743637956913e-01 1.200550803338857053e-01 1.073111505875922189e-01 9.526222116527770234e-02 8.992171096951304121e-02 5.945581140087643351e-02 8.598618462793153339e-02 1.192879638353492311e-01 6.527432703739162456e-02 8.883104129574216634e-02 9.481537773933516877e-02 1.331362868273856248e-01 9.536420781425893056e-02 1.030504498188172108e-01
7.397517409250604914e-02 1.025720292524796989e-01 1.004570677011115964e-01 1.080579326308917371e-01 7.998807963096492279e-02 1.130769719535431872e-01 8.880628184648338419e-02 1.348368192884793482e-01 1.005668620785327150e-01 1.009129665492221051e-01 1.036063497680679429e-01 1.213911937699353183e-01 1.103727419828739037e-01 9.134514162831823547e-02 8.481883264140403778e-02 5.406861912644234103e-02 8.820656159311206224e-02 1.171187355693907722e-01 6.278350741548474612e-02 9.168414230337100512e-02 9.609778141329133883e-02 1.257180042032798317e-01 9.475771138399516347e-02 1.062454179426064738e-01
7.531957273906883521e-02 1.030415091756091556e-01 9.595350994544063483e-02 1.150382487310564472e-01 7.905877406491428061e-02 1.192794094628619184e-01 9.294834441146129778e-02 1.302119761662120789e-01 8.153261618701998503e-02 9.718995340821293127e-02 1.114743108735778560e-01 1.130106390832118501e-01 1.063885169859425384e-01 1.000306573201233118e-01 8.433541954680059960e-02 5.993990966179283536e-02 8.527803833469539685e-02 1.243960608896737541e-01 6.345130899079515219e-02 8.838519457311816430e-02 9.632584683962100436e-02 1.279726679280000501e-01 9.616139367069519162e-02 1.117387356899527534e-01
9.215330202615450161e-02 1.025150289543874244e-01 1.030717896883433793e-01 1.145891473844379838e-01 7.518868129329510375e-02 1.142335640846439959e-01 9.728582873348004534e-02 1.438352154546611583e-01 8.395310566034738797e-02 9.786917432658848170e-02 1.068585069380999508e-01 1.376236137200632093e-01 1.064919577045259080e-01 1.113010311409234482e-01 1.104494545243111386e-01 5.970609028627738013e-02 9.256395969826369807e-02 1.274166847908770606e-01 6.795560723700715122e-02 9.757061663838637044e-02 1.034548973749563339e-01 1.314209295321773496e-01 9.995177828412947496e-02 1.109695935541517714e-01
6.531809048782249993e-02 9.258111747582958850e-02 9.725888986396513669e-02 1.097147230307485566e-01 8.153883367206098132e-02 1.226967355123631254e-01 9.677012563282039181e-02 1.349515594081198977e-01 7.347983795961879339e-02 1.032269380254740576e-01 1.026238536623539505e-01 1.028148675399306045e-01 1.118979474568889410e-01 9.293863067503686792e-02 6.885456731028294364e-02 6.510851633509415204e-02 8.935291272113574101e-02 1.189150009792201840e-01 5.973000071496326058e-02 9.381296882518647129e-02 8.901601697292009507e-02 1.268794101637817362e-01 9.150094955319530710e-02 1.038836225252061374e-01
9.175037786146875152e-02 9.897578657782855893e-02 1.022338402166844268e-01 1.080862726631981324e-01 8.908278516053781682e-02 1.099821360386494667e-01 1.031385524852582725e-01 1.401249818075853415e-01 8.449406726550792723e-02 1.010155259194442101e-01 1.071544738010231923e-01 1.208494684165014599e-01 1.131671167981148779e-01 9.431022156253666966e-02 1.006593247287725784e-01 5.557515854324265869e-02 8.738012984425966301e-02 1.225362370007628682e-01 6.864493798538140457e-02 9.282453096855015906e-02 1.044585039238996177e-01 1.384331382417527123e-01 9.984900977934049737e-02 1.132552743429835473e-01
8.315563738356371304e-02 9.876484630628015737e-02 1.045355829610074977e-01 1.126394548106074700e-01 8.148427328981842910e-02 1.291094191722541584e-01 9.940424287637859846e-02 1.432325731320396311e-01 7.592295610105596892e-02 9.945216227627733108e-02 1.070197585370228355e-01 1.275602537741033771e-01 1.142518782185975301e-01 1.030232436406219448e-01 9.379151583280442850e-02 6.474423205405589743e-02 9.182892501374526062e-02 1.283986875560902963e-01 6.486026903724062542e-02 9.746062789440232410e-02 1.002560599476791797e-01 1.315316245843442255e-01 9.543265725881935890e-02 1.130277148225124484e-01
8.405364473562934591e-02 9.728231318161398300e-02 1.082928385624114531e-01 1.092051351399120629e-01 7.921855043065376134e-02 1.005427615590689383e-01 9.840150405274852852e-02 1.411443328856997470e-01 8.149137833922245888e-02 9.507388512064650354e-02 1.096074659538994189e-01 1.218586892889228362e-01 1.137227457847177492e-01 1.097341564446388251e-01 9.294299628863821050e-02 6.445262773769551423e-02 9.304163422667140193e-02 1.212799327527234322e-01 6.735115011492573411e-02 9.680759625922571998e-02 9.971111905556621913e-02 1.322112597931104638e-01 9.535633267623207232e-02 1.150347639366001706e-01
7.578279962552278426e-02 1.033498899786206709e-01 7.929693713115738840e-02 9.722027088256003646e-02 7.668678655297948843e-02 1.003968583233962875e-01 9.142376348450555190e-02 1.215610067156051993e-01 7.746766232203261549e-02 1.001653979535907929e-01 1.004123117258807485e-01 8.935540734106156568e-02 1.038338561132036847e-01 8.766822242125747733e-02 8.242198616232535024e-02 5.636525818461900900e-02 7.055947848654402221e-02 1.176035553914315246e-01 5.987063584424840573e-02 9.066205527382922846e-02 8.936068219421526571e-02 1.154188365610925027e-01 9.441978208049010834e-02 9.762323890515196834e-02
8.960093512349036338e-02 1.001630688858197865e-01 1.072465203548138429e-01 1.154494696859233033e-01 9.047479185511812794e-02 1.158532387993514712e-01 1.014677138185044875e-01 1.498196137500500957e-01 1.034268431889901751e-01 9.772884574955664760e-02 1.075879043881022845e-01 1.420094442758793873e-01 1.180950130499738709e-01 9.380747138782574712e-02 1.028411708678436537e-01 6.425043777263099443e-02 8.979066049182815590e-02 1.254203770284420538e-01 6.582011199353575426e-02 9.985347125639797150e-02 9.133846056571016947e-02 1.403336071099705040e-01 9.566532530905819121e-02 1.098650570319489872e-01
8.895216471244932199e-02 9.974949030455773635e-02 1.001661434280554652e-01 1.000808546864308674e-01 9.050788271669502061e-02 1.317321740977315525e-01 1.039299909812926165e-01 1.369707511416452250e-01 1.002671041822073700e-01 1.000974195614430101e-01 1.091065794550493406e-01 1.426275671858044658e-01 1.164087492802273888e-01 1.011343170308418998e-01 1.054539752910268052e-01 6.377951136463146098e-02 8.981862687196394412e-02 1.242101463214555501e-01 6.617314027079303218e-02 1.000199543969936544e-01 9.185282496373098349e-02 1.413158800256730241e-01 9.638908841533835870e-02 1.087469010721577867e-01
9.228090497659731384e-02 1.013202424302866167e-01 9.416651381841850688e-02 1.155470841677092436e-01 7.843440502415693905e-02 1.171846649678692787e-01 9.832568076886651076e-02 1.353831717209757757e-01 1.019659570226888606e-01 9.437821834694362644e-02 1.046681903137904740e-01 1.223288090061115385e-01 1.119074844340035985e-01 9.598888374408132140e-02 1.037859249793672278e-01 6.309772804914615119e-02 8.312088427920706624e-02 1.182922024109486492e-01 6.570327430634680110e-02 9.579443521187258614e-02 9.792750924050495909e-02 1.270122475197033307e-01 9.637575796001128514e-02 1.060589404021215487e-01
8.765286202695596329e-02 1.269526136316824483e-01 1.161139424606148912e-01 1.237022442774407399e-01 9.036469397258480030e-02 1.359096672042005016e-01 1.040100235068736473e-01 1.488248720977395634e-01 1.015259195638545664e-01 1.175021040436304842e-01 1.301873127847864298e-01 1.461989803132508481e-01 1.160295826148318582e-01 1.015167911529909484e-01 1.052156368164466754e-01 1.337707532329791837e-01 1.041582785813448264e-01 1.244204307944392213e-01 5.958545796646295273e-02 9.621343782340295581e-02 1.016347274177296783e-01 1.577898122569423023e-01 1.091227519358363152e-01 1.235386732322091285e-01
9.668435263070174202e-02 1.099826989421736068e-01 1.124955513131818685e-01 1.261798900265454215e-01 9.377585205573661653e-02 1.315562572589565882e-01 1.093128526681939466e-01 1.644503992156982342e-01 1.045062722775566694e-01 1.023109621788262785e-01 1.264990528641014023e-01 1.467996101493953820e-01 1.171322778933007597e-01 1.227468350496863370e-01 1.147811985232467247e-01 6.951929856405505981e-02 1.069935445732318469e-01 1.286261996648144779e-01 6.232178746502515382e-02 1.019183001977139319e-01 1.028753073320001626e-01 1.600388635759836531e-01 1.058417210853199453e-01 1.241017119172671129e-01
