2.186340445269016608e-01 3.902883156297420331e-01 4.536661466458658531e-01 4.078792630341042669e-01 1.471649784608219935e-01 3.966187329965021324e-01 3.174284279256655017e-01 4.543034605146406557e-01 3.099849650658884070e-01 5.141541609822646297e-01 4.648030495552731844e-01 5.507885365440053915e-01 4.094557449147883665e-01 4.169577027551416570e-01 2.424023629799803015e-01 9.903870127711443538e-02 5.006333122229259525e-01 4.910258089872920340e-01 2.899444787168414805e-01 3.893933140734626708e-01 3.750248360818597138e-01 4.642009769713886791e-01 1.722694809625619772e-01 4.006359300476947660e-01
2.142126789366053108e-01 4.122831959056013629e-01 4.528390427029563847e-01 4.589920029756369702e-01 1.456444922415117416e-01 4.006603223926976098e-01 3.164747120681021264e-01 4.643662906436629156e-01 3.044114955152846247e-01 5.077897620270501733e-01 4.598219882161213579e-01 5.523872679045093159e-01 4.016578749058025699e-01 4.194299011052937676e-01 2.310237203495630331e-01 8.603395061728394411e-02 4.994459395282571101e-01 4.912142669813794882e-01 2.829578527541231070e-01 3.908571428571428474e-01 3.725199881551672920e-01 4.644001672007802561e-01 1.699739606716350881e-01 3.973900231530204108e-01
2.113766408616627457e-01 4.126671911880409049e-01 4.245344658608297683e-01 4.368312370940491962e-01 1.628236506505217063e-01 4.155278272925331806e-01 3.658465991316932064e-01 4.607753556976895704e-01 3.256838626767027955e-01 5.006018916595013080e-01 4.531482399603371514e-01 5.353982300884956302e-01 3.966819100287142241e-01 4.120964605211979714e-01 2.292607485307763815e-01 7.845896008772837438e-02 5.025340513145390986e-01 4.925628537580624133e-01 2.539109506618532075e-01 3.933368037480479140e-01 3.737984342483400835e-01 4.838568298027757231e-01 1.688357996077732293e-01 4.044967880085653111e-01
2.072210908690626796e-01 3.955028492222393277e-01 4.199092088197146633e-01 3.970848926531416190e-01 1.810715308948524505e-01 3.955608402695204306e-01 3.787455053935277483e-01 4.559694616295906222e-01 3.099343955014058349e-01 5.106528038179648510e-01 4.647560030983733381e-01 5.320223705574598227e-01 4.140284148115001561e-01 4.077328646748681895e-01 2.242457354458811392e-01 9.286626010494965222e-02 4.967372274391214648e-01 4.892501310959622707e-01 2.807107641741988235e-01 3.884382380121162437e-01 3.765987210231814819e-01 4.855213803450862953e-01 1.735385743082279719e-01 4.088840736728060477e-01
2.079783113865220634e-01 4.203945540427896366e-01 4.119388258510113254e-01 4.343240651965484256e-01 1.837031295417110854e-01 3.857255832344800295e-01 3.828756058158319653e-01 4.609259009312997590e-01 3.167928486728085469e-01 5.083433683124032321e-01 4.608938547486033377e-01 5.301444043321299482e-01 4.090759618546530585e-01 4.117876658860265549e-01 2.240543161978661435e-01 7.943993795719885009e-02 5.044557606619987089e-01 4.927002499013547476e-01 2.672826830937714004e-01 3.910695742471443359e-01 3.745407605997418399e-01 4.863935406698564612e-01 1.680940758819614023e-01 4.066537467700258590e-01
2.089966165622053340e-01 4.027885360185902153e-01 4.279257465698143581e-01 4.179047619047618900e-01 1.798605511549589697e-01 3.911747167561120953e-01 3.764519011218107614e-01 4.618526815127157459e-01 3.150897003915854588e-01 5.133196721311474864e-01 4.679196370706416030e-01 5.302809193724917769e-01 4.150879946194372949e-01 4.157915208090237069e-01 2.209163584297816618e-01 9.669180248114814247e-02 5.002381330369900514e-01 4.916633845345936837e-01 2.820672478206724954e-01 3.868755118755118905e-01 3.760095722405025209e-01 4.859799070325386272e-01 1.733205286504778952e-01 4.077910866515592758e-01
1.980244837913098244e-01 4.011539629517157368e-01 4.205095130603031528e-01 4.467884724053494128e-01 1.727169209747210221e-01 3.960023748268355348e-01 3.694826074247296033e-01 4.631467513563583549e-01 3.104293364799854960e-01 5.044459644322845104e-01 4.708681672025723519e-01 5.323666494044536623e-01 4.117581930912311838e-01 4.137729223566133374e-01 2.078664276109367937e-01 8.633842726017776359e-02 4.962727993655828840e-01 4.917989765122687262e-01 2.802818360791627939e-01 3.888888888888888951e-01 3.740450441512054858e-01 4.846005058771016283e-01 1.681765698552269428e-01 4.069478908188585708e-01
2.120853747817761925e-01 4.073316781072002235e-01 3.929928937365724795e-01 4.440665154950869109e-01 1.972534332084893982e-01 3.848913693442296280e-01 4.056078767123287854e-01 4.571466953250940546e-01 3.252968693774739295e-01 5.090598290598290498e-01 4.700038704683266455e-01 5.151685393258427226e-01 4.180235187697874388e-01 4.066511085180863350e-01 2.295829170829170873e-01 8.915198101782051410e-02 4.958664546899840819e-01 4.936642027455121484e-01 2.779826464208243197e-01 3.903748838169988633e-01 3.733425687710271168e-01 4.947528517110266200e-01 1.708846483511526071e-01 4.088547304611387934e-01
2.091964236130393617e-01 3.999669038557008283e-01 4.127243066884176415e-01 3.785785785785785729e-01 1.922920892494928979e-01 4.000000000000000222e-01 3.953900709219858034e-01 4.542010553375727122e-01 3.079999999999999960e-01 5.106819347120150621e-01 4.840848806366047641e-01 5.125093353248693084e-01 4.152808988764045139e-01 4.027424094025465195e-01 2.222625090645395096e-01 1.105088547264146542e-01 5.029379069398126623e-01 4.935475375296286549e-01 2.777452129738178788e-01 3.860061287027579113e-01 3.774264558735241359e-01 4.936650892993436068e-01 1.837536372453928146e-01 4.137439719421306394e-01
2.052958483164432912e-01 2.961303462321792090e-01 4.273463554073368420e-01 3.711361310133060587e-01 1.835430784123910919e-01 3.888111888111888126e-01 3.814650835178104438e-01 4.637146371463714556e-01 2.978073328540618014e-01 5.226469102542515843e-01 4.942707596548309712e-01 5.108103026884752706e-01 4.080882352941176405e-01 4.029474500678689175e-01 2.235557980238831177e-01 1.658074404347220365e-01 5.035845148956508144e-01 4.886185243328100558e-01 2.595823198859347203e-01 3.822491174987392992e-01 3.795016644809845463e-01 4.919981710105166828e-01 2.084939958135947902e-01 4.163720724701723275e-01
2.032091320267068735e-01 2.725409836065573743e-01 4.278693722257450593e-01 3.676780446691951254e-01 1.815396399846802011e-01 3.934035366580568294e-01 3.809523809523809312e-01 4.653616548660280405e-01 2.976052701860589234e-01 5.210027100271003020e-01 4.928006775832862729e-01 5.132776230269266993e-01 4.137892501955525715e-01 4.071138604291513752e-01 2.194070399244034963e-01 1.767676767676767680e-01 4.991246219958618280e-01 4.890806852360402579e-01 2.586769256502466918e-01 3.803384367445608594e-01 3.761605271039233367e-01 4.945321992709599268e-01 2.089609887987640136e-01 4.153913905097434967e-01
1.974682220013600498e-01 4.338942307692307820e-01 4.037206266318537629e-01 4.123287671232876983e-01 1.819752375467895145e-01 3.878198770085300451e-01 3.778664007976071937e-01 4.694645844952593516e-01 3.031914893617021489e-01 5.081827480395499919e-01 4.843833422317138093e-01 5.249410484309813274e-01 3.963421080452478873e-01 4.149620105201636266e-01 2.171927153481290618e-01 1.046722344784115910e-01 5.034887408816999255e-01 4.886689241990101462e-01 2.625601539942252205e-01 3.841450988383941501e-01 3.779023218574860121e-01 4.898399014778325178e-01 1.762024374360405543e-01 4.126394052044609628e-01
1.875620408973595332e-01 3.415674825960026695e-01 3.916431769192505463e-01 3.806107808977249318e-01 1.913025930783977535e-01 3.818834796488427830e-01 3.950913838120104216e-01 4.636653155761435996e-01 2.899959497772377492e-01 5.223123732251521156e-01 5.181454599318618959e-01 5.040515653775322624e-01 3.884054932382849379e-01 3.983644859813084138e-01 2.134174577448483545e-01 1.490047393364928863e-01 4.979351969504447473e-01 4.810045074050225411e-01 2.299457289420860917e-01 3.803724207347760622e-01 3.832090695536717329e-01 4.941789215686274717e-01 1.952503871966959348e-01 4.253316702573988195e-01
1.914969450101833004e-01 4.575152615080019802e-01 3.647118472198749295e-01 4.250096637031310354e-01 2.012204828867073525e-01 3.589846092344593509e-01 4.063372717508055842e-01 4.719730941704035621e-01 3.040920032094142633e-01 5.098605916354981282e-01 4.912162162162161949e-01 5.020340236686390289e-01 3.711595639246779155e-01 4.027504911591355818e-01 2.135984233712033276e-01 8.897233504483102740e-02 4.955499046408137209e-01 4.876205368777690730e-01 2.472320975114271069e-01 3.853295245868190166e-01 3.725178713264495900e-01 4.983297904646219467e-01 1.690782422293676257e-01 4.146421897328789741e-01
1.955732946298983921e-01 4.278238902923132692e-01 3.634364958565871606e-01 3.915722520373683402e-01 2.208760484622553644e-01 3.846619576185670852e-01 4.406462186841489381e-01 4.552856561270186009e-01 3.079581708613966518e-01 5.075538957732134149e-01 4.956085319949811718e-01 5.087949101796407358e-01 4.071420698776589964e-01 3.995684582189093503e-01 2.150462558910804789e-01 1.060263653483992513e-01 4.960178400764574946e-01 4.881186818957594653e-01 2.589235656886563208e-01 3.821261919253398087e-01 3.833316373257352194e-01 4.858748244108007097e-01 1.872836942549194195e-01 4.194839857651245785e-01
1.957980134172343789e-01 4.347669605902465539e-01 3.600679694137637887e-01 4.113712374581939835e-01 2.123655913978494680e-01 3.854669887278582840e-01 4.366736256089074342e-01 4.573170731707317249e-01 3.019380547002354920e-01 5.109028960817717513e-01 4.941715237302248265e-01 5.102116598588933849e-01 4.092514903952307326e-01 3.990196078431372806e-01 2.147519205221509742e-01 1.054700449917120586e-01 5.040624502150709008e-01 4.891247379454926603e-01 2.551401869158878566e-01 3.838424845224804871e-01 3.804468708927307707e-01 4.919266342686941518e-01 1.877633992761168213e-01 4.198464790299254457e-01
1.987355110642781975e-01 4.119596087093720382e-01 4.297640070637341325e-01 4.412442396313364101e-01 1.716691565937797093e-01 3.913558318531675795e-01 3.632531851709933646e-01 4.622096925761847164e-01 3.036550234065538145e-01 5.001709401709402147e-01 4.747198332030231893e-01 5.284050811573747231e-01 4.127617148554337256e-01 4.085769980506822607e-01 2.164780968958514573e-01 9.426278957528957947e-02 5.023012220282494500e-01 4.915075707702435959e-01 2.820434070434070239e-01 3.881531670259726896e-01 3.720540380633073907e-01 4.810183117463153191e-01 1.691153485464207684e-01 4.073033707865168496e-01
1.949393235218177256e-01 4.108080636964255294e-01 4.262687519948930581e-01 4.159394997091332424e-01 1.684884030925086762e-01 3.756927949326999139e-01 3.601823708206686736e-01 4.650595882990249397e-01 3.127749428118951069e-01 5.166977453805730036e-01 4.802334836826744335e-01 5.329218106995884385e-01 4.077798651784727557e-01 4.029618082618862118e-01 2.071777235411582097e-01 1.066992204231988345e-01 5.054683785068949664e-01 4.888249901973598099e-01 2.744230769230769362e-01 3.849287169042769907e-01 3.731461340715839237e-01 4.813488510892270922e-01 1.739749299784195680e-01 4.105916966328865825e-01
2.276250454160106684e-01 4.115622849277357220e-01 4.572824716267339107e-01 4.243408482995796871e-01 1.571683176524225900e-01 4.060106069534472617e-01 3.415007656967840588e-01 4.632954845524161480e-01 3.211772232885476419e-01 5.187829338772734777e-01 4.526028078022114598e-01 5.493684397793986429e-01 4.003864319450408105e-01 4.170377541142303857e-01 2.316259753335011273e-01 9.391881845665857320e-02 5.012726694241170788e-01 4.910093188082425564e-01 2.979009989897856148e-01 3.892735351865247440e-01 3.714285714285714413e-01 4.711510156020017881e-01 1.701401365432985979e-01 4.013598215234250310e-01
1.887067578439259874e-01 4.216193539365123977e-01 3.842823842823842595e-01 4.439402533560219410e-01 1.707262167394534291e-01 3.870073281837987933e-01 3.719948974585418622e-01 4.628503437334743342e-01 3.097907324364723713e-01 5.078004457397565785e-01 4.595915298834732376e-01 5.055315055315054984e-01 3.976862661855232184e-01 3.996886553804241959e-01 2.004226267880364065e-01 7.230593171848179179e-02 4.964370546318289668e-01 4.898360655737705183e-01 2.574931880108992099e-01 3.920407315045719154e-01 3.715664074037609566e-01 4.798797078619504441e-01 1.624393802841079815e-01 4.038461538461538547e-01
1.994696367011402904e-01 3.981886792452830059e-01 4.198312236286919630e-01 4.371637202152190427e-01 1.981501802790406053e-01 3.955091589521370632e-01 3.911202891068663035e-01 4.643000669792364254e-01 3.227819480871845781e-01 5.075239398084815390e-01 4.703060165975103679e-01 5.326251896813353204e-01 4.174496644295301873e-01 4.078561657221028147e-01 2.134387351778656017e-01 8.062832084271097377e-02 5.065988233423437404e-01 4.955635015229770679e-01 2.813951088638943498e-01 3.891813771033343916e-01 3.859523566097535774e-01 4.949947706559091332e-01 1.737455279332171254e-01 4.149076517150395715e-01
1.940882640712704166e-01 4.190220463538722462e-01 4.526430010851030805e-01 4.484994442386068814e-01 1.641913834163238883e-01 3.897375636506071328e-01 3.417755745831455583e-01 4.594275210084033390e-01 3.111030347083408865e-01 5.029878777531159306e-01 4.633501259445843568e-01 5.360075805432722440e-01 3.994837044207809051e-01 4.145917776491024886e-01 2.076871953921134162e-01 7.399313143927567504e-02 5.110055423594616064e-01 4.892922434055889114e-01 2.831769436997318978e-01 3.905877474862651799e-01 3.743549027391822048e-01 4.751927833551578551e-01 1.638550047581970870e-01 4.046521599313966933e-01
1.944401464748053143e-01 4.183731513083048803e-01 4.441310139476570829e-01 4.478470675575352833e-01 1.657342657342657233e-01 3.875317568888020370e-01 3.456069996354356744e-01 4.553108808290155518e-01 3.101900739176346455e-01 4.985447697312104243e-01 4.583280796873029916e-01 5.391595033428844275e-01 4.031007751937984440e-01 4.132151801194374752e-01 2.062084257206208415e-01 7.383752628709401578e-02 5.068970984620263520e-01 4.889499149993461469e-01 2.851087562744004655e-01 3.914125700062227597e-01 3.724696356275303821e-01 4.796642061079751107e-01 1.645817044566067200e-01 4.038913833654051988e-01
1.871562360636241928e-01 3.822366055375764349e-01 3.537585802779172894e-01 3.741675075681130114e-01 1.577633549675486746e-01 3.593186372745491020e-01 3.813883299798792592e-01 4.641873278236914868e-01 3.019972451790633450e-01 5.094307561597281042e-01 4.886440908472732270e-01 5.005836251459062636e-01 4.115748469671675069e-01 3.664182032169478465e-01 2.076527187290221621e-01 1.038732394366197187e-01 4.919904837430610356e-01 4.892501310959622707e-01 2.574062472030788640e-01 3.856382978723404409e-01 3.674146341463414567e-01 4.573665480427046015e-01 1.797646165527714557e-01 4.089090712509460546e-01
2.108454024924217018e-01 4.196784389171361873e-01 3.668741355463346898e-01 4.385931916494263949e-01 2.039257865017477800e-01 3.849699398797595262e-01 4.281016103424812869e-01 4.679802955665024466e-01 3.314617434335744295e-01 5.032545392257622430e-01 4.639714322152786452e-01 5.157914065369078038e-01 4.077904929577464976e-01 4.004716054234623845e-01 2.310303639906959305e-01 8.055744391570360263e-02 5.029500877053101338e-01 4.960159362549800832e-01 2.607049917198959177e-01 3.928385552201519859e-01 3.698724239450441598e-01 4.782942169044331893e-01 1.670709654655316845e-01 4.071320836026718348e-01
2.127551020408163240e-01 4.129014697876973172e-01 3.582738820254045553e-01 4.229370093815814635e-01 2.075760893365447834e-01 3.798511964608887737e-01 4.355211462907326303e-01 4.626249167221851977e-01 3.290328746177370034e-01 5.074858027878161870e-01 4.678630520554918903e-01 5.179735518718570075e-01 4.085915183476159229e-01 3.987416437278804571e-01 2.302833197823503653e-01 8.064824858036112598e-02 5.060702875399361034e-01 4.954871250331829291e-01 2.559808612440191422e-01 3.933949527469103868e-01 3.695098039215686248e-01 4.768994627782041640e-01 1.678265880579812852e-01 4.086730831621066540e-01
2.087144520206219989e-01 4.092556453861165289e-01 4.084019769357495888e-01 4.420276149044826686e-01 1.725283224896492218e-01 3.795966785290628698e-01 3.715097482120113814e-01 4.592149035262807488e-01 3.148542341508560605e-01 5.089851103884990291e-01 4.603593416258323634e-01 5.320445837687216573e-01 4.051976177585273620e-01 4.040482678084857948e-01 2.230059685295713579e-01 7.963375194254274092e-02 5.045886075949367333e-01 4.907846234860452905e-01 2.670660036166365159e-01 3.897637795275590289e-01 3.702357563850687816e-01 4.844180315987824392e-01 1.658641218700752928e-01 4.010411133538723250e-01
2.086219316229844245e-01 3.604138723893466345e-01 4.374505772576308682e-01 3.754238978655495829e-01 2.077694372911073339e-01 3.956435643564356619e-01 4.005928435316535863e-01 4.536999042538640281e-01 3.057341218822319240e-01 5.106888361045130997e-01 4.875395841938592878e-01 5.364431486880466560e-01 4.082820738137082350e-01 4.114472923492002443e-01 2.243527112848070215e-01 1.572531869358890777e-01 5.058879694462126153e-01 4.852386526206268758e-01 2.661108216084766553e-01 3.822159205995543929e-01 3.807886754297269971e-01 4.859755152642181719e-01 2.021697306541256900e-01 4.181010549694614276e-01
2.146321976830451450e-01 4.365818985942189201e-01 4.219727345629510906e-01 4.298096853212737822e-01 2.081800713697501970e-01 3.926940639269406175e-01 4.102786511980917039e-01 4.619021885976762887e-01 3.186616568259080240e-01 5.144705481784133116e-01 4.786336059087312189e-01 5.415778251599147053e-01 4.082037710883228421e-01 4.238012036497767476e-01 2.379146310105425544e-01 9.528833789442447966e-02 5.124282982791587004e-01 4.899082568807339721e-01 2.657050673752134884e-01 3.845291479820627800e-01 3.781883912432215111e-01 4.829910644301614875e-01 1.809318996415770486e-01 4.104014797084103994e-01
