1.952288941736028405e-01 2.080057183702644641e-01 1.776165011459129028e-01 2.458015267175572560e-01 1.490329920364049932e-01 2.422451994091580629e-01 2.083639931322050498e-01 2.789846228948010820e-01 2.034597471723220141e-01 2.133204633204633105e-01 2.454634624816086352e-01 2.862335302135393111e-01 2.458985479917027983e-01 2.063142437591776734e-01 2.324565236389058709e-01 1.167311561677758930e-01 1.774960380348653000e-01 2.647747982296276836e-01 1.341422312099763980e-01 2.010169491525423680e-01 2.255339496334077265e-01 2.549659057219093028e-01 2.135671485899620636e-01 2.397660818713450159e-01
1.883145091225021661e-01 1.989512646514497163e-01 1.772395232602844983e-01 2.441640378548895762e-01 1.483995684229455214e-01 2.350773765659543157e-01 2.074481074481074605e-01 2.898744322735773427e-01 2.097000280347631196e-01 2.127867252318204061e-01 2.418160095579450497e-01 2.876712328767123128e-01 2.401309805348371962e-01 2.109890109890109888e-01 2.178606476938174663e-01 1.251986491855383299e-01 1.873267326732673266e-01 2.600417318727177851e-01 1.367365542388331856e-01 2.004114520829761714e-01 2.208550244518062700e-01 2.561299852289512513e-01 2.077156151931609240e-01 2.406304728546409810e-01
1.662391335328488040e-01 2.057902973395931145e-01 1.699570815450643646e-01 2.351791530944625508e-01 1.507924296045545509e-01 2.553699284009546266e-01 2.218165221360109407e-01 2.822434737658309767e-01 2.114897212052942732e-01 2.041522491349480883e-01 2.366697848456501274e-01 2.753326509723643678e-01 2.528960969524148839e-01 2.125925925925925830e-01 1.982542633152832856e-01 1.257998607961561821e-01 1.883425852498017417e-01 2.638633377135348179e-01 1.321381142098273509e-01 2.055737140891106263e-01 2.149547547229719024e-01 2.715361939076318398e-01 2.030680111564042156e-01 2.393655371304974633e-01
1.616470751895388580e-01 2.077008515364679730e-01 1.662457912457912523e-01 2.350194552529182856e-01 1.632653061224489666e-01 2.416267942583732176e-01 2.176848874598070749e-01 2.906701708278580654e-01 2.020936318697295619e-01 2.091566265060240959e-01 2.465857359635811874e-01 2.793719545208446231e-01 2.442199339421022020e-01 2.099322799097065595e-01 1.920984149515022610e-01 1.142929790547627389e-01 1.894821356884785202e-01 2.617309697601668539e-01 1.317294751009421283e-01 1.980830670926517489e-01 2.146074646074646042e-01 2.753219631047685301e-01 2.017076957196717590e-01 2.390584773813902164e-01
1.598515614059655421e-01 2.113916617733411496e-01 1.651376146788990917e-01 2.473647224174279624e-01 1.624925816023738978e-01 2.361769352290679358e-01 2.212041884816753901e-01 2.867016864805086995e-01 2.010877144052433396e-01 2.058386937159821795e-01 2.428991185112634732e-01 2.803687635574837467e-01 2.455449259050834776e-01 2.079579579579579618e-01 1.903337531486146150e-01 1.239383382289318547e-01 1.914125200642054492e-01 2.626607189713985879e-01 1.324889425010052357e-01 2.065775950668037042e-01 2.116579073100812169e-01 2.803867403314916906e-01 1.957530811502961043e-01 2.374454148471615844e-01
1.604972957786050536e-01 2.084115659031167966e-01 1.639617145235122697e-01 2.325102880658436177e-01 1.618182869701000615e-01 2.235673930589184843e-01 2.170036618372870596e-01 2.883855675533315566e-01 1.989150090415913175e-01 2.088178294573643512e-01 2.490440989039000852e-01 2.861142217245240538e-01 2.442971339442386314e-01 2.140740740740740833e-01 1.912104857363145782e-01 1.159609568325543072e-01 1.862784204228161156e-01 2.635294117647059009e-01 1.382614647501711203e-01 1.989625167336010747e-01 2.132435465768799110e-01 2.843239485575251857e-01 2.036514522821576689e-01 2.409132420091324167e-01
1.511055705006233152e-01 2.118826055833929745e-01 1.630705394190871405e-01 2.524719841793012787e-01 1.586191708418212831e-01 2.394924662965900175e-01 2.157317261628805549e-01 2.873837981407702524e-01 2.009688581314878764e-01 2.071984435797665502e-01 2.510670348983178313e-01 2.684787792083929148e-01 2.402671755725190872e-01 2.083958020989505333e-01 1.737336368810472320e-01 1.154430784820928563e-01 1.890171110226820661e-01 2.595978062157220934e-01 1.324458098651647153e-01 2.000674763832658576e-01 2.132972801017973541e-01 2.714236940935472742e-01 1.968386201003951841e-01 2.380865437283184172e-01
1.554600787683494412e-01 2.045826513911620237e-01 1.562638335546702173e-01 2.426666666666666694e-01 1.684162778641783431e-01 2.359183673469387732e-01 2.226224783861671386e-01 2.913472070098576117e-01 2.012561441835062914e-01 2.113702623906705547e-01 2.528416266734023754e-01 2.895377128953771084e-01 2.470308788598574723e-01 2.051851851851851927e-01 1.870909685863874350e-01 1.163989418278015692e-01 1.885508406725380226e-01 2.597780126849894566e-01 1.319086219602063348e-01 2.023425564420302247e-01 2.100095026924295172e-01 2.817103844771828847e-01 2.002721088435374108e-01 2.407271391847227437e-01
1.565247977488568309e-01 2.212350066637050194e-01 1.672369546621043646e-01 2.385702410640066495e-01 1.627950778503264584e-01 2.500000000000000000e-01 2.201518288474810237e-01 2.797999444290080739e-01 1.925840758838746891e-01 2.122389509470616886e-01 2.588046958377801521e-01 2.867469879518072529e-01 2.333594361785434612e-01 1.995430312261995409e-01 1.840702414550015598e-01 1.203361917201431069e-01 1.876247504990019854e-01 2.569700157811677932e-01 1.298882681564245689e-01 1.915638546182060753e-01 2.105772331505965933e-01 2.816237767306995488e-01 2.091751842167815512e-01 2.402475618904726107e-01
1.470265073478917717e-01 2.325581395348837177e-01 1.620758483033932218e-01 2.296431838975297457e-01 1.578728954232866966e-01 2.431986809563066732e-01 2.105434428896843513e-01 2.859574468085106513e-01 1.889312977099236734e-01 2.189101071262226361e-01 2.786084833689350115e-01 2.821934688847812511e-01 2.305169753086419859e-01 2.014652014652014711e-01 1.757575757575757514e-01 1.296898079763663114e-01 1.818913480885311906e-01 2.544132917964693763e-01 1.253228385192473315e-01 1.914094398170831379e-01 2.158144094102270871e-01 2.759118815456843565e-01 2.255953209859350994e-01 2.427756653992395319e-01
1.452638700947226080e-01 2.187500000000000000e-01 1.657392686804451398e-01 2.725366876310272302e-01 1.581656527842770221e-01 2.473811442385173143e-01 2.119441739694904181e-01 2.820287305775432407e-01 1.847869909958338996e-01 2.220643939393939503e-01 2.727825030376670457e-01 2.812314979277679150e-01 2.319177816560015482e-01 1.962346125995655388e-01 1.721461187214611832e-01 1.312925170068027225e-01 1.890806904857486870e-01 2.604409857328145450e-01 1.306797305572565959e-01 1.916558018252933482e-01 2.123694779116465925e-01 2.768624641833810629e-01 2.286651315330402723e-01 2.379512379512379594e-01
1.466231647634584079e-01 2.450787401574803237e-01 1.575342465753424570e-01 2.420333839150227706e-01 1.549923735773788558e-01 2.353883106485188115e-01 2.112856684834882870e-01 2.866863905325443551e-01 1.951121794871794879e-01 2.054001928640308561e-01 2.583783783783784038e-01 2.724270776004402705e-01 2.249867654843832609e-01 2.095451155853840508e-01 1.780203236733157723e-01 1.327343460540941211e-01 1.917263325377883965e-01 2.583633556356150218e-01 1.210973022127917603e-01 1.924609764197940942e-01 2.137096774193548432e-01 2.795857988165680319e-01 2.008923528747317278e-01 2.366454986925662918e-01
1.310222548300317980e-01 3.555219364599092047e-01 1.549799017418490299e-01 2.529898804047838179e-01 1.508421709295071633e-01 2.336065573770491899e-01 2.047380252464119088e-01 2.836970474967907552e-01 1.771308312872676149e-01 2.217514124293785416e-01 2.930043933761405928e-01 2.543252595155709450e-01 2.006264137811031856e-01 1.956845238095238082e-01 1.507712844853159317e-01 1.907369044095886257e-01 1.892971246006389663e-01 2.431412031210672120e-01 1.136763640128377745e-01 1.867165879863258993e-01 2.135355892648774789e-01 2.653508771929824483e-01 1.945050712543330285e-01 2.391088124129699677e-01
1.227284199899040945e-01 2.609078889378581012e-01 1.501176470588235223e-01 2.474674384949348827e-01 1.629575499900351998e-01 2.270850536746490400e-01 2.089525190286335710e-01 2.879784688995215558e-01 1.936700336700336589e-01 2.071770334928229595e-01 2.630266075388026370e-01 2.622663551401869242e-01 2.153064464909495157e-01 2.141756548536209448e-01 1.497028231797919717e-01 1.228397680667515229e-01 1.880000000000000004e-01 2.542503863987635171e-01 1.159755493143895533e-01 1.960066555740432592e-01 1.982484076433121134e-01 2.773801002147459061e-01 1.868817204301075341e-01 2.327992459943449555e-01
1.425161290322580765e-01 2.720000000000000195e-01 1.513437057991513512e-01 2.372881355932203451e-01 1.653708133971291960e-01 2.312983662940670815e-01 2.126315789473684215e-01 2.887894883980989813e-01 1.876668446342765750e-01 2.120057170080990872e-01 2.756580893226855955e-01 2.858009708737864196e-01 2.247680363567506057e-01 2.067381316998468666e-01 1.693169092945128740e-01 1.431682714351215080e-01 1.979082864038616274e-01 2.572549019607843213e-01 1.282199710564399520e-01 1.918892185954500507e-01 2.165700082850041397e-01 2.772466539196940527e-01 2.026895460630400436e-01 2.388461538461538469e-01
1.453650320658158857e-01 2.764872521246458659e-01 1.519350215002388815e-01 2.563903950426026368e-01 1.557878270762229900e-01 2.482993197278911546e-01 2.146997929606625222e-01 2.895705521472392574e-01 1.863448275862069070e-01 2.102983638113570808e-01 2.732864674868190069e-01 2.680473372781065344e-01 2.295860235472844679e-01 2.140672782874617763e-01 1.736557946897418769e-01 1.417768284939098233e-01 1.867203219315895502e-01 2.528645833333333370e-01 1.229009843659525231e-01 1.917175383600066008e-01 2.108542383997376590e-01 2.748357170467723432e-01 1.999145142578005740e-01 2.355204925918799319e-01
1.396497234658941322e-01 2.207384131971720231e-01 1.694706606483381284e-01 2.570621468926553854e-01 1.571842378531999873e-01 2.384313725490196101e-01 2.112231081690988388e-01 2.906754170084768774e-01 2.007927829414980769e-01 2.089407191448007794e-01 2.568263781555898961e-01 2.697768762677484888e-01 2.368672397325692347e-01 2.040358744394618895e-01 1.687867291527188895e-01 1.158719346049046361e-01 1.881227580709446123e-01 2.618985011832763443e-01 1.266733601070950399e-01 1.961674230963187104e-01 2.082217672074342385e-01 2.745299145299145427e-01 1.950432772431589801e-01 2.423133235724743706e-01
1.396648044692737345e-01 2.392231170061582257e-01 1.653193209377526174e-01 2.556776556776556575e-01 1.539489152506145209e-01 2.373015873015872912e-01 2.100653206650831273e-01 2.828507795100222988e-01 1.987060998151571056e-01 2.112007593735168443e-01 2.608115323011211961e-01 2.607677902621722832e-01 2.316910785619174518e-01 2.059701492537313328e-01 1.635993256532733975e-01 1.273908151784801102e-01 1.907032181168057117e-01 2.599118942731277748e-01 1.312046004842614966e-01 1.945919044459190339e-01 2.108509965200885683e-01 2.680412371134020533e-01 1.975871462723077787e-01 2.428969359331476230e-01
1.743436566577582225e-01 2.061618197523754636e-01 1.884796238244514088e-01 2.538141470180305115e-01 1.489550036882222872e-01 2.532717474980754613e-01 2.146668490901628146e-01 2.945531464833421320e-01 2.093999160721779218e-01 2.190339550454327988e-01 2.396053558844256637e-01 3.044155844155844171e-01 2.393193338160753136e-01 2.090313182811361914e-01 2.122314049586776774e-01 1.229692029976478251e-01 1.968724939855653611e-01 2.641755944604128326e-01 1.387531756888802092e-01 2.006796941376380594e-01 2.195659012268008914e-01 2.768154563624250497e-01 2.081528800346470198e-01 2.430172567158868646e-01
1.218315109343936359e-01 2.036320333432569130e-01 1.467931345980126590e-01 2.338009352037408173e-01 1.534285248927737544e-01 2.442322991249005482e-01 2.136271292389435861e-01 2.781018027571580120e-01 1.993634259259259300e-01 2.052915237628613332e-01 2.365719742181905116e-01 2.258953168044077198e-01 2.348134991119005255e-01 1.997030438010393427e-01 1.432760501909438045e-01 1.260742629219951394e-01 1.965913594926674557e-01 2.530654839551265134e-01 1.204146730462519882e-01 1.947873799725651500e-01 1.998428908091123279e-01 2.541523033531808418e-01 1.831974985903941644e-01 2.289870689655172376e-01
1.659032065325632410e-01 2.026120720084715887e-01 1.624472573839662315e-01 2.407932011331444799e-01 1.715216682958618510e-01 2.233463035019455367e-01 2.272187340912947551e-01 2.834195480533623912e-01 2.028905712319339361e-01 2.067120622568093258e-01 2.469387755102040727e-01 2.684563758389261756e-01 2.402874902874902741e-01 2.052830188679245216e-01 1.942188071716063058e-01 1.102856997481364704e-01 1.882258710452543171e-01 2.644320297951582854e-01 1.395151720630615488e-01 1.983036471586089866e-01 2.290866588746034438e-01 2.799034815580834223e-01 2.046085508051082857e-01 2.456636500754147689e-01
1.542202598067447250e-01 2.131546894031668693e-01 1.767581797668296428e-01 2.403486924034869132e-01 1.547945915142723838e-01 2.488584474885844611e-01 2.134739148295221045e-01 2.952405857740585948e-01 2.039090657055724898e-01 2.096852300242130762e-01 2.451783992285438696e-01 2.678300455235204658e-01 2.377838328792007128e-01 2.109431245500359986e-01 1.798233314638250091e-01 1.265171948752528697e-01 2.049147839873166899e-01 2.690118986032074555e-01 1.296511627906976882e-01 2.018787361229718302e-01 2.221514958625079583e-01 2.674456345342421382e-01 1.969367691193211201e-01 2.447173559689362343e-01
1.532987112906328275e-01 2.206790123456790209e-01 1.745847817690227843e-01 2.500000000000000000e-01 1.568524727577535749e-01 2.452830188679245293e-01 2.144846796657381705e-01 2.858961303462321801e-01 2.032488114104595844e-01 2.166910688140556429e-01 2.466779415317709723e-01 2.679814385150812162e-01 2.410844250363901042e-01 2.072909220872051483e-01 1.774284110050533270e-01 1.257884114035825451e-01 2.043737574552683955e-01 2.651102464332036335e-01 1.312584573748308558e-01 2.015384615384615274e-01 2.187845303867403390e-01 2.736605710619184895e-01 1.952678107124284912e-01 2.477526069759079519e-01
1.423515772774421873e-01 2.220338983050847426e-01 1.297569922054103708e-01 2.209802235597592424e-01 1.449318316538233675e-01 2.086811352253756247e-01 2.038061158100195058e-01 2.606689734717416163e-01 1.807259713701431514e-01 1.958910654562828479e-01 2.541420949171581123e-01 2.233811386353759254e-01 2.279992297323319983e-01 1.630934150076569777e-01 1.609627946606077831e-01 1.305942317255096852e-01 1.663350576999602093e-01 2.463503649635036541e-01 1.283023980490448357e-01 1.938502673796791420e-01 1.963456178383400363e-01 2.431178472007423375e-01 1.975694444444444364e-01 2.270478284771852706e-01
1.573955213236342965e-01 2.175035868005738837e-01 1.596385542168674565e-01 2.557377049180327711e-01 1.686820239140714717e-01 2.378964941569282066e-01 2.306008754476721045e-01 2.937997724687144707e-01 2.075640262060750585e-01 2.140762463343108546e-01 2.454927142504322035e-01 2.868571428571428661e-01 2.492447129909365622e-01 2.112567463377023891e-01 1.880313660751135041e-01 1.277264325323475003e-01 1.996772892295280433e-01 2.715355805243445664e-01 1.269841269841269771e-01 2.012037833190025715e-01 2.070959674898405767e-01 2.805280528052805367e-01 1.951697473650760017e-01 2.367941712204007232e-01
1.596620450606585917e-01 2.111923509561304813e-01 1.585677749360613897e-01 2.459818308874912596e-01 1.698673666758773182e-01 2.472480948348856900e-01 2.330316742081448012e-01 2.916778884998653121e-01 2.074340527577937521e-01 2.164437840515106570e-01 2.504305043050430446e-01 2.958756724447100805e-01 2.504708097928436961e-01 2.109737248840803658e-01 1.906206444207592110e-01 1.269345547921438000e-01 2.029983792544570453e-01 2.717797969000534386e-01 1.263134851138353887e-01 2.030152475586773919e-01 2.075530586766541896e-01 2.813073815644509534e-01 1.959290243512548657e-01 2.361136571952337226e-01
1.671930932827963845e-01 2.063867534003548110e-01 1.575943810359964892e-01 2.461538461538461675e-01 1.551657777533403115e-01 2.393364928909952616e-01 2.208885424785658746e-01 2.857910287402632421e-01 2.019107372023385139e-01 2.130667966845441186e-01 2.440604751619870338e-01 2.712609970674486615e-01 2.366342090758772609e-01 1.909361069836552627e-01 1.959359124658069662e-01 1.252681056906858881e-01 1.882911392405063333e-01 2.610410094637223843e-01 1.319224683544303889e-01 2.032423208191126152e-01 2.125860989355040642e-01 2.713228194399742721e-01 1.962523619567499433e-01 2.344778509162070701e-01
1.539810592774465137e-01 2.557813594954450043e-01 1.817463453180561128e-01 2.547092547092547066e-01 1.666090324365447073e-01 2.623211446740858488e-01 2.196674920410328913e-01 3.017902813299232490e-01 1.968253968253968200e-01 2.297811607992388261e-01 2.760011524056467658e-01 3.030133928571428492e-01 2.400225903614457701e-01 2.140300644237652095e-01 1.873013350286077683e-01 1.508267433501078447e-01 2.070626003210272736e-01 2.645624839620220881e-01 1.258741258741258862e-01 1.941795462019072771e-01 2.254837651689078348e-01 2.953776775648252473e-01 2.202412868632707688e-01 2.582006522156148343e-01
1.670672201587648509e-01 2.343442300118156740e-01 1.833810888252148941e-01 2.587458745874587351e-01 1.664702211745129334e-01 2.642570281124497766e-01 2.314490885656416974e-01 3.102493074792243566e-01 2.059301380991064301e-01 2.271853986551392868e-01 2.667546174142479964e-01 3.017598343685300444e-01 2.414250521129429616e-01 2.236938925680647672e-01 2.051173070384222918e-01 1.254098051776764422e-01 2.157809983896940287e-01 2.795726941115164177e-01 1.240735250518825994e-01 2.009966777408637995e-01 2.278624716185533583e-01 2.972555083107846774e-01 2.100624525768983730e-01 2.554176699388775451e-01
