1.523075139146567725e-01 8.831562974203338579e-02 7.254290171606864179e-02 6.311250490003919578e-02 1.271005549734156026e-01 6.373882627283326829e-02 1.422233383559350361e-01 1.448852833058689449e-01 1.352259662156186371e-01 7.537517053206002626e-02 1.271918678526048341e-01 1.068339833813803652e-01 1.433754810335348961e-01 5.452076057431121114e-02 1.745979652116836367e-01 1.044685153890905077e-01 7.093096896770108295e-02 1.332372592689637092e-01 8.184248406333538561e-02 1.223689640940982259e-01 1.405722233260480736e-01 1.200279134682484261e-01 1.767274712277669135e-01 1.434022257551669233e-01
1.477505112474437610e-01 9.169746943417685092e-02 7.211012044423588396e-02 7.197321926724939423e-02 1.267859886311261397e-01 6.195377743251116731e-02 1.417960273743949229e-01 1.439946914399469202e-01 1.369211056196229237e-01 7.464475261085430635e-02 1.268647361163344478e-01 1.114058355437665820e-01 1.421035633545053301e-01 5.584642233856893651e-02 1.662921348314606862e-01 1.144244734931009477e-01 7.487731518125692598e-02 1.307369525308156311e-01 8.084510078689231827e-02 1.214545454545454539e-01 1.381897147369459955e-01 1.208025637452974782e-01 1.723534165394630391e-01 1.446011366028204514e-01
1.308762481768203645e-01 1.034618410700235969e-01 6.468474354786017677e-02 6.776797446968274574e-02 1.262398557258791743e-01 6.357694592988710758e-02 1.406657018813314008e-01 1.425401383631379748e-01 1.378740591151092210e-01 7.102321582115218856e-02 1.254338125929598535e-01 9.522123893805309325e-02 1.509092842709773563e-01 5.581485803189420447e-02 1.517476028456541948e-01 1.159297345389087713e-01 7.522964840038011414e-02 1.321574305646965874e-01 7.184115523465703368e-02 1.244143675169182700e-01 1.341789713606183765e-01 1.211102994886778667e-01 1.687466571581387187e-01 1.421841541755888561e-01
1.279101766745555646e-01 8.640073925766210416e-02 6.404020752269778960e-02 5.948394721292101645e-02 1.337026072008404287e-01 6.004756242568370928e-02 1.352377147423092230e-01 1.455837830722653548e-01 1.302717900656044925e-01 7.397306971194818337e-02 1.258714175058094631e-01 9.309038426844669367e-02 1.406197561248461736e-01 5.448154657293497599e-02 1.478783463849936142e-01 1.019997163522904510e-01 7.512334871876491516e-02 1.316203460933403346e-01 8.042317173377157291e-02 1.209569771023719098e-01 1.332933653077537917e-01 1.186796699174793718e-01 1.666666666666666574e-01 1.408450704225352179e-01
1.263140422706650334e-01 1.000277854959711055e-01 6.216082881105081115e-02 6.749760306807287003e-02 1.326421858347059390e-01 5.911427441676551930e-02 1.365105008077544535e-01 1.399649075448778646e-01 1.315333394143938794e-01 7.156373645277826212e-02 1.259522600304723294e-01 9.332129963898916358e-02 1.434835032335854410e-01 5.405932864949258149e-02 1.465809893307468414e-01 1.140874887337818833e-01 7.590706556333545740e-02 1.316585558332237227e-01 7.517681953000228401e-02 1.252336448598130869e-01 1.319630622579684165e-01 1.214114832535885119e-01 1.628134013756379062e-01 1.405038759689922478e-01
1.267402518165178238e-01 8.597986057319907671e-02 6.359967715899919605e-02 6.457142857142857129e-02 1.327135606887065444e-01 5.505863645398528794e-02 1.353122207882458128e-01 1.442877849519040578e-01 1.302249339768691283e-01 7.359972677595628954e-02 1.266364225534672705e-01 9.321415541773075963e-02 1.404551059298284887e-01 5.620381174640217553e-02 1.479537048084954010e-01 1.025906105570420779e-01 7.413875218288616675e-02 1.323355651831429614e-01 8.385222083852221509e-02 1.217239967239967247e-01 1.326154152956426358e-01 1.226570700254910745e-01 1.683358485388942172e-01 1.423330096039710779e-01
1.210003677822728968e-01 8.988764044943819975e-02 6.336665591744598813e-02 7.214164626106611689e-02 1.312229560464586720e-01 5.976647536117157822e-02 1.360226054759816894e-01 1.431785099907370573e-01 1.317963147862394602e-01 7.284541723666210222e-02 1.286173633440514386e-01 9.718625927843949075e-02 1.393932683790965465e-01 5.423332032774092620e-02 1.368220528910802369e-01 1.048412486982635422e-01 7.533703409992069389e-02 1.304290775488780862e-01 8.040617552585224703e-02 1.220164609053497884e-01 1.330489135826966873e-01 1.182859693497991388e-01 1.636912692068567265e-01 1.406840004315460246e-01
1.222616432956017407e-01 9.128085292828976016e-02 5.833746488183771256e-02 6.878306878306877925e-02 1.351955888472742284e-01 5.760414590392665124e-02 1.322773972602739601e-01 1.429339065018807031e-01 1.326016552716804686e-01 7.435897435897435848e-02 1.291446264998064863e-01 8.913857677902621568e-02 1.411126187245590191e-01 5.387008945935433529e-02 1.427947052947052820e-01 1.054895078968832584e-01 7.488076311605723623e-02 1.297518479408658887e-01 7.765726681127982367e-02 1.231023443147784835e-01 1.312091826637641068e-01 1.192395437262357416e-01 1.660125411647945248e-01 1.419138341632388001e-01
1.235630588104626032e-01 8.240939930498096533e-02 6.378466557911909030e-02 5.745745745745745731e-02 1.314908722109533468e-01 6.190476190476190688e-02 1.330830204422194518e-01 1.362467866323907317e-01 1.246511627906976699e-01 7.468808750640916483e-02 1.286472148541114024e-01 8.887229275578789611e-02 1.339325842696629243e-01 5.132223310479921974e-02 1.418902586415276834e-01 9.901406476332881568e-02 7.463871684929331007e-02 1.286542006847511133e-01 8.177022274325908280e-02 1.173646578140960101e-01 1.306784070442265355e-01 1.186078461303617798e-01 1.707080504364694440e-01 1.403989478298991733e-01
1.166503214558134438e-01 5.295315682281059172e-02 6.447514689534698806e-02 5.138178096212896867e-02 1.288964181994191605e-01 5.894105894105894361e-02 1.302072851680418641e-01 1.377613776137761314e-01 1.245506829618979183e-01 7.913790200370432459e-02 1.291554675343047076e-01 8.610641097950742784e-02 1.331327985739750308e-01 5.332557688578631189e-02 1.353579438685821590e-01 6.116761878222098242e-02 7.200892145929584098e-02 1.282051282051281937e-01 8.546506751656461620e-02 1.182047402924861351e-01 1.332593564006859799e-01 1.164456637707666498e-01 1.784730637875950321e-01 1.410737958462218167e-01
1.156041352573767000e-01 4.877049180327868577e-02 6.610653138871275258e-02 5.478297513695743609e-02 1.294523171198774525e-01 6.099741704748658927e-02 1.312035362668274030e-01 1.335554630015271527e-01 1.224071930917831341e-01 7.943766937669376194e-02 1.267645398080180785e-01 8.820798514391829659e-02 1.336462174544641723e-01 5.238739609510922185e-02 1.335931963146704538e-01 5.733808674985145515e-02 7.496418908164889650e-02 1.312933176409049330e-01 8.923643054277828612e-02 1.184528605962933134e-01 1.319756414096036612e-01 1.174058323207776422e-01 1.808199525464878887e-01 1.386105912143564822e-01
1.175393628707433191e-01 8.550824175824175977e-02 6.005221932114882671e-02 6.242661448140900127e-02 1.267875995776945874e-01 5.832176155524697314e-02 1.314057826520438621e-01 1.351087562744004433e-01 1.295212765957446943e-01 7.262188885100580304e-02 1.276027762947143651e-01 8.978777435153273423e-02 1.347922613384078538e-01 5.474381453341126136e-02 1.384903671605082764e-01 1.129057674125433369e-01 7.643514113542658472e-02 1.307632195884344817e-01 7.690086621751685003e-02 1.180965966985938476e-01 1.326060848678943249e-01 1.163793103448275829e-01 1.654572518373802203e-01 1.385305051388585063e-01
1.063629144331943582e-01 5.277341118347181337e-02 5.753606367103299840e-02 5.636400901824144272e-02 1.219856724851175467e-01 5.686352753391859388e-02 1.236553524804177573e-01 1.279675738274464458e-01 1.227217496962332982e-01 7.961460446247464739e-02 1.284254184565249701e-01 8.121546961325966374e-02 1.208722088269210543e-01 5.120716510903426666e-02 1.176777031720305650e-01 1.221800947867298509e-01 7.528589580686149973e-02 1.244043786220218883e-01 8.162961861571629840e-02 1.154504277805737250e-01 1.308344397916453850e-01 1.112132352941176405e-01 1.564274651522973569e-01 1.362966322712325651e-01
9.903258655804481059e-02 9.767365121267117256e-02 5.391245563630218257e-02 6.609972941631232779e-02 1.301671530910055719e-01 5.496701978812712497e-02 1.238453276047261076e-01 1.349495515695067205e-01 1.281982704823036445e-01 7.361441686501189741e-02 1.282432432432432379e-01 8.302514792899408358e-02 1.343904856293359762e-01 5.461689587426326459e-02 1.167980523997217690e-01 1.109408128336781818e-01 7.469802924348378781e-02 1.286161063330727161e-01 7.130523108176739511e-02 1.201795551928177969e-01 1.236100079428117532e-01 1.176738536289098080e-01 1.552340121471954271e-01 1.357590414422336911e-01
1.145034211071946917e-01 8.588957055214724301e-02 5.428716387620496908e-02 5.843768634466309231e-02 1.288443616029822936e-01 5.428859737638748462e-02 1.182392882228986142e-01 1.401818428552042417e-01 1.246012052463665309e-01 7.553895773213376019e-02 1.299316882754774916e-01 8.813622754491018396e-02 1.308277306293398057e-01 5.296194586112201036e-02 1.319602024786175609e-01 1.176082862523540468e-01 7.836890729531698074e-02 1.291847183930681375e-01 8.278826387591103897e-02 1.180766889835666439e-01 1.330009158441029793e-01 1.131574840018729489e-01 1.646890141402155561e-01 1.381227758007117501e-01
1.166987362837380998e-01 8.781716753644051854e-02 5.403568394222599963e-02 6.511902419830808975e-02 1.227038530465949795e-01 5.877616747181964307e-02 1.202737183948039829e-01 1.338627339761769841e-01 1.223510233653323648e-01 7.444633730834752938e-02 1.294754371357202394e-01 8.410694392870404767e-02 1.334731728858467581e-01 5.490196078431372473e-02 1.356206318951077294e-01 1.163154155813402729e-01 7.392066273697625589e-02 1.272274633123689769e-01 7.934579439252335831e-02 1.179336242768699861e-01 1.300171873420281066e-01 1.114594764069603422e-01 1.623283256482720982e-01 1.361664256313271648e-01
1.117492096944151803e-01 8.867150520668980185e-02 6.630277733183496947e-02 6.989247311827956333e-02 1.302005523111050833e-01 5.999605289125715252e-02 1.344956413449564236e-01 1.427037186199489882e-01 1.322470291681670795e-01 7.350427350427350681e-02 1.299192077143601909e-01 9.386026817219478291e-02 1.373656807355710663e-01 5.321637426900584916e-02 1.316507107629822926e-01 1.026182432432432429e-01 7.490874464370735064e-02 1.311389071757735336e-01 7.749795249795249363e-02 1.198028949799815196e-01 1.303618972487920191e-01 1.195474170016376375e-01 1.620149153753405180e-01 1.430423509075194333e-01
1.123160340821068998e-01 8.554972048111129934e-02 6.527290137248643875e-02 6.767500484777971836e-02 1.280103083622145255e-01 5.918448139350752230e-02 1.344034954407294924e-01 1.375947995666305657e-01 1.324124582086926016e-01 7.543651466350229096e-02 1.296099761209869861e-01 9.550754458161865579e-02 1.346005083434633764e-01 5.378020265003897321e-02 1.291879298868426895e-01 1.066992204231988345e-01 7.608178792201616969e-02 1.310939746438374021e-01 8.336538461538461897e-02 1.194501018329938852e-01 1.317975084041922151e-01 1.163831692032229193e-01 1.631847192249414602e-01 1.425302386400784660e-01
1.343102821848128903e-01 9.855471438403302920e-02 7.581967213114754189e-02 6.992739778372182580e-02 1.255439963526339686e-01 6.462384600274995172e-02 1.413386181425096977e-01 1.470821230525481971e-01 1.368247874965725364e-01 7.785143634200238083e-02 1.267238166231829943e-01 1.042519124710905576e-01 1.419063975955345558e-01 5.556631171345595421e-02 1.615907374779763372e-01 1.114139862219358651e-01 7.811008590518613015e-02 1.326945793411208885e-01 7.969469076215063286e-02 1.220419551513898943e-01 1.375369458128078703e-01 1.223138062996761838e-01 1.727003233920229863e-01 1.451184532030171115e-01
9.860217216411906738e-02 9.565095790798489039e-02 5.411255411255411207e-02 6.617508035545471845e-02 1.272342532979154339e-01 6.080411962764904060e-02 1.341379648709645767e-01 1.386832363828661985e-01 1.287369207772795232e-01 7.183267615292301955e-02 1.241699035208620461e-01 9.203142536475869551e-02 1.403099129696455116e-01 5.234481416618019106e-02 1.138383181621153012e-01 1.169559412550066763e-01 7.854315122723673492e-02 1.272131147540983553e-01 6.857402361489554898e-02 1.180382377389858628e-01 1.252338288864822402e-01 1.161391951883144757e-01 1.533839749366980032e-01 1.362179487179487059e-01
1.325377883850437644e-01 8.664150943396226046e-02 6.247971437844855591e-02 6.533435818601075751e-02 1.375346188012750159e-01 5.652944652353752292e-02 1.382550335570469913e-01 1.394507702612190203e-01 1.333092158813421468e-01 7.267441860465116699e-02 1.255186721991701226e-01 1.011633788568538223e-01 1.383668903803131900e-01 5.315614617940199460e-02 1.520307040155811362e-01 1.005823801016264840e-01 7.473366194943552310e-02 1.316381936167395073e-01 8.492415643380456236e-02 1.206771962423867084e-01 1.402719558327369387e-01 1.213207829075153149e-01 1.690211907164480276e-01 1.432497801231310541e-01
1.241052577372676186e-01 9.892594686263425641e-02 7.285692140753372015e-02 7.150796591330121910e-02 1.293786533881792489e-01 6.404230317273795769e-02 1.405137449301487040e-01 1.482405462184873957e-01 1.336543703434490415e-01 7.392863240566843741e-02 1.280856423173803438e-01 1.114971572962728946e-01 1.407981069162095311e-01 5.655278903686546815e-02 1.420580416482055963e-01 1.171557914455198246e-01 8.186856690419636040e-02 1.358056933925306797e-01 7.473190348525468596e-02 1.225251373483984690e-01 1.385470424771734765e-01 1.198894223774188833e-01 1.646336188251578958e-01 1.452460070747132459e-01
1.233173448862757288e-01 1.016780432309442594e-01 7.083529227393825511e-02 7.405345211581292053e-02 1.308566433566433485e-01 6.351377760406487494e-02 1.403572730586948591e-01 1.454663212435233222e-01 1.354276663146779247e-01 7.601438109912686536e-02 1.287353423275753306e-01 1.103151862464183397e-01 1.426571920757967182e-01 5.586592178770949380e-02 1.401330376940133071e-01 1.165005062699587257e-01 8.149674964325352711e-02 1.336471819013992368e-01 7.573898494143893600e-02 1.222775357809583047e-01 1.368618544485039890e-01 1.234621508177739246e-01 1.631048562244809264e-01 1.473166559760530347e-01
1.156037857390614931e-01 7.065803667745415573e-02 4.737987610915787851e-02 5.186680121089808082e-02 1.220668996505242104e-01 5.010020040080160469e-02 1.260563380281690127e-01 1.245179063360881550e-01 1.217286501377410485e-01 6.966864910790145082e-02 1.230790153678770621e-01 8.570952142738035018e-02 1.317751808569838645e-01 4.178109062377403232e-02 1.268180801074065833e-01 1.056841046277666035e-01 6.629659000793021451e-02 1.238856843209229092e-01 8.475789850532533531e-02 1.186579378068739754e-01 1.237073170731707306e-01 1.118861209964412823e-01 1.620159453302961183e-01 1.339604281543950726e-01
1.238913214325811224e-01 1.041638037652878879e-01 5.497925311203319398e-02 7.334963325183374572e-02 1.342834095186878074e-01 5.711422845691382921e-02 1.314356997051485676e-01 1.413519430760810103e-01 1.326608298439284350e-01 7.502569373072970338e-02 1.267695447009309917e-01 9.217774513404333736e-02 1.452464788732394374e-01 5.384161917862055613e-02 1.432073929716476957e-01 1.174371176070700268e-01 7.893477914208260615e-02 1.347941567065072954e-01 7.002602318429146377e-02 1.217861975642760552e-01 1.300294406280667336e-01 1.173492867004141682e-01 1.625281171437392425e-01 1.400560224089635875e-01
1.253401360544217635e-01 1.022046815459989044e-01 5.394118670610753563e-02 6.739421788244304157e-02 1.346069629954017854e-01 5.871707218982505361e-02 1.309221169401432738e-01 1.443037974683544222e-01 1.322629969418960272e-01 7.520220271898124531e-02 1.295659921089474254e-01 9.219593965356677467e-02 1.461217314875851436e-01 5.367675973259929123e-02 1.454124710738632920e-01 1.166975052638295207e-01 8.003194888178913335e-02 1.349880541544996038e-01 6.901913875598085502e-02 1.230657389136982083e-01 1.303921568627451066e-01 1.175748273215656142e-01 1.629948135998936232e-01 1.392884178652535887e-01
1.320472309995010807e-01 9.729579035405631904e-02 5.914332784184513775e-02 6.960469075089842361e-02 1.283952864097547553e-01 5.990510083036773570e-02 1.388262956794356906e-01 1.415834996673319968e-01 1.310504396112910641e-01 7.479034742426834970e-02 1.277798718431963909e-01 9.665621734587251379e-02 1.394694098538170057e-01 5.001946282600233662e-02 1.511424609634050842e-01 1.152925364358015903e-01 7.531645569620253056e-02 1.307266982622432849e-01 7.538426763110307738e-02 1.233941152092830479e-01 1.333988212180746424e-01 1.221916219741991660e-01 1.636753633339169955e-01 1.400191224901731757e-01
1.216268631905579878e-01 6.993676949607204041e-02 7.275027676735726367e-02 6.203869938160781750e-02 1.319927675195879668e-01 6.534653465346534906e-02 1.314842261274613566e-01 1.452605662700041100e-01 1.328533470472272326e-01 8.194774346793348707e-02 1.319014181467713098e-01 9.894314868804664209e-02 1.400483304042179356e-01 5.762189246482944671e-02 1.439301416707376713e-01 9.760863496789801141e-02 8.211330362826226026e-02 1.340876576928079211e-01 8.441896821261073158e-02 1.196070488150698802e-01 1.390293225480283001e-01 1.218038121803812213e-01 1.756092347156904543e-01 1.494725152692948367e-01
1.309136563373851647e-01 9.398199336597694298e-02 7.185244587008821071e-02 7.386470699076691515e-02 1.318144386494647380e-01 6.531665674012308853e-02 1.362897105063428371e-01 1.513104566333423329e-01 1.360708534621578036e-01 8.052434456928839190e-02 1.333421260881033910e-01 1.035891968727789686e-01 1.404785533134854936e-01 5.901766647252960907e-02 1.551169966572383541e-01 1.097299614230604348e-01 8.540471637985978803e-02 1.406290956749672305e-01 7.942683621180489373e-02 1.233183856502242104e-01 1.410925888732677269e-01 1.205518106286251750e-01 1.719952210274790783e-01 1.500380807311500475e-01
