1.000000000000000000e+00
1.000000000000000000e+00
1.000000000000000000e+00
9.310344827586206629e-01
1.000000000000000000e+00
1.000000000000000000e+00
1.000000000000000000e+00
1.000000000000000000e+00
5.517241379310344751e-01
1.000000000000000000e+00
1.000000000000000000e+00
1.000000000000000000e+00
1.000000000000000000e+00
8.620689655172413257e-01
1.000000000000000000e+00
2.068965517241379004e-01
7.241379310344827624e-01
1.000000000000000000e+00
2.413793103448276245e-01
1.000000000000000000e+00
9.655172413793103869e-01
1.000000000000000000e+00
1.000000000000000000e+00
1.000000000000000000e+00
