8.762633769322235588e-01 9.020729092208720212e-01 5.359052711993887996e-01 8.801526717557252022e-01 8.626621160409556621e-01 8.183161004431314112e-01 8.826342899190581237e-01 9.057847205272150370e-01 8.781104457751164327e-01 8.783783783783783994e-01 9.048553212358999565e-01 8.877782825988187465e-01 9.074108994908541836e-01 8.847283406754772317e-01 8.955693437035742166e-01 8.590930196563999477e-01 8.652931854199683581e-01 9.101796407185628324e-01 7.846309403437815577e-01 8.815254237288135952e-01 9.065986611412176766e-01 9.116513489475244203e-01 8.907151888296410691e-01 8.809144072301966499e-01
8.706921517520995746e-01 9.046884639111659743e-01 5.328719723183390489e-01 8.940063091482649549e-01 8.525445063837439053e-01 8.061901252763449266e-01 8.788766788766788629e-01 9.040876302431204437e-01 8.823941687692739011e-01 8.789653489507076589e-01 9.005973715651135469e-01 8.908390410958904049e-01 9.028561033290886106e-01 8.857142857142856762e-01 8.873895976447497835e-01 8.623361144219309216e-01 8.657425742574257344e-01 9.074074074074074403e-01 7.859617137648131635e-01 8.796502657294702487e-01 9.025082820634169334e-01 9.078286558345642909e-01 8.871334271182772513e-01 8.788091068301225883e-01
8.595553655408294524e-01 9.011476264997392294e-01 4.931330472103004348e-01 8.807817589576547590e-01 8.271528953172282428e-01 8.138424821002386844e-01 8.758557736193518517e-01 9.100542775911087956e-01 8.835539284708532337e-01 8.808699950568462667e-01 9.001403180542563165e-01 8.694984646878198831e-01 9.055426840135448741e-01 8.866666666666667140e-01 8.756162612139335444e-01 8.636475897528008705e-01 8.731165741475019892e-01 9.085413929040735415e-01 7.813191677733510865e-01 8.835369000516084537e-01 9.037942530560406640e-01 9.141827710448738875e-01 8.832332117571336516e-01 8.777937995674116589e-01
8.608889198024622935e-01 8.974453905960755318e-01 4.928451178451178638e-01 8.840466926070038589e-01 8.593586005830903263e-01 7.942583732057416634e-01 8.680064308681672003e-01 9.061760840998686062e-01 8.780168653678395163e-01 8.742168674698794772e-01 8.932726353060191915e-01 8.695181375203031582e-01 9.044103361181270451e-01 8.781038374717833328e-01 8.738269852535288651e-01 8.558624415980675693e-01 8.675230830991569331e-01 9.118873826903024504e-01 7.812920592193809410e-01 8.774171851353623763e-01 9.000965250965250464e-01 9.164636268708666877e-01 8.810711909514304940e-01 8.745862449429937513e-01
8.576529897773420563e-01 8.984145625366999344e-01 4.827435561380515328e-01 8.875614898102600625e-01 8.635608308605341454e-01 8.175355450236966304e-01 8.756544502617801262e-01 9.004700027647221106e-01 8.838376795426021726e-01 8.772884710539337050e-01 9.015670910871694810e-01 8.720173535791757580e-01 9.030200712811855546e-01 8.836336336336336750e-01 8.726385390428211819e-01 8.629004713436709828e-01 8.707865168539326017e-01 9.097349776961427548e-01 7.866907921190189334e-01 8.845495032545391823e-01 9.015766841853798397e-01 9.171270718232044095e-01 8.798484767646588267e-01 8.790029112081513274e-01
8.548149188733581427e-01 9.061209162598573563e-01 4.981273408239700329e-01 8.786008230452675427e-01 8.651899832282690106e-01 8.030669895076675280e-01 8.702435917847476388e-01 9.054516723729260086e-01 8.809291973848936141e-01 8.774224806201550431e-01 9.033902625541677667e-01 8.824188129899216415e-01 9.001754728017157259e-01 8.874074074074074225e-01 8.732459521973785499e-01 8.566469617816881987e-01 8.691663342640606471e-01 9.082352941176470296e-01 7.852498288843258178e-01 8.750000000000000000e-01 8.986692320025653213e-01 9.186652763295098945e-01 8.817150760719225655e-01 8.785388127853881457e-01
8.575552785250312171e-01 9.062276306370794510e-01 4.941908713692946264e-01 8.879367172050098844e-01 8.466112426361284138e-01 8.136399682791435328e-01 8.712718281563900380e-01 9.118193891102257531e-01 8.740484429065743521e-01 8.813229571984435573e-01 8.995731860406728231e-01 8.650453028135431932e-01 9.011450381679388943e-01 8.838080959520240310e-01 8.704467842914057618e-01 8.583428891437104857e-01 8.730600875447671605e-01 9.101593105249412563e-01 7.799965864481993583e-01 8.812415654520917574e-01 9.024972164784476059e-01 9.112325025606008433e-01 8.789383744526326758e-01 8.787657476720832639e-01
8.557107053347654535e-01 9.086743044189852236e-01 4.710048694112439205e-01 8.800000000000000044e-01 8.587350959046138321e-01 8.000000000000000444e-01 8.787824207492795914e-01 9.074479737130339840e-01 8.767067176406335705e-01 8.809523809523809312e-01 9.030058095478655789e-01 8.722627737226277267e-01 9.010292953285827799e-01 8.859259259259258945e-01 8.738547120418848069e-01 8.594103689966454684e-01 8.710968775020015986e-01 9.082980972515856122e-01 7.813190862196021103e-01 8.847394330334408252e-01 8.986379474184351679e-01 9.148401006108516365e-01 8.817959183673469425e-01 8.793609988982740155e-01
8.562082307421737815e-01 9.133718347401155180e-01 4.884516680923866594e-01 8.802992518703242064e-01 8.572953289804118304e-01 8.036858974358974672e-01 8.737060041407866962e-01 9.110864128924701655e-01 8.748203506754814729e-01 8.790675084992715105e-01 9.095517609391675640e-01 8.734939759036144391e-01 8.993735317149569308e-01 8.819497334348819217e-01 8.711194731890874454e-01 8.500198761996706764e-01 8.662674650698602985e-01 9.082062072593372060e-01 7.797951582867783671e-01 8.786262087362454176e-01 9.043856820380522521e-01 9.191736136281261071e-01 8.802590919895412203e-01 8.818454613653413654e-01
8.540722428237879083e-01 9.168157423971377007e-01 5.045908183632734634e-01 8.929551692589203782e-01 8.427199430875029762e-01 8.128606760098928685e-01 8.682069638789456922e-01 9.026950354609929450e-01 8.756815703380589344e-01 8.868188169538891996e-01 9.130302105584375827e-01 8.638324091189155673e-01 8.964120370370370905e-01 8.659340659340659663e-01 8.672176308539945033e-01 8.073855243722304342e-01 8.663983903420523491e-01 9.068016614745586512e-01 7.921534866560078214e-01 8.752245631226522882e-01 8.975657572292109476e-01 9.169375225713254363e-01 8.803787773290627783e-01 8.838403041825094730e-01
8.548037889039241666e-01 9.163602941176470784e-01 5.067567567567567988e-01 8.899371069182390181e-01 8.416003743565746431e-01 8.138597904915391146e-01 8.704965920155793846e-01 9.050131926121371961e-01 8.750167988173632727e-01 8.802083333333333703e-01 9.055285540704738345e-01 8.561278863232681946e-01 8.941244909831297383e-01 8.696596669080376429e-01 8.660578386605783940e-01 8.054421768707482610e-01 8.699317543155359322e-01 9.089494163424124418e-01 7.850581751377831985e-01 8.743481095176010021e-01 8.957429718875502545e-01 9.122492836676218131e-01 8.873072360616844900e-01 8.847098847098847640e-01
8.597063621533441724e-01 9.143700787401575214e-01 4.845890410958904049e-01 8.952959028831563026e-01 8.532793617270914011e-01 7.982385908726981061e-01 8.767233087528053526e-01 9.035502958579881838e-01 8.776709401709401615e-01 8.746383799421407756e-01 9.072972972972972450e-01 8.827738029719317536e-01 8.974766190224104934e-01 8.709917971662938241e-01 8.720361309747836076e-01 8.561041126343089669e-01 8.695306284805091046e-01 9.078744209984559443e-01 7.840254622612913282e-01 8.797741614081699968e-01 8.988709677419355337e-01 9.153106508875740177e-01 8.789675816107533901e-01 8.761673515128876044e-01
8.548544876497921052e-01 9.364599092284418003e-01 4.537740062527914064e-01 8.886844526218951046e-01 8.441671865252651230e-01 8.032786885245901676e-01 8.690990835206640064e-01 9.056482670089859299e-01 8.694025488132819390e-01 8.893596986817325911e-01 9.131463332206826156e-01 8.529411764705882026e-01 8.862014964329215649e-01 8.549107142857143016e-01 8.626520320379709172e-01 8.569103284995560621e-01 8.757987220447284171e-01 9.005789076264787418e-01 7.892121337612589826e-01 8.764447338433989376e-01 8.966494415735956069e-01 9.111842105263158187e-01 8.742457311593272440e-01 8.778595583847225159e-01
8.520949015648662250e-01 9.158219479947112829e-01 4.442352941176470615e-01 8.856729377713459250e-01 8.643459775460041739e-01 8.051197357555739398e-01 8.698803914461761266e-01 9.061004784688995173e-01 8.763636363636363447e-01 8.775119617224880209e-01 9.057649667405764937e-01 8.598130841121495171e-01 8.925055573197840930e-01 8.852080123266563572e-01 8.621842496285290203e-01 8.597369537547729923e-01 8.691999999999999726e-01 9.049459041731066078e-01 7.893606476127540406e-01 8.738768718801996904e-01 8.907643312101910515e-01 9.151753758052970644e-01 8.753763440860214962e-01 8.755890669180018682e-01
8.594193548387096815e-01 9.228571428571428203e-01 4.347006129184347034e-01 8.740920096852300425e-01 8.471142344497607501e-01 7.962166809974204895e-01 8.656842105263158338e-01 9.043891529214425073e-01 8.679925253603844038e-01 8.875655073844688214e-01 9.071280686187518372e-01 8.549757281553398425e-01 8.939594773717098874e-01 8.820826952526799047e-01 8.708473310936917233e-01 8.597546996790462748e-01 8.736926790024135414e-01 9.022222222222222587e-01 7.926193921852388025e-01 8.728981206726014186e-01 8.967688483844241665e-01 9.097514340344168282e-01 8.786661798709991533e-01 8.738461538461538280e-01
8.565135712897583575e-01 9.212464589235127566e-01 4.343048256091734394e-01 8.907823392718822175e-01 7.952929465301479262e-01 8.154761904761904656e-01 8.703933747412008204e-01 9.079754601226993627e-01 8.715862068965517517e-01 8.811357074109721355e-01 9.094903339191564573e-01 8.514792899408284432e-01 8.974553740979870353e-01 8.784403669724770714e-01 8.686487685822054106e-01 8.573572706805980825e-01 8.712273641851107087e-01 9.036458333333333703e-01 7.835842501447597419e-01 8.732882362646428032e-01 8.955566486309231022e-01 9.161190568225744402e-01 8.778775111436770695e-01 8.755050990956321222e-01
8.566631551224651586e-01 9.092694422623723849e-01 5.071809601969634596e-01 8.870056497175141663e-01 8.566431655462644068e-01 8.054901960784314197e-01 8.707687678652022978e-01 9.078479628110472932e-01 8.824494259158010001e-01 8.780369290573372121e-01 9.046883049974240310e-01 8.686612576064908220e-01 9.027698185291308519e-01 8.751868460388639859e-01 8.648367179944952410e-01 8.553814713896458199e-01 8.660821044240732958e-01 9.119116486983960268e-01 7.879852744310575918e-01 8.803160194990754528e-01 9.017168057961884031e-01 9.131623931623931156e-01 8.768345787860867269e-01 8.786603221083455484e-01
8.543633211327297250e-01 9.142586451918521817e-01 5.060630557801131246e-01 8.915750915750916272e-01 8.439136475366035839e-01 8.063492063492063711e-01 8.775237529691211069e-01 9.089643652561246734e-01 8.769474518088196113e-01 8.808732795443758867e-01 9.097704217832354168e-01 8.586142322097378710e-01 9.048887198021685618e-01 8.783582089552238736e-01 8.641472323686428814e-01 8.546588933210595984e-01 8.728645212554628774e-01 9.041202384037315687e-01 7.842009685230024729e-01 8.805573988055740431e-01 8.960771907624169863e-01 9.144329896907216204e-01 8.823038861399900012e-01 8.878365831012070553e-01
8.626788240842634403e-01 9.009501871580766208e-01 5.336990595611285082e-01 8.855755894590846555e-01 8.279813130071305149e-01 8.237105465742878829e-01 8.817895744971951943e-01 9.108937070333157360e-01 8.847391243530563498e-01 8.861788617886179331e-01 9.003993422598073337e-01 8.976623376623377171e-01 9.026068066618392338e-01 8.907501820830298067e-01 8.789256198347107363e-01 8.605929653738854102e-01 8.700882117080994682e-01 9.061928403449176495e-01 7.883525503224545483e-01 8.830926083262531368e-01 9.012268008807801101e-01 9.133910726182544737e-01 8.871264616717193796e-01 8.799146059420032140e-01
8.510188866799204277e-01 9.026495980946710462e-01 4.661246612466124484e-01 8.730794923179692191e-01 8.392963787393452613e-01 7.875894988066826086e-01 8.735739959368651331e-01 9.050901378579002676e-01 8.797743055555555802e-01 8.770210681038707046e-01 8.975889233707328163e-01 8.476977567886658793e-01 9.023090586145647851e-01 8.871566443949517877e-01 8.552918712493180475e-01 8.633784283893252143e-01 8.711850971066190663e-01 9.026871901904512940e-01 7.711323763955343358e-01 8.763717421124828100e-01 8.930086410054988155e-01 9.106863052334691622e-01 8.771336306320159926e-01 8.760775862068965747e-01
8.609174799176790849e-01 9.011648429226968293e-01 4.843881856540084296e-01 8.873937677053824746e-01 8.643206256109482455e-01 7.875486381322956975e-01 8.762939080264721126e-01 9.071603593792539888e-01 8.744666207845835926e-01 8.832684824902723442e-01 9.079081632653061007e-01 8.523489932885905951e-01 9.009324009324009008e-01 8.852830188679244872e-01 8.723746798390047408e-01 8.559035286335767712e-01 8.666399679615538476e-01 9.138068635275339302e-01 7.864044753348025107e-01 8.778625954198473469e-01 9.049924862247453738e-01 9.176146156497759776e-01 8.825097168239867118e-01 8.797134238310708731e-01
8.563383886862481198e-01 9.043848964677222435e-01 5.393004889056035589e-01 8.872976338729763324e-01 8.589338444801326578e-01 8.044140030441400135e-01 8.766260440914692698e-01 9.076882845188284366e-01 8.824507901303021429e-01 8.774818401937045653e-01 9.028447444551591650e-01 8.611532625189681767e-01 9.000908265213442006e-01 8.819294456443484975e-01 8.684099831744250819e-01 8.624620701281187074e-01 8.699960364645263899e-01 9.125711329539575312e-01 7.839147286821704919e-01 8.790777113578138735e-01 9.037237428389560678e-01 9.117169750081142165e-01 8.805236469005485178e-01 8.826079104208054416e-01
8.583701993973199551e-01 8.993827160493826911e-01 5.314793356508303868e-01 8.903508771929824483e-01 8.624266554903604609e-01 8.181132075471697629e-01 8.752089136490250887e-01 9.101323828920570014e-01 8.835182250396196313e-01 8.794533918984870358e-01 9.021502778448901028e-01 8.673627223511214401e-01 9.044759825327510772e-01 8.849177984274482212e-01 8.688938798427849886e-01 8.633840719872172276e-01 8.683896620278329648e-01 9.110246433203631478e-01 7.751788130678523014e-01 8.770940170940171310e-01 8.994475138121547086e-01 9.159448187359641169e-01 8.829953198127925562e-01 8.840345199568500067e-01
8.555738605161998800e-01 9.118644067796609631e-01 4.406235671710224677e-01 8.753224419604471729e-01 8.198478561549100707e-01 7.996661101836394225e-01 8.698763825634352465e-01 9.002306805074971052e-01 8.730828220858896094e-01 8.843764930721452755e-01 9.059253018814940051e-01 8.435462842242503756e-01 9.004429039091084164e-01 8.545176110260337410e-01 8.630360692984947457e-01 8.510691198408751879e-01 8.623159570234779636e-01 9.025026068821688785e-01 7.829562389920065035e-01 8.795120320855615015e-01 8.937751625890368867e-01 9.072069285493349344e-01 8.796296296296296502e-01 8.689756276342313068e-01
8.576522607331336090e-01 9.027259684361549352e-01 4.257028112449799395e-01 8.924590163934426057e-01 8.559751401742889954e-01 8.030050083472454192e-01 8.752487067250298569e-01 9.069965870307167277e-01 8.773079213817748245e-01 8.919843597262951951e-01 9.004692516670782521e-01 8.622857142857143220e-01 9.027567975830815827e-01 8.812644564379337186e-01 8.674370614940156710e-01 8.641173752310535860e-01 8.701089148850342792e-01 9.122525414660246357e-01 7.797082797082797168e-01 8.796216680997420712e-01 8.959049703032198053e-01 9.145581224789145480e-01 8.763307028229436746e-01 8.797814207650273000e-01
8.565135759676487659e-01 9.052305961754780750e-01 4.153452685421994972e-01 8.756114605171209098e-01 8.556921801602652700e-01 7.857747671464859751e-01 8.778280542986425239e-01 9.095071370859143522e-01 8.826438848920863389e-01 8.756810302129767187e-01 8.993849938499385299e-01 8.738792588164973063e-01 8.984934086629001726e-01 8.856259659969087927e-01 8.669344920882183780e-01 8.640895736461008392e-01 8.662884927066450969e-01 9.075360769641902525e-01 7.762697022767075516e-01 8.817885900291245749e-01 8.960674157303371024e-01 9.195739992655159734e-01 8.825065274151435712e-01 8.786434463794683403e-01
8.608829929107881807e-01 8.997634535777646603e-01 4.815627743634767199e-01 8.802675585284280846e-01 8.390608676527189225e-01 8.072669826224329048e-01 8.815276695245518601e-01 9.065269943593875501e-01 8.799372593754456462e-01 8.761579717211116503e-01 8.975281977441804671e-01 8.739002932551319658e-01 9.029946720558515993e-01 8.841010401188706957e-01 8.753419304415787083e-01 8.631862364806279775e-01 8.698575949367088889e-01 9.074658254468980223e-01 7.822389240506328889e-01 8.843003412969283605e-01 8.985597996242955521e-01 9.147087222401030226e-01 8.807999160193155097e-01 8.747553816046966801e-01
8.566818660119256412e-01 9.243167484232656106e-01 5.156064796523113225e-01 8.927108927108926562e-01 8.410678470156995878e-01 8.004769475357710329e-01 8.751326494517156496e-01 9.121909633418584518e-01 8.760634920634920997e-01 8.829686013320646731e-01 9.141457793143186183e-01 8.856026785714286031e-01 8.962725903614457978e-01 8.661417322834645827e-01 8.692784488239033713e-01 8.365204888569374164e-01 8.780096308186196019e-01 9.068514241724403568e-01 7.885262885262884769e-01 8.821111476487997205e-01 9.047228599540833027e-01 9.184517098835024429e-01 8.845174262734584181e-01 8.914252829464799355e-01
8.590779986890976216e-01 9.027176053564395231e-01 5.047073270568972481e-01 8.811881188118811936e-01 8.183456978437217977e-01 8.104417670682730890e-01 8.757134965936291815e-01 9.124653739612188508e-01 8.830219333874897991e-01 8.770413064361191058e-01 9.063324538258574758e-01 8.695652173913043237e-01 9.022171688459351691e-01 8.807947019867549132e-01 8.727473648418905272e-01 8.577834721332479040e-01 8.683574879227052845e-01 9.093277748827514051e-01 7.918766676549066075e-01 8.780730897009966229e-01 8.989620499513460983e-01 9.184383455740239288e-01 8.808148018443938687e-01 8.797925541766994373e-01
