7.625299101079997810e-02 1.753118661962048061e-02 9.757149215533549025e-03 8.092136660958423183e-03 1.161943989849769238e-01 7.773911091154018897e-03 4.819591771134683345e-02 2.554536005121462588e-02 4.438122524194795804e-02 1.270541585803443112e-02 2.540412524440283093e-02 1.400004298887304668e-02 3.285157396724400214e-02 8.454004602346073399e-03 6.714848280335741770e-02 1.599790176332581970e-01 1.519854138540550383e-02 2.410785091197462440e-02 3.165021616771351853e-02 3.536315052286603811e-02 3.857631164885247377e-02 2.127335745466872249e-02 1.016722617889749963e-01 3.385847687938045580e-02
7.759410527402474389e-02 2.030938400177265818e-02 9.640062597809076136e-03 9.925819037678884973e-03 1.160459680084201251e-01 7.675523219510141902e-03 4.819099649179186401e-02 2.335129763933838087e-02 4.244545135798473423e-02 1.257479594757825170e-02 2.592890705081900629e-02 1.489556640373355424e-02 3.383763661528182282e-02 8.481889167175299046e-03 7.073571400633629769e-02 1.913957871763500018e-01 1.521235360023382235e-02 2.399177976387509639e-02 2.939471836027792231e-02 3.490309985238797957e-02 3.878302251327001710e-02 2.125775634861890376e-02 1.026957959613168381e-01 3.416301298984232571e-02
7.772150920055667656e-02 2.382627165397771182e-02 8.006745456572639946e-03 9.473824355857023150e-03 1.003728115216809547e-01 7.182425174294921472e-03 3.896525817783102336e-02 2.427555966161758921e-02 4.231972807467156150e-02 1.244439478480694437e-02 2.646270195943623352e-02 1.219459676724756608e-02 3.461525360220731040e-02 8.398585501389239233e-03 7.055820042071808684e-02 2.071260493341877118e-01 1.532401737000334101e-02 2.384483269990826312e-02 2.422919583779480079e-02 3.494186560716253803e-02 3.860367660520908767e-02 1.935143905094053110e-02 1.030359533969890801e-01 3.319202300950096357e-02
7.956875879936484153e-02 1.684795829713292906e-02 8.157436433298501793e-03 7.974224162741560054e-03 9.308759253177029125e-02 6.993006993006993001e-03 3.662971355686120423e-02 2.378275474379048030e-02 4.078972252992191933e-02 1.266326466502384028e-02 2.433713687227826578e-02 1.153594747767873116e-02 3.181361527053532673e-02 8.189301277867834170e-03 7.202235871437392967e-02 1.559804676865330086e-01 1.504193784150628134e-02 2.412247431211640702e-02 3.156649764134911856e-02 3.546740438142752944e-02 3.796051292489314305e-02 1.827875623928301024e-02 9.981156962502354957e-02 3.243936376285706802e-02
7.879399958830794748e-02 2.116475307788075882e-02 7.702334399810404318e-03 8.857128831602348318e-03 9.208094972915506493e-02 7.266217354675652725e-03 3.633746588270439504e-02 2.249449206097063961e-02 4.272472951565606941e-02 1.238171723873040218e-02 2.534800148700932024e-02 1.155056244343241265e-02 3.285894679362479087e-02 8.259301362749637762e-03 7.204408687401707423e-02 2.047425320518015401e-01 1.510447844305541978e-02 2.391281856743801212e-02 2.677422886389139653e-02 3.512638424074224913e-02 3.839189436634046076e-02 1.843548275144027068e-02 1.031222446644196739e-01 3.293788777527783401e-02
7.830848524235736741e-02 1.677593386958849131e-02 8.336989907854322479e-03 8.981154299175500219e-03 9.440570472975104432e-02 6.986721717820704343e-03 3.706893628564646853e-02 2.371508784515523674e-02 4.268584485350120777e-02 1.264329298091288606e-02 2.442503980096073779e-02 1.132541895426715343e-02 3.155779444030539643e-02 8.405601863545789088e-03 7.347674901390907620e-02 1.463851529923063388e-01 1.516554032892310049e-02 2.395878592266153725e-02 3.121386496891537243e-02 3.553516819571865548e-02 3.802294265692519881e-02 1.834766853406085210e-02 1.000759816388172019e-01 3.279940538292112212e-02
8.355976089249751715e-02 1.758724160924650046e-02 8.294796077557387709e-03 9.439978695222544375e-03 9.650614734807358430e-02 7.203285709270895731e-03 3.818618984726878524e-02 2.368582645112771515e-02 4.255419510913146380e-02 1.265098093974726008e-02 2.468361842694461947e-02 1.300666107394580877e-02 3.225101424727143395e-02 8.273219749066718434e-03 7.881852734651806358e-02 1.801447336754853912e-01 1.526930063262508033e-02 2.403398550374819670e-02 3.108145790400794473e-02 3.551277344971516536e-02 3.847797044642312092e-02 1.852147422329861182e-02 1.029330831769856153e-01 3.281941480112648274e-02
7.702769774202489206e-02 1.924716943194503330e-02 7.418097648379382535e-03 9.251860885655410760e-03 8.462000178792639105e-02 6.882070801058996594e-03 3.325245696059321576e-02 2.288263157167911774e-02 4.323963959110560529e-02 1.265778596961572751e-02 2.463257839361137833e-02 1.031550779058224357e-02 3.112989482034658750e-02 8.391569139232691113e-03 6.963584922880350359e-02 1.771919860999432161e-01 1.514560944373294707e-02 2.371031609155755532e-02 2.892866400185536285e-02 3.544011151531635540e-02 3.847092644825341606e-02 1.768583674291628743e-02 1.015550081793054199e-01 3.266266539353430975e-02
7.832600763245789466e-02 1.433501830224856270e-02 7.957522715870449584e-03 7.437999115025600849e-03 8.691805323929675808e-02 7.042451306680147342e-03 3.445601143090426532e-02 2.264925089623065144e-02 4.109172899846082888e-02 1.263675270363673157e-02 2.352299857854570075e-02 1.042940372581457192e-02 3.140509426997169923e-02 8.127057205218722255e-03 7.218865718183589686e-02 9.426701850953816963e-02 1.510311179782710019e-02 2.381773534929919334e-02 3.404056415884242071e-02 3.580844182317288737e-02 3.805911410270328837e-02 1.761930898404118553e-02 9.375197782306553262e-02 3.209424869971195388e-02
7.985950583037962347e-02 7.203497034267562424e-03 8.797388623250440576e-03 6.860340064807720316e-03 8.994444514749243280e-02 6.924789482185873465e-03 3.622047244094488139e-02 2.199047678283885809e-02 4.325634637398154819e-02 1.328486404644120544e-02 2.071290610656901024e-02 1.008683890555639451e-02 3.175091214692739999e-02 8.292467324732178194e-03 7.160171303426718370e-02 1.890577549651007577e-02 1.498687865013678157e-02 2.408533642243459658e-02 4.313988145072168018e-02 3.638227526697760533e-02 3.729929732849044527e-02 1.763892651952508883e-02 8.129307684394609934e-02 3.174809129027411636e-02
8.101106736601818015e-02 7.008196145140655961e-03 8.873268842647365207e-03 5.973488686254643278e-03 9.090794212421811349e-02 7.091949583962363877e-03 3.640658087636423207e-02 2.135076252723311710e-02 4.381118998755172828e-02 1.297405189620758417e-02 2.063461298852324946e-02 1.039846396134015000e-02 3.151075301884084801e-02 8.424818491108694227e-03 7.374573920707129526e-02 1.643143622410036392e-02 1.508370166707270407e-02 2.416068510435843975e-02 4.292247838809688104e-02 3.641979499015680910e-02 3.782929327878750692e-02 1.769167720156147872e-02 8.177229028005530975e-02 3.195985389000784854e-02
8.418584144307630912e-02 1.297431671857324394e-02 7.887952059089958778e-03 8.281166661988042035e-03 9.192895967639995447e-02 7.000273832175983070e-03 3.710010039888204242e-02 2.112705286605697647e-02 4.420766571147972945e-02 1.266335306601139299e-02 2.317185968496762727e-02 1.152406474742612499e-02 3.463610299575731882e-02 8.195628530330140854e-03 7.500372267074109645e-02 1.135679441652433508e-01 1.521351817827515211e-02 2.432097063284158200e-02 3.500663183823728153e-02 3.599282589200793192e-02 3.781535413302210963e-02 1.720207397934361143e-02 9.795443101711984180e-02 3.201435903035597386e-02
8.875769694661334031e-02 4.364226037296858873e-03 7.084434465494759622e-03 6.790336072430251148e-03 8.607923462507315049e-02 6.882312456985547298e-03 3.420048041263770711e-02 1.955783491579457870e-02 4.966372130611045738e-02 1.318231936244748659e-02 1.874657434452901145e-02 1.063233264320220806e-02 3.466488793297078236e-02 8.062139519218625844e-03 7.521111096742490176e-02 3.914636454587242659e-02 1.526329709489274676e-02 2.465087118576339900e-02 5.053933820848222763e-02 3.654703802005199870e-02 3.654882349343969300e-02 1.732332707942463995e-02 8.688246401959782983e-02 3.018447206243459260e-02
8.600068780170931626e-02 1.448659049239070518e-02 6.587624477491119818e-03 8.586099497741238665e-03 8.328265920743532780e-02 6.847631421849211669e-03 3.272162081095083414e-02 2.096624641913118203e-02 4.378898915874265829e-02 1.280154121063211900e-02 2.257186666850851536e-02 1.058368444514746695e-02 3.811571010090050726e-02 8.064742545903755971e-03 7.504817827903306759e-02 1.721870061009805886e-01 1.512451800604145552e-02 2.421823295830575692e-02 3.245328642164820032e-02 3.568322643765626384e-02 3.793725500834158743e-02 1.776089130917981804e-02 1.019064428505263714e-01 3.171103025006997284e-02
8.502367974265034878e-02 1.129971173490806370e-02 6.434278935064028683e-03 7.604642834572686132e-03 7.331607893885473681e-02 6.505687207121127989e-03 2.817905210931717988e-02 2.234872297946128086e-02 4.374234862039740046e-02 1.300314783664751825e-02 2.121683788177510313e-02 1.013537815246946458e-02 3.223515755692874657e-02 8.085345311622683245e-03 7.546791400604260791e-02 9.457074050257845144e-02 1.511903104552415368e-02 2.380016413906302711e-02 3.698576483617406485e-02 3.596169519152404154e-02 3.676405654545578106e-02 1.654507646621090552e-02 9.161971473529262333e-02 3.104376460300326684e-02
8.442574276391824617e-02 1.137548184890057983e-02 6.344796778043792357e-03 8.072158073912890849e-03 7.205065769978999390e-02 6.736916051984545052e-03 2.879373167858414670e-02 2.049378955093675986e-02 4.257397725435239921e-02 1.278167146008432620e-02 2.147481118765042635e-02 1.034805120092046650e-02 3.227260311390330733e-02 8.064176527561375818e-03 7.592359158343837955e-02 9.370524363237159315e-02 1.507040978984957452e-02 2.392872412318810746e-02 3.655407139287691898e-02 3.594933269942608700e-02 3.708758564027350713e-02 1.648569500768636703e-02 9.125299109494702798e-02 3.108539259826058332e-02
8.321075453115206466e-02 1.610770943501252384e-02 8.606583061186121389e-03 8.808471842345184932e-03 9.828746292429343945e-02 7.209597820974524354e-03 3.915546505570927094e-02 2.292326918960719759e-02 4.347767526432756713e-02 1.261589588918677306e-02 2.421133906904919531e-02 1.229349370613311114e-02 3.227943637344699024e-02 8.216851914224767781e-03 7.519224923520699544e-02 1.472668206926477930e-01 1.512357063814090755e-02 2.392103575049835465e-02 3.200135915732246067e-02 3.559606587685134466e-02 3.880750798180622463e-02 1.853586770206594111e-02 1.020810514786418405e-01 3.274049018671831152e-02
8.488200731114471653e-02 1.346965837317234960e-02 8.715749610158163643e-03 8.538014157528816400e-03 9.877539277494246095e-02 7.133128326101913566e-03 3.996349131228450063e-02 2.255363828523272024e-02 4.465270121278941406e-02 1.295356676740112151e-02 2.351642285398840640e-02 1.314638796897624543e-02 3.248629047127998826e-02 8.258837728223191593e-03 7.915835531819059856e-02 1.039769050818774576e-01 1.528975370760868834e-02 2.405659401653416699e-02 3.506516355171807042e-02 3.605929267265390453e-02 3.840782122905028045e-02 1.846839343716165718e-02 9.971035618022003333e-02 3.262167454745187878e-02
7.131439413629983570e-02 2.163197301015575696e-02 9.476364749592975506e-03 8.954114545352555646e-03 1.042480604796017507e-01 7.510194914124079801e-03 4.340564239677269232e-02 2.376583239051850358e-02 4.264342010342293821e-02 1.293407322095417589e-02 2.635614140038918668e-02 1.240532682436555449e-02 3.398819343140328797e-02 8.579626368846765549e-03 6.938554484126466249e-02 1.770322275734797779e-01 1.510426817384525472e-02 2.391707643395562730e-02 2.757517550635377526e-02 3.533955759253088608e-02 3.883903153214218057e-02 1.901842192875374468e-02 1.026458539518685098e-01 3.369324568275486320e-02
8.709862020728682819e-02 2.097790815938228512e-02 7.197255000418445285e-03 9.160936700520778270e-03 9.686515072716221642e-02 6.950734039640246893e-03 3.787955791371050429e-02 2.355359927145281654e-02 4.106397633807382097e-02 1.249869077959710889e-02 2.586627958971677785e-02 1.539550142590646875e-02 3.460396174491157939e-02 8.384729267967527128e-03 8.048101233332050075e-02 2.212346953827998286e-01 1.529607437872746063e-02 2.386091705917645425e-02 2.645871810657363793e-02 3.476728840999687015e-02 3.852540684158087259e-02 2.012953278149135980e-02 1.064953977707660399e-01 3.324201660056425728e-02
8.300210577520049371e-02 1.772830487406862332e-02 7.997547790224599981e-03 8.787679014770033784e-03 8.473731623636747423e-02 7.103798285822587530e-03 3.511324770342769130e-02 2.300358309112373809e-02 4.279872540235382661e-02 1.267890804998952729e-02 2.452892607550967094e-02 1.364564306436015853e-02 3.169721572969205065e-02 8.231636713240092496e-03 7.698964731107796333e-02 1.864074334694510726e-01 1.506219069958446809e-02 2.370060648713543522e-02 3.154215933584002263e-02 3.518756502050058438e-02 3.682990969197420805e-02 1.847648794030886527e-02 9.984671826314202303e-02 3.185461297942353276e-02
8.534384347038602436e-02 2.055960902130722981e-02 9.969895642863598612e-03 9.980389410281552756e-03 1.033169862347875362e-01 7.418168547526809639e-03 4.311778928722967419e-02 2.393826121739610346e-02 4.290104321104132312e-02 1.265018605268118310e-02 2.577035823894523875e-02 1.621359084610659446e-02 3.378125021305026371e-02 8.592692353555971690e-03 7.969093786590152051e-02 2.169803318666171932e-01 1.527519711615413049e-02 2.432432432432432567e-02 2.764224308773080910e-02 3.500669935862993354e-02 3.851266123235090599e-02 1.947246195972409874e-02 1.060249221183800633e-01 3.331038572431514744e-02
8.539844741693297658e-02 2.017809907626684496e-02 9.571308333855025816e-03 9.953071373537857730e-03 1.027192971509153785e-01 7.607070926813521393e-03 4.235814335980155748e-02 2.463784096704387319e-02 4.497599935460449422e-02 1.258177806637202079e-02 2.569625566879769896e-02 1.602646546057332269e-02 3.389241153610145219e-02 8.683271026070854895e-03 7.965410302273809307e-02 2.175820449512022026e-01 1.519949335022165865e-02 2.421584648587523855e-02 2.740063000949797406e-02 3.489906409837849333e-02 3.862815150262018105e-02 1.978640386441288951e-02 1.058577092840577577e-01 3.350915930650964769e-02
8.899297423887587988e-02 1.129113498992612499e-02 6.703637822189668916e-03 7.152040579750873310e-03 1.028200076819189984e-01 6.728851178602533907e-03 3.630143495200988113e-02 2.158432543797790537e-02 4.584625296983851905e-02 1.291993271304626989e-02 2.228901095104846714e-02 1.389694353158493940e-02 3.194709189913026715e-02 7.832678270634475803e-03 7.828904146646227524e-02 8.706489806819193988e-02 1.508139219275230272e-02 2.387421557133990666e-02 3.890141698360876504e-02 3.576428056918413978e-02 3.909721469600086624e-02 2.031064976074567138e-02 9.592689360950180932e-02 3.233968260463340044e-02
7.748911054408619270e-02 2.174769630648628813e-02 5.923194054454269768e-03 9.537558076791007380e-03 8.123633612648017976e-02 6.756946590621751812e-03 3.008891928864568938e-02 2.204022392701638147e-02 3.984042193522212283e-02 1.274263371037564520e-02 2.510621595752738841e-02 1.084675100632547483e-02 3.264149655219499013e-02 8.022685318415677391e-03 6.855677837287738052e-02 2.027551584676938468e-01 1.501534948800233894e-02 2.353152257922049365e-02 2.492525850955868219e-02 3.479852233840627362e-02 3.884205675873472069e-02 1.733135975427550768e-02 1.033769641685670510e-01 3.293241695303551070e-02
7.651172091703113687e-02 2.224141504871139305e-02 5.673203892991637159e-03 8.786508186949966090e-03 7.958239640218438271e-02 6.518913982649011084e-03 2.922567038264537592e-02 2.330781919702941060e-02 3.983198733817620851e-02 1.234697226819746717e-02 2.517230220533052398e-02 1.051473285242694733e-02 3.257011004614838307e-02 8.043911615239913646e-03 6.894393333811477120e-02 2.025585544546938399e-01 1.488422606201528740e-02 2.343426536752325415e-02 2.433066652028927773e-02 3.501098557250818116e-02 3.890718380290279083e-02 1.740133567760273128e-02 1.035506843148411016e-01 3.268794031194374727e-02
7.891468977808661911e-02 2.105066548604001345e-02 7.647157237264032986e-03 9.224148203183592937e-03 9.575743124101881998e-02 7.174950856500983236e-03 3.831586364837488018e-02 2.329240771030456278e-02 4.164332903696005977e-02 1.254669226741141584e-02 2.573258750111806145e-02 1.282492683766569067e-02 3.352271564688951572e-02 8.349705304518664425e-03 7.274191558040904448e-02 2.044864864864864851e-01 1.530250100903258158e-02 2.381050918070327926e-02 2.704643370033509020e-02 3.524354911108994876e-02 3.889890351174421501e-02 1.969767329031542683e-02 1.047333141937013962e-01 3.349569127013862779e-02
7.856963629695873363e-02 9.249584505017496502e-03 9.081103649838209377e-03 7.654763158818778633e-03 7.813895510592226701e-02 7.070040440350483166e-03 3.369929441250987812e-02 2.218490182662602797e-02 4.628679159202678250e-02 1.295401881682905695e-02 2.193646513878806659e-02 1.140397522312125433e-02 3.250139945114208923e-02 8.486999459918216637e-03 7.114426566422560327e-02 3.927657649751230273e-02 1.522976904765219359e-02 2.436048555534876120e-02 4.089431549537932836e-02 3.643315043190090835e-02 3.746129610516595043e-02 1.699169186915562915e-02 8.454520993760170078e-02 3.174462213174666925e-02
7.614989832477969678e-02 1.594845281916041149e-02 8.585334605234756430e-03 9.356012026154783556e-03 7.585621830755091832e-02 7.084728863424121469e-03 3.244091265645782790e-02 2.275113272184771732e-02 4.390145395799677219e-02 1.274641201764672993e-02 2.369553820258822954e-02 1.206012835422319920e-02 3.250916688858389303e-02 8.398055187219801918e-03 6.713177889079234573e-02 1.357275312889434926e-01 1.501482688050787342e-02 2.406697376768819271e-02 3.611411573823688353e-02 3.591178988273978356e-02 3.762046966200624509e-02 1.652743094441468802e-02 9.532743340471362681e-02 3.240705996329473759e-02
