8.851451852809932852e-01 6.530505931708943113e-01 6.522268276399243447e-01 4.895707588220431505e-01 8.653071731975066072e-01 4.776044005388415115e-01 9.451475945569484116e-01 8.439812488383778843e-01 8.487379698565462594e-01 7.168367703112128453e-01 8.933784044281661840e-01 7.641988665267139824e-01 9.144780409211001881e-01 4.739504405904473305e-01 8.557238053427861368e-01 7.606511450953717945e-01 7.878188979665687874e-01 9.014101989449366803e-01 6.851564836718601059e-01 9.540027469165182072e-01 9.280492105691497962e-01 8.024310431901042762e-01 8.710758322090798034e-01 9.327598302648876238e-01
8.836927206328313300e-01 7.206819189009527893e-01 6.472683011650147700e-01 5.811472481594855966e-01 8.638828036079256867e-01 4.738056984094687896e-01 9.448729278808816190e-01 8.199590110201011584e-01 8.122083771610432157e-01 7.071629556705277819e-01 9.025928907050818628e-01 7.921492276638082419e-01 9.181433275835032548e-01 4.770062930145433922e-01 8.608231965684932652e-01 7.773607574705422296e-01 7.849463113869964426e-01 9.021778108793997442e-01 6.424426731397323564e-01 9.515601297897379185e-01 9.291113325605201423e-01 8.017902724838993356e-01 8.739790549681816234e-01 9.332262193295389752e-01
8.833243131797330339e-01 7.815499834491890230e-01 5.689388449102463774e-01 5.525159590495343220e-01 8.786526504471871002e-01 4.767220619106795620e-01 9.513018876863827966e-01 8.276648993746682503e-01 8.590398985675362642e-01 6.965578887825861765e-01 9.074802337573049105e-01 7.098776951566133642e-01 9.160200292945464007e-01 4.748463416687715988e-01 8.643542368134837783e-01 7.601729550435348814e-01 7.888667743013026978e-01 9.010615330496141162e-01 5.340993328391401285e-01 9.553702028070509833e-01 9.325910505651882065e-01 7.924521760835350204e-01 8.775732395599995517e-01 9.342634369760499657e-01
8.824694151757301874e-01 6.550477845351867501e-01 5.711598746081504308e-01 4.780743933342224694e-01 8.916778252191708276e-01 4.682014772376218437e-01 9.516126843697844118e-01 8.116140958345691159e-01 8.094655931699673568e-01 7.190207261481755818e-01 8.811049556253789383e-01 6.860081742890595802e-01 9.111679116463118344e-01 4.643761885714686732e-01 8.634948490461797910e-01 7.008694544043281294e-01 7.787700553370688894e-01 9.013999034549341483e-01 6.678244674343044585e-01 9.548398936929466396e-01 9.303412714566795527e-01 7.738099370344401207e-01 8.825199422146849937e-01 9.317177311543393126e-01
8.825712741869081723e-01 7.489694286899986064e-01 5.495284498442106758e-01 5.345764637404714081e-01 8.933706272464941867e-01 4.623701207525975909e-01 9.514617818394144333e-01 7.998425316490666015e-01 8.509353196939566377e-01 6.999196899333077759e-01 8.951520742403171749e-01 6.823882655480052462e-01 9.143920002730282492e-01 4.681697612732095282e-01 8.651334173826018548e-01 7.620629852342901689e-01 7.834630323110548522e-01 9.015829223712797935e-01 5.829433177327093540e-01 9.539765461322885498e-01 9.317206160607108822e-01 7.772610536544735105e-01 8.798564255207388385e-01 9.339333196972796625e-01
8.832772454974229248e-01 6.465373999735811728e-01 5.745767079685465406e-01 5.237955017106961098e-01 8.908844224276654122e-01 4.551410334730677798e-01 9.530026109660574285e-01 8.208400300749805201e-01 8.379649912714086657e-01 7.159552632681271955e-01 8.841257917117514298e-01 6.717712495328983513e-01 9.116832874240445861e-01 4.705453116668070201e-01 8.619342952044841688e-01 6.862101368414870173e-01 7.819196692673352489e-01 9.025579486755080927e-01 6.684895727053830061e-01 9.543594971117906889e-01 9.323184836952466137e-01 7.745590103505008983e-01 8.820400756048704105e-01 9.325941533866579647e-01
8.805677204871655839e-01 6.662730606801511302e-01 5.762201916648094224e-01 5.544358088456875500e-01 8.860088993767926135e-01 4.625618703268157272e-01 9.532053235802092628e-01 8.246572696099738753e-01 8.353560333964514806e-01 7.070725406688542769e-01 8.921994805624254843e-01 7.256268507962456704e-01 9.140314450803884716e-01 4.707946220563056228e-01 8.659150937318816910e-01 7.339217453112669709e-01 7.797017127506316037e-01 9.018503065453817857e-01 6.604027667258370871e-01 9.542902203912930759e-01 9.300764269874746137e-01 7.777145513972644197e-01 8.786804252657911540e-01 9.307198723500009763e-01
8.838332076396006043e-01 6.988192388493298379e-01 5.232477881659032271e-01 5.613496502516225339e-01 9.014597141871958375e-01 4.470396561773608002e-01 9.502746616141651836e-01 7.930965434383329127e-01 8.777357270804994060e-01 7.069509606791778422e-01 8.896460487966210140e-01 6.373171047520393984e-01 9.064461860407861948e-01 4.652269091521428201e-01 8.612041877990586070e-01 7.525486248952716339e-01 7.775210201013419420e-01 9.001158956387367294e-01 6.287635912197651056e-01 9.551014857375990097e-01 9.314317096984161548e-01 7.716679286175732733e-01 8.814157406188694033e-01 9.314554631018960862e-01
8.829582531582029770e-01 5.947638138399861107e-01 5.507414014159094373e-01 4.405767785527156533e-01 8.986136395462820392e-01 4.541011922315372762e-01 9.531945294958155124e-01 7.854088814903331661e-01 8.088934193827127528e-01 7.113374711135004302e-01 8.815500752128730966e-01 6.399050564626339588e-01 9.099820893889883910e-01 4.614034964593261012e-01 8.587020074059636965e-01 5.222158543420895027e-01 7.846031779174409415e-01 9.027356252069308473e-01 6.912978092102589622e-01 9.530481341559535746e-01 9.300496688741721751e-01 7.664260454517032306e-01 8.887672307945468919e-01 9.310744952425156207e-01
8.856076950737145070e-01 3.578064824445506553e-01 5.905386312543934313e-01 4.252989097963688070e-01 8.932688778932182938e-01 4.476391805431675919e-01 9.530953027423296753e-01 7.913254410880516954e-01 8.114335734967341729e-01 7.368494498363812317e-01 8.331960318723996561e-01 6.232472138884691537e-01 9.098853496221593895e-01 4.616561081528564037e-01 8.637695851935611735e-01 2.704086220851001920e-01 7.770553881065579427e-01 9.039896294457545611e-01 7.567596530591741422e-01 9.554437632809901215e-01 9.287823755049390284e-01 7.702284932230119008e-01 8.967763090217055755e-01 9.272231858721334818e-01
8.837413596316863185e-01 3.296453023295047302e-01 5.997494606444428999e-01 3.960373747607789929e-01 8.919820559802869031e-01 4.501351683460309561e-01 9.542270728131617696e-01 7.825569734066466498e-01 8.234027520775156761e-01 7.276077216196976671e-01 8.310190633090138723e-01 6.407855658389604026e-01 9.136683272854009275e-01 4.681280909122794709e-01 8.718716383477843612e-01 2.680516813078535066e-01 7.815751922876135183e-01 9.033641547552558881e-01 7.588238839151193460e-01 9.529427737424478462e-01 9.289140360518050032e-01 7.781073308975730018e-01 8.980482942670653390e-01 9.265626600211654962e-01
8.850727480686777504e-01 6.116224180551094181e-01 5.424639397951361852e-01 4.916486539595205096e-01 8.922449753507774028e-01 4.473153914746915705e-01 9.521680731555097754e-01 7.839492507990093451e-01 8.375375011771669653e-01 7.108650731598347150e-01 8.750293358366580954e-01 6.743876942530552254e-01 9.369794539672162692e-01 4.656422131003754017e-01 8.710531597381829805e-01 5.830087364683042006e-01 7.855074884471910934e-01 9.050875499793189505e-01 6.713382778875565116e-01 9.526889317644501309e-01 9.307136944101401799e-01 7.566201921072018832e-01 8.855929003021147938e-01 9.302044660406202370e-01
8.842252269409001109e-01 3.367151972362251722e-01 5.133844212170445287e-01 4.176056684544604547e-01 8.980305844634997037e-01 4.371040914645279996e-01 9.525439414250427284e-01 7.413542172014692122e-01 8.657957482618365841e-01 7.357674217365210989e-01 8.142895797631354293e-01 6.313333908442604336e-01 9.300304245138544257e-01 4.537953100660969130e-01 8.658717945402113481e-01 3.486466754995538597e-01 7.832862372805857731e-01 9.077073587466499838e-01 7.558624438949036461e-01 9.525241486047095751e-01 9.234302487548666782e-01 7.638176638176638056e-01 8.933410737981014593e-01 9.177023412972551419e-01
8.812777827310822598e-01 6.553404488193916855e-01 4.733598978359932485e-01 5.238432615954431437e-01 9.036210130131154816e-01 4.342943428029638064e-01 9.523968587244021622e-01 7.838608339445605200e-01 8.365264907570036934e-01 7.173190752736207099e-01 8.697559088837010233e-01 6.318502753771156888e-01 9.364082673321036943e-01 4.554649334606097888e-01 8.645705342938810878e-01 7.249007245268482835e-01 7.813035065495497200e-01 9.036785793073019990e-01 6.148736305161417448e-01 9.524065115773453494e-01 9.285946803748965639e-01 7.753042342742831883e-01 8.807377921313855884e-01 9.299285221772404242e-01
8.791567203237294903e-01 5.615501945089698133e-01 4.622701420147248830e-01 4.619732749117004822e-01 9.134519572953736510e-01 4.323963551290248009e-01 9.441490090732161944e-01 7.777148344398311375e-01 8.444836075498096672e-01 7.198495180529478343e-01 8.455120888243229382e-01 6.297457883151822422e-01 9.189990099347922214e-01 4.512422796181920215e-01 8.621457083891336248e-01 4.933678808740275534e-01 7.747737714047056024e-01 9.019579445375485172e-01 6.829569703681693804e-01 9.518880738929638152e-01 9.295015929732557414e-01 7.482283067550369315e-01 8.918900055834728668e-01 9.287100168062634165e-01
8.779715345665374260e-01 5.678786055590147042e-01 4.606713339429177601e-01 4.906608640718773118e-01 9.093649750705368184e-01 4.337267298911134383e-01 9.453302649242486533e-01 7.493457219214312293e-01 8.177114213334770731e-01 7.093304107447016005e-01 8.489708689517801998e-01 6.349705163238890115e-01 9.247883092051352172e-01 4.515447565306494604e-01 8.652962280616697255e-01 4.940850615469062346e-01 7.808421331068711169e-01 9.059470120126332793e-01 6.837765562323577795e-01 9.532583964410635824e-01 9.293692666001235336e-01 7.459185731874430347e-01 8.913938978489505116e-01 9.303823844887306738e-01
8.819981837019225113e-01 6.443431672696910972e-01 5.888546142008620476e-01 5.314818710989550610e-01 8.852644054404875673e-01 4.590625416815842796e-01 9.528077877974036047e-01 7.999185257299887830e-01 8.272543605630008345e-01 7.031529267202859534e-01 8.835966799029340013e-01 7.082645577069368592e-01 9.179012219194174760e-01 4.697078140788144007e-01 8.728147616368187034e-01 6.704352211289243968e-01 7.811849696902208873e-01 8.999703401229161015e-01 6.810669384981311580e-01 9.539432991442534648e-01 9.326816835340929757e-01 7.767437664383514129e-01 8.805257393209200423e-01 9.315866282955305167e-01
8.840615769360816723e-01 5.903967616987123579e-01 5.926779349521051898e-01 5.123159275706999916e-01 8.829555688982287931e-01 4.474914697333501890e-01 9.530660536812927131e-01 8.030338615420747894e-01 8.609258611880495904e-01 7.290917846748696807e-01 8.743513662710461487e-01 7.334666609321462971e-01 9.139048425538308651e-01 4.634842892628092681e-01 8.721639534135512406e-01 5.457916480015927441e-01 7.865837108795957766e-01 9.032358152972081999e-01 7.047881338728667622e-01 9.538321490197143593e-01 9.338897326029180768e-01 7.732156242192054219e-01 8.835141774680983495e-01 9.293185679487442341e-01
8.845064199199459409e-01 7.517888376530450500e-01 6.361549058625439734e-01 5.303892971335614215e-01 8.740937037564470158e-01 4.779853024783643489e-01 9.486742590060814884e-01 8.182069041640221974e-01 8.595362823028120935e-01 7.246431438243814416e-01 9.031018146062393948e-01 7.198822642593057930e-01 9.172926692933782711e-01 4.786842234491079928e-01 8.550112869762647172e-01 7.927994328667237189e-01 7.791226995573127256e-01 9.018006772367087587e-01 6.437169750702367299e-01 9.528828565405721429e-01 9.305913293387196861e-01 7.754133836422150150e-01 8.759505405710134029e-01 9.342348172621682822e-01
8.765625993514338798e-01 7.504237786526259946e-01 5.092546098697241508e-01 5.501047865368575707e-01 8.845876698852707110e-01 4.422351875645049168e-01 9.536297290154702733e-01 8.243690753797966453e-01 8.081115027754143254e-01 7.041650665083964977e-01 9.016943788997200393e-01 7.629135664815489548e-01 9.242731805672870227e-01 4.560240245297184081e-01 8.668874087193110256e-01 7.433987313763091853e-01 7.790559301864339314e-01 9.030736447205996997e-01 5.745741842807305932e-01 9.520699835380869169e-01 9.350341265699239068e-01 8.014061580022858733e-01 8.767760123970799180e-01 9.353286720911532237e-01
8.756760562478798082e-01 6.653287687404084716e-01 5.690450314886027483e-01 5.384469723535270091e-01 9.019607843137255054e-01 4.603008584926189251e-01 9.495468051976310164e-01 8.088879990610782222e-01 8.614380317840998336e-01 7.069329051176429513e-01 8.829448495458116497e-01 7.461050821961964230e-01 9.148316726124574583e-01 4.651330886532537012e-01 8.642460878719185891e-01 7.152719676863492637e-01 7.869994640532884667e-01 8.988222144025169724e-01 6.664445547449225904e-01 9.532872325235093314e-01 9.258101560854290479e-01 7.854103765399965686e-01 8.808799879384863196e-01 9.253812859268968349e-01
8.794140343492706791e-01 7.385191543562834582e-01 6.539458955872435864e-01 5.737288135593220373e-01 8.797148501031299972e-01 4.762436134972769519e-01 9.495679465506442485e-01 8.180940426764506945e-01 8.354449146831279815e-01 7.048988054929173908e-01 9.001871705591720785e-01 8.184363527277402905e-01 9.177932764744782812e-01 4.782938069485069832e-01 8.737117049884841613e-01 7.484175369771510766e-01 7.927653326095882580e-01 9.056329288472145800e-01 6.265461205188130878e-01 9.529004482108971441e-01 9.306446581399449025e-01 7.911822813767287466e-01 8.767165109034268378e-01 9.308163668709230620e-01
8.782172723271522985e-01 7.303447034221058898e-01 6.345373983570181675e-01 5.776563703859354248e-01 8.808950343812007588e-01 4.688383778131776092e-01 9.500181997115009214e-01 8.304778707392040937e-01 8.654753741277075862e-01 7.038953240750438489e-01 8.914481154473447022e-01 8.141344422532795777e-01 9.207540737710506740e-01 4.799646496882298830e-01 8.684806526746535749e-01 7.479468893386599371e-01 7.852306022033698207e-01 9.045018582490398362e-01 6.291211982479996134e-01 9.544496136685166610e-01 9.301534143679368594e-01 7.992390377778240129e-01 8.766427271140370125e-01 9.309031185257877761e-01
8.817742744172172298e-01 5.148729572419968870e-01 4.685082487530954354e-01 4.333939875085185411e-01 8.745864773445340967e-01 4.219720169696288825e-01 9.550236896050827706e-01 7.911740711549896110e-01 8.629444690532759310e-01 7.171574752036407041e-01 8.592669361246415560e-01 7.163835012278855219e-01 9.166615425608231060e-01 4.238840539023021048e-01 8.720710043926882538e-01 4.600221286769848872e-01 7.765977437068071199e-01 9.034342459140748405e-01 7.069031671771397463e-01 9.535193465526848877e-01 9.337745204291751921e-01 7.751078548823810976e-01 8.871155035530816635e-01 9.340589643390552199e-01
8.802610892033300161e-01 7.604435258089714544e-01 4.489124512803319145e-01 5.555329750033286551e-01 9.050949819524674034e-01 4.431559576321186800e-01 9.418604651162790775e-01 7.973667841592370076e-01 8.448103320035160735e-01 7.044756318949867424e-01 8.924619378473106490e-01 6.484976998274870619e-01 9.110944220659520365e-01 4.529623572516512375e-01 8.529444382832427340e-01 7.653615535580686746e-01 7.803317716998601217e-01 8.954468919068123700e-01 5.480608354590087439e-01 9.545816353604691384e-01 9.337137126284118516e-01 7.468954350560454980e-01 8.775108556433726115e-01 9.380420553100965453e-01
8.793010024383636214e-01 7.603883092655289166e-01 4.412522968790391631e-01 5.254654465130955687e-01 9.069257950530035250e-01 4.321309402549963208e-01 9.387205894436988496e-01 8.038954495572411263e-01 8.428364649703069533e-01 7.017731313681534466e-01 8.985740744565853255e-01 6.419237214386915857e-01 9.132260178586056876e-01 4.505713563747648642e-01 8.599539678296418410e-01 7.650555040373967497e-01 7.797440859915623079e-01 8.961053299842667297e-01 5.384034801224081290e-01 9.548197073688363679e-01 9.315228144353647766e-01 7.422044934918726744e-01 8.781613219874828680e-01 9.367246588328366208e-01
8.822552936861813855e-01 7.391322394089487879e-01 5.419164598611382333e-01 5.545142953269456276e-01 8.858754651388984769e-01 4.439272676214546243e-01 9.522389880004606955e-01 8.110657915622822012e-01 8.355253834681855007e-01 7.045138767673241320e-01 9.033789501929944121e-01 7.242569002123142585e-01 9.186724595374342606e-01 4.600056132472635229e-01 8.649013762510635583e-01 7.629405405405405016e-01 7.856675620381066150e-01 8.995778669867152688e-01 5.920672912535047683e-01 9.532421072677067508e-01 9.320014637914910693e-01 7.988577844622646307e-01 8.772046983635615192e-01 9.373820634217786552e-01
8.826409486003256033e-01 4.469603999971949460e-01 6.124769493058697112e-01 4.387022016222479892e-01 9.070762627463326844e-01 4.623399236126712886e-01 9.520050671534039388e-01 7.736103336028695709e-01 8.654335151527350334e-01 7.191504508780256488e-01 8.468388122645096328e-01 6.780514795705724351e-01 9.209958630858922080e-01 4.778180695933955668e-01 8.633892220242198601e-01 3.730937223636154876e-01 7.876185040301810769e-01 9.057978507075845620e-01 7.481866537717601906e-01 9.532786439941326462e-01 9.272095170840349843e-01 7.548579970104634107e-01 8.957679347060104602e-01 9.229644708888083970e-01
8.809011975081501022e-01 6.758678755575348029e-01 5.853137163427727385e-01 5.416465179516291029e-01 9.072989839135715551e-01 4.554027201426775751e-01 9.483578322703863916e-01 7.949773455630456676e-01 8.620961227786753112e-01 7.194742279555481623e-01 8.774178416710355366e-01 7.034357008513876242e-01 9.155826863592601006e-01 4.820006594963973101e-01 8.682668793890334635e-01 6.292670128971862287e-01 7.880661014353533833e-01 9.035734973657352231e-01 6.851068144943212035e-01 9.541625337989320110e-01 9.272702592642866337e-01 7.410146006218654158e-01 8.859557694858724020e-01 9.294140121304742541e-01
