7.805222848133910318e-01 6.651594762111671111e-01 7.447014316626032748e-01 8.298131180793525408e-01 6.263221135438581388e-01 8.225406635419297841e-01 7.277639160235037652e-01 9.165126469704246714e-01 5.978449462678652182e-01 8.069000846078722144e-01 7.597883229500663749e-01 8.071937394903642149e-01 7.943801697127712558e-01 8.186144363148415426e-01 8.745224619232149221e-01 4.753273706671509169e-01 6.683312790201216824e-01 8.370866531788361264e-01 4.841885468349796384e-01 6.915565573317049575e-01 7.482828340553161484e-01 8.387980026102401787e-01 7.366784263663330723e-01 8.284627977161109769e-01
7.612702048020544288e-01 6.620145347871384534e-01 7.783166033077449919e-01 7.987397816202698175e-01 6.119111842685056590e-01 8.524092731741549356e-01 7.489541552020482218e-01 9.093702704850027407e-01 7.334523194548701053e-01 7.981273854860921890e-01 7.762072385835098176e-01 7.940041135164797037e-01 7.831323586612256582e-01 7.526483572295766811e-01 8.160049709932329920e-01 5.059058971829294427e-01 6.465551122051439448e-01 8.615772234721150724e-01 4.570076412640108332e-01 6.706644461855301165e-01 7.331693546754631807e-01 8.153769642653483363e-01 7.522091661055504419e-01 8.202460834667867351e-01
6.938099366604416618e-01 6.785250211286855127e-01 7.615335035583845613e-01 7.303497575248505402e-01 6.293500242021308200e-01 8.519182724886562585e-01 7.406395492835523564e-01 9.186660504264958504e-01 6.528816826968869558e-01 7.286677927640450303e-01 7.486675386863703707e-01 7.723797121036627411e-01 8.222461560974944073e-01 7.791877477130889629e-01 7.791387643104105143e-01 5.180152790450892608e-01 6.801506135397857866e-01 8.437485322711948399e-01 5.017219218767439148e-01 7.056256606272913734e-01 7.188275514103331654e-01 8.666619812228336661e-01 7.328556645496131505e-01 7.925548911578659261e-01
6.919761856328381366e-01 6.885769582135732314e-01 6.824625180096169919e-01 7.431052478868760414e-01 6.640631515680974761e-01 9.312895023185127075e-01 7.247598422538932272e-01 9.574547081922951675e-01 7.327362297683401859e-01 7.350353590071958543e-01 7.794028828319454760e-01 8.080443711331979362e-01 8.014982733862672237e-01 7.759336771728222448e-01 8.174131805256660277e-01 4.642840226762548483e-01 6.616949341297125864e-01 8.082827545568921357e-01 4.950953792106399520e-01 6.585385135053172245e-01 7.085198280117476211e-01 8.951323834049165207e-01 7.175190823401951246e-01 7.930258012285464897e-01
6.729281939328748408e-01 6.699194019294018032e-01 6.910051168996381721e-01 6.676363813282376602e-01 6.579388554732096273e-01 8.593770414379949818e-01 7.118521564143103220e-01 9.363126920006196174e-01 7.364398639056216611e-01 7.792390815437176821e-01 7.266374872587888500e-01 7.723310466532693486e-01 8.043401394107064784e-01 8.205893274754632039e-01 7.882314535979016989e-01 5.074507636208781536e-01 6.537962773194341271e-01 8.067483071706667008e-01 5.068453048173362507e-01 7.092940573145921634e-01 7.163171099841754152e-01 8.893747809795854442e-01 6.984896363607498992e-01 7.635895575722758677e-01
6.866417681118962557e-01 6.730236012880219665e-01 6.117964379261404684e-01 7.121984991781956653e-01 6.666363816695476396e-01 8.025126918317097013e-01 7.241018829591080452e-01 8.769657020405032810e-01 7.030317382321511488e-01 7.800661275317033461e-01 7.563063138509747985e-01 7.981044502007728081e-01 7.910777690496813008e-01 7.378665034401998835e-01 8.129873338177766584e-01 4.735918770968129965e-01 6.328347895102327536e-01 8.253826297221374952e-01 4.550626059053421435e-01 6.622304630782790413e-01 7.273970519112890054e-01 9.044538977009873859e-01 7.229324831391908956e-01 8.184165711650249753e-01
6.442818591480271584e-01 6.507861513562600564e-01 6.844313750942344621e-01 7.818721440346941831e-01 6.448341331023739187e-01 8.858176020802813744e-01 7.219650518443248011e-01 9.059858543643385387e-01 7.044837327400113036e-01 7.601943511922438779e-01 7.577950475942142328e-01 7.307212587498493894e-01 7.878631667089061041e-01 7.517040548584583703e-01 7.191261393321473072e-01 4.754721344285531281e-01 6.730097279903375362e-01 8.059705821474503207e-01 4.615078385847389830e-01 6.688588656388045894e-01 7.080820340562624660e-01 8.931199529175232188e-01 7.217816721370250432e-01 7.647305743195791372e-01
6.595577972423107838e-01 6.574135381454230265e-01 6.295879608994752186e-01 7.451638639609824422e-01 6.858483209550251258e-01 8.177877359935183943e-01 7.256538651773702941e-01 9.770178654626942016e-01 7.460030011843606923e-01 7.909594991886075288e-01 7.720183289050567277e-01 8.149655457709560347e-01 8.195576993029871637e-01 8.115316916581261086e-01 7.619548022187483394e-01 4.772506507258486574e-01 6.699857811953729980e-01 8.307994771468073525e-01 4.788011708792104804e-01 6.709213446606707709e-01 7.183018442085412625e-01 8.757356946956594834e-01 7.056980747627300543e-01 7.910864471669772913e-01
6.566760689709505439e-01 6.745460423078086798e-01 6.479932197752484857e-01 8.225802792608563063e-01 6.648345447616224035e-01 8.325859851536914213e-01 7.265985074227927498e-01 9.087300137620121232e-01 7.303042926565926907e-01 7.974442181463465840e-01 7.634713187663612066e-01 7.965633908358742410e-01 7.576180969553819589e-01 7.437453815812766766e-01 8.007776701872816316e-01 4.798106751152819704e-01 6.610161107002490155e-01 8.254669088741709571e-01 4.892405662862364668e-01 6.962640838327329718e-01 7.012255516341924233e-01 9.035592217528061187e-01 7.345655749178483518e-01 7.743037386190085858e-01
6.325244917146570778e-01 7.722003075150329909e-01 6.573242775483688627e-01 8.493056356509277594e-01 6.431855869967963990e-01 8.065485063867581239e-01 6.945465783309462404e-01 9.625833517887720792e-01 5.188412683725561747e-01 7.454637015777434428e-01 8.000277671857312090e-01 8.408071043865383842e-01 7.930880639437486446e-01 7.081345899779604158e-01 7.667975435257838868e-01 5.051391286600861452e-01 6.252171344265533559e-01 8.076778649900843154e-01 4.497712730521617464e-01 6.659398827286537870e-01 7.092893129590034373e-01 9.202530856423907224e-01 7.717003554266486098e-01 7.886594726959844648e-01
6.361056053381463071e-01 7.106257063803661511e-01 6.453200844423109261e-01 9.181879140708122389e-01 6.596914741678709948e-01 8.064485494904932716e-01 7.026601953896240982e-01 9.420367702445634484e-01 7.300436618549577261e-01 7.791077094087958121e-01 7.970935794663378537e-01 8.258616875722648576e-01 8.042630983909243580e-01 6.772173247559122311e-01 7.723899578517091635e-01 5.185065454804497209e-01 6.510908417277905258e-01 8.239824371436922368e-01 4.965977967025577144e-01 6.220561603670793360e-01 7.150556925269226927e-01 9.103118033327389780e-01 7.837483970871441663e-01 8.062563153513535585e-01
5.723654561225356430e-01 7.590075202498778317e-01 5.717870326219567367e-01 7.903078520912730776e-01 6.118447657063404987e-01 7.506212843612950492e-01 6.775896669584664522e-01 8.415299711794475002e-01 8.820842759371675390e-01 7.436717082192615402e-01 7.417323278098350015e-01 7.649296097644794346e-01 7.384262881006184998e-01 7.711158733481120464e-01 6.569632644346415917e-01 5.141565202242109889e-01 6.519114696071514059e-01 8.074515336136387500e-01 4.536597581678185054e-01 6.446734520492801712e-01 7.446621123729172398e-01 8.794016630012551072e-01 6.993868424822448082e-01 7.153779658859017454e-01
5.145420122799494456e-01 1.086413391784235793e+00 5.464940039706622787e-01 7.533118131485120328e-01 5.907829373346512591e-01 9.129247359324456079e-01 6.361616040829174423e-01 9.159530221556267948e-01 7.597819604342055388e-01 8.015143103441842998e-01 7.893048466859242662e-01 7.591869839827211086e-01 7.285741696760250630e-01 7.715057470663587713e-01 5.779628619904545461e-01 5.938223938491273834e-01 6.363387235407789166e-01 8.227807456763736038e-01 4.226432436545209947e-01 6.401372910088234391e-01 7.530514434669556278e-01 8.698213520337839677e-01 6.895930807221766212e-01 7.422000517554799837e-01
4.868354460552347107e-01 7.555048329036198052e-01 5.407398401101215502e-01 6.941779380523024345e-01 6.231061816492465821e-01 8.145429530447386712e-01 6.450673601014250691e-01 8.318146303281552800e-01 6.840066573129499616e-01 7.001008143953646456e-01 7.134769641628839754e-01 7.107802672488863216e-01 7.437051774445022634e-01 7.263838064668852734e-01 5.823314427653903946e-01 4.748170186279535576e-01 6.095514195635433063e-01 8.139249282516074491e-01 4.596663998353469616e-01 6.849376422589485980e-01 7.442459918676945785e-01 8.777922231134003273e-01 6.781753837133005502e-01 7.063392620085471307e-01
5.969027074797678134e-01 8.422817795109137640e-01 6.238761130409984368e-01 8.285606975734153279e-01 6.710454997337871319e-01 8.110720288420247837e-01 6.723448310492649016e-01 8.965086750894625256e-01 6.979928100520540468e-01 7.850074166681995091e-01 8.248040438534559593e-01 8.095499668148058436e-01 7.573489291661114065e-01 7.102328833329335511e-01 6.798460421440506440e-01 5.544736310326904283e-01 6.470231675035504892e-01 8.112392429385815174e-01 4.658476015808010740e-01 6.828779648342244712e-01 7.368106866368459018e-01 8.514061478652891202e-01 7.115866523727184534e-01 7.560943566072733102e-01
6.010959094645291767e-01 7.833912797728705968e-01 5.692138540700920624e-01 8.613268973163481501e-01 6.585190047497302412e-01 7.895446419583610487e-01 6.811179038944906727e-01 8.956111892610369996e-01 6.864683990739858244e-01 8.582831980008526207e-01 8.000132010776919156e-01 7.819681387438374154e-01 7.717645834911691649e-01 7.188495099158511703e-01 6.862432613198539144e-01 4.853370187997497198e-01 6.427310957807322866e-01 7.684661467614585240e-01 4.403878028232040553e-01 6.806528380836996961e-01 6.912145187150917636e-01 8.859547864852923560e-01 7.164613318203771897e-01 7.657396923905295250e-01
6.142815597441048103e-01 7.086352746555085735e-01 6.720632667056970488e-01 7.668670961468898595e-01 6.609236666872174704e-01 8.092713249750638216e-01 7.125477553290097132e-01 9.056089473085072727e-01 7.181816038200483643e-01 6.817424500222948325e-01 7.323547198083858456e-01 7.779820202112091021e-01 7.883037240919117394e-01 7.602931169740607675e-01 6.873999740251969248e-01 4.810472004778314492e-01 6.464625425150613003e-01 8.270155063362097936e-01 4.975421768191989891e-01 6.472438238287764323e-01 7.052325832123491622e-01 8.752258257943843489e-01 7.032356292107159179e-01 7.737735246036652192e-01
5.791838063270656756e-01 7.632985267160449228e-01 6.962799215811064091e-01 7.381728125361484150e-01 6.166311662685080019e-01 8.408372656949185675e-01 6.908898719148016676e-01 9.083569004309117734e-01 6.232525269820952118e-01 8.466691600410840568e-01 7.729450435181139945e-01 6.908689280268313082e-01 7.539916043886243369e-01 7.653151322186050320e-01 6.625286734053237314e-01 4.977891953075981868e-01 6.610286027069183223e-01 8.298491428161274275e-01 4.915379592088883198e-01 6.761203620208560139e-01 7.041760353117491045e-01 8.844508846089209619e-01 7.242831638723487009e-01 7.987293194104079230e-01
7.246316163925798914e-01 6.753991612610314998e-01 7.148492201263164647e-01 8.129408448463507630e-01 6.257671818038756939e-01 8.740926954443222208e-01 7.625900933718822161e-01 9.279394111979194504e-01 6.550690123538057685e-01 7.190026050520004208e-01 7.628442721091930334e-01 8.138656785350338874e-01 7.974071417439058118e-01 8.003505289352844665e-01 8.134889021881694937e-01 5.004928488597528702e-01 7.053799011627773785e-01 8.769427810323587869e-01 4.908934532170984855e-01 6.959791609199221796e-01 7.249671960657093628e-01 8.880725751976031868e-01 7.417949293255791110e-01 8.499944972764860163e-01
5.526981370683105022e-01 6.553748811350061931e-01 6.466641113016761144e-01 7.482537692848781896e-01 6.360815278282616614e-01 6.847655546870256016e-01 7.176387681807959718e-01 8.648009669718209613e-01 5.674038463028958645e-01 8.100244438108863410e-01 7.135202818926750234e-01 6.339335652407808164e-01 7.886862601633005676e-01 6.669372902729705510e-01 5.614835745934864120e-01 5.143517789662415129e-01 6.312253531211489133e-01 8.208498115350610913e-01 4.297809532016449441e-01 6.588124139094139187e-01 7.069703853781439395e-01 8.747172552108655186e-01 6.790490598559426605e-01 7.505908093592580377e-01
6.864851030277900890e-01 6.206478146405387530e-01 6.339796281004730361e-01 7.615575519327341114e-01 7.171126332171935402e-01 7.907598030353545360e-01 7.563296907844445638e-01 9.132659638639075705e-01 6.179983820445726916e-01 7.813178326244571981e-01 7.760959577575320401e-01 7.317181067784226389e-01 8.364464909544636617e-01 6.997012176067352041e-01 7.454327493281911465e-01 4.693887081030119757e-01 6.271887721046686126e-01 8.106196914730815495e-01 4.922427135512502661e-01 6.837476851607933170e-01 7.453950525540966598e-01 9.210862150079144328e-01 7.199777102263926754e-01 8.031075298531611395e-01
6.377602851294933428e-01 6.491027376972194896e-01 6.750087677605746128e-01 7.136849111357477238e-01 6.432817642000397962e-01 8.201232356797723000e-01 7.217739958243407639e-01 9.376295012073206925e-01 5.578878779630446205e-01 7.525704685676859462e-01 7.630810892549156899e-01 6.977665018149702414e-01 7.793247332664472449e-01 7.874144089729950835e-01 6.931172225864292713e-01 5.156270849844585280e-01 6.922703356101694849e-01 8.404036046767520141e-01 4.500460922006315756e-01 6.742855622103622881e-01 7.442605347666415572e-01 8.565144422984158901e-01 7.137985829998363396e-01 7.978350882167362101e-01
6.310882335949091759e-01 6.499938254598884857e-01 6.331132345230342517e-01 7.693229472523859247e-01 6.323814926081924304e-01 7.978581032405468454e-01 7.201896533174094728e-01 9.458648249790428952e-01 6.241230872577075983e-01 8.109938359161844579e-01 7.609708800208100365e-01 6.949670792539613950e-01 7.764367482262695130e-01 7.658793102313073975e-01 6.923303427367007989e-01 5.144402573454803784e-01 6.358340488527916001e-01 8.413940632774725703e-01 4.862721579976240771e-01 6.823855961346442234e-01 7.551077357198920925e-01 8.828444709868672469e-01 7.023890455926553589e-01 7.885713989403575486e-01
5.740676981144450242e-01 7.177677442520251638e-01 5.458477401322565647e-01 7.806647641892491274e-01 5.925449734293887216e-01 7.529574698314702719e-01 6.829770636114618210e-01 8.598546559911253162e-01 5.895281532376526190e-01 7.076148352711273404e-01 7.752090872575038150e-01 6.558836137074759431e-01 7.758436285806115107e-01 5.601871348714263510e-01 5.918512405007391175e-01 4.919114663808320520e-01 5.790137953662604087e-01 8.087518054079131380e-01 4.385724406940681441e-01 6.385215431998325641e-01 6.740157729876635750e-01 8.010988097171860556e-01 7.011977898749981453e-01 7.158374014018259457e-01
6.880188192033174222e-01 6.503153724087293863e-01 6.075707318629387510e-01 8.315794005358492225e-01 7.078818646147538862e-01 9.160090139849591528e-01 7.547240692725192268e-01 9.326977854729774364e-01 7.846827625894591263e-01 8.925742958000991711e-01 8.005928601260086097e-01 8.016333734682364875e-01 8.322633904593578213e-01 7.718300391205310529e-01 8.024057981447466625e-01 5.175900758867070239e-01 6.724649832648011971e-01 8.317116846019072529e-01 4.917689258559755916e-01 6.789733672983987445e-01 6.867352419231554927e-01 9.086565033031742677e-01 7.054412908062610565e-01 7.885707276009717992e-01
6.859780183978878565e-01 6.724693516888958777e-01 6.398518093524329098e-01 7.700149606894631793e-01 7.089850985905146175e-01 7.306383262581156446e-01 7.640487907990519689e-01 9.066461269900374376e-01 7.377812430773890151e-01 7.905237289056945560e-01 7.851370696357701240e-01 8.082621472681772445e-01 8.543419051378071671e-01 7.846334288723898487e-01 8.492930193482889356e-01 5.163738273824745040e-01 6.646569051056807620e-01 8.416675240374903444e-01 4.654794266734904595e-01 6.980374180245256799e-01 7.133489926861480424e-01 9.503884516964494766e-01 7.194358311163027153e-01 7.672270043996229916e-01
6.958260877143321865e-01 6.705877678786343887e-01 6.464241060629645208e-01 8.206614507614239384e-01 6.249209659299380659e-01 8.092488918736004955e-01 7.532868532122725114e-01 9.238959240261904737e-01 7.276199810989365524e-01 8.184345942711146460e-01 7.564916638297635165e-01 7.375582387708230492e-01 7.880391425837458552e-01 8.120803178278287460e-01 7.819941369346318227e-01 5.094973285933951379e-01 6.253092965342006426e-01 8.156811398773385902e-01 4.967021404537064755e-01 6.800438293932645761e-01 7.090705526171683371e-01 8.750713680254570415e-01 7.065251410321482517e-01 7.889135241872411441e-01
6.349084215928827435e-01 8.085459090065774124e-01 6.429534061964137237e-01 8.077719546804764672e-01 6.798242882446376978e-01 9.663471623332900995e-01 7.172096800972623809e-01 9.222360432061947888e-01 7.787695125250099215e-01 8.242721518898862287e-01 8.351162256797123318e-01 8.236748367164751228e-01 7.900160719668087861e-01 6.879316479639963067e-01 7.609704174888535233e-01 5.468505332200271907e-01 7.092769182941297545e-01 8.336839175400833080e-01 4.545533126293218595e-01 6.771548256053029347e-01 7.348841769667461277e-01 9.491672253649936497e-01 7.641337545066422265e-01 8.437886791456542523e-01
6.742467547952495366e-01 7.000672823266265166e-01 6.509295162149421055e-01 7.655939678511135549e-01 6.889637462099307275e-01 9.285095715359629187e-01 7.180203759528961394e-01 9.541748261490176075e-01 8.010886351107251446e-01 6.810941457662657017e-01 8.417628123024760711e-01 8.308900807875754246e-01 8.026482515489190561e-01 7.798751263392236233e-01 7.717869715663501218e-01 5.106019267347111645e-01 7.116561519314761330e-01 8.296619422987916437e-01 4.988049436546128090e-01 6.862182748857788006e-01 7.609777406278258605e-01 9.496939511420162683e-01 7.340617716113746472e-01 8.110808550967931740e-01
