9.310344827586206629e-01
6.551724137931034253e-01
1.000000000000000000e+00
1.000000000000000000e+00
1.000000000000000000e+00
8.965517241379310498e-01
8.965517241379310498e-01
1.000000000000000000e+00
0.000000000000000000e+00
8.965517241379310498e-01
9.655172413793103869e-01
1.000000000000000000e+00
1.000000000000000000e+00
6.896551724137931494e-01
1.000000000000000000e+00
0.000000000000000000e+00
1.034482758620689502e-01
1.000000000000000000e+00
0.000000000000000000e+00
1.000000000000000000e+00
6.206896551724138122e-01
1.000000000000000000e+00
1.000000000000000000e+00
9.655172413793103869e-01
