6.430588585017835701e-01 8.216583273766976392e-01 4.992360580595874842e-01 8.641221374045801040e-01 6.058248009101251386e-01 7.274741506646972278e-01 7.864851606573460829e-01 8.662435928728338119e-01 7.375914836992680801e-01 7.461389961389961467e-01 8.867091711623344974e-01 8.477964561562926216e-01 8.325476145577974663e-01 7.268722466960352291e-01 7.305776457222756815e-01 5.668781922303048892e-01 7.725832012678288674e-01 8.695652173913043237e-01 5.567913717559824782e-01 7.706779661016949223e-01 7.945489321007331851e-01 8.399051289653127750e-01 7.328349183662250521e-01 8.451178451178451567e-01
6.300318563567911534e-01 8.112276372609500408e-01 4.971164936562860182e-01 8.555205047318612532e-01 5.977791764071209712e-01 7.184966838614591511e-01 7.879120879120878884e-01 8.648143200641197348e-01 7.422203532380151625e-01 7.359687652513421385e-01 8.807646356033452806e-01 8.497431506849315586e-01 8.375477533199927604e-01 7.347985347985348525e-01 7.033038927052666089e-01 5.825139054429876451e-01 7.659405940594059548e-01 8.753260302556077344e-01 5.542388331814038782e-01 7.757586147779873542e-01 7.860861334595361516e-01 8.381093057607089669e-01 7.339573639216534495e-01 8.439579684763572898e-01
5.775972637879435156e-01 8.062076160667710489e-01 4.562231759656652508e-01 8.618892508143322084e-01 6.022977894034979851e-01 7.279236276849642140e-01 8.073938840712003850e-01 8.601705867149134210e-01 7.544353703182201665e-01 7.320810677212061801e-01 8.821328344246960329e-01 8.091095189355168582e-01 8.383532347175192134e-01 7.325925925925925730e-01 6.525499070556857184e-01 5.805024809717326262e-01 7.755749405233941518e-01 8.764783180026280984e-01 5.438247011952190846e-01 7.854808188542921066e-01 7.798063184632481049e-01 8.414674091057975369e-01 7.167453336193949642e-01 8.532804614275414368e-01
5.729289837935591656e-01 8.259903739355793917e-01 4.545454545454545303e-01 8.583657587548637613e-01 6.332361516034985538e-01 7.232854864433811981e-01 7.897106109324758538e-01 8.609724047306176464e-01 7.320441988950275869e-01 7.320481927710843495e-01 8.937784522003034970e-01 8.197076340010828188e-01 8.327180882067223289e-01 7.178329571106094598e-01 6.349656967116158457e-01 5.543972284906080183e-01 7.751906864712966305e-01 8.735662148070907351e-01 5.583781965006729964e-01 7.561795863460568645e-01 7.744530244530244412e-01 8.499825965889313828e-01 7.083056110002218242e-01 8.449797719749908564e-01
5.681977314101666066e-01 8.153258954785672641e-01 4.473569244211446083e-01 8.559381588193956114e-01 6.401186943620178482e-01 7.298578199052132565e-01 8.051374345549737743e-01 8.587226983688139859e-01 7.478733788871845256e-01 7.387431964374072679e-01 8.917727717923604747e-01 8.145336225596528923e-01 8.381166760457700038e-01 7.319819819819819440e-01 6.296442065491183460e-01 5.775440034610742623e-01 7.700642054574639017e-01 8.716872212017843236e-01 5.560916767189384435e-01 7.761219595751970290e-01 7.714604236343366450e-01 8.539364640883977398e-01 7.019687349943979360e-01 8.482532751091702572e-01
5.701341574769965836e-01 8.216297408937288660e-01 4.598418643362463532e-01 8.552812071330589960e-01 6.325834249031287992e-01 7.054075867635190011e-01 7.887279095685399977e-01 8.596260205425335643e-01 7.319515927110863407e-01 7.407945736434108364e-01 8.916645424420086563e-01 8.174692049272116456e-01 8.344706570481574825e-01 7.288888888888889195e-01 6.415574402467232318e-01 5.566400879846027383e-01 7.630634224172317959e-01 8.645751633986927809e-01 5.574948665297740913e-01 7.511713520749665474e-01 7.784191117524450476e-01 8.561001042752867107e-01 7.084923928077454525e-01 8.389041095890410471e-01
5.594777245587559955e-01 8.246241947029349095e-01 4.568464730290456299e-01 8.609096901779829114e-01 6.199966965809613484e-01 7.367168913560666610e-01 7.896770205532375186e-01 8.584329349269588239e-01 7.253979238754325598e-01 7.354085603112840985e-01 8.875219683655536373e-01 8.006676204101096372e-01 8.276717557251908053e-01 7.248875562218890511e-01 6.114826408651109491e-01 5.558548227952745391e-01 7.612415439713490217e-01 8.702010968921389811e-01 5.523126813449393824e-01 7.586032388663968007e-01 7.733418164466359102e-01 8.473881870945715322e-01 6.915518530385560414e-01 8.395106810297607858e-01
5.675617615467239974e-01 8.206219312602290872e-01 4.324922532093846694e-01 8.526666666666666838e-01 6.430145152928978813e-01 6.963265306122449205e-01 8.088976945244956696e-01 8.630887185104052506e-01 7.373020207536865600e-01 7.346938775510204467e-01 8.921444809295276945e-01 8.223844282238442771e-01 8.384798099762470480e-01 7.207407407407407929e-01 6.269633507853402676e-01 5.648948645921401113e-01 7.666132906325060503e-01 8.665433403805496981e-01 5.517686072218128679e-01 7.567475810558479399e-01 7.656002534051314923e-01 8.490837226015092165e-01 7.051428571428571823e-01 8.362100624311421537e-01
5.672880759760815517e-01 8.249666814749000432e-01 4.414029084687767224e-01 8.561928512053200713e-01 6.381843294826720081e-01 6.947115384615384359e-01 7.808833678398895417e-01 8.541261461517087872e-01 7.223340040241448268e-01 7.338513841670714077e-01 8.951440768409818505e-01 8.036144578313253461e-01 8.194988253719655003e-01 7.090632140137090866e-01 6.287237378488554906e-01 5.528422965528990707e-01 7.620758483033932551e-01 8.645449763282483380e-01 5.543140906269398149e-01 7.407469156385462217e-01 7.684617865204772524e-01 8.416092787241754580e-01 7.088780603755645560e-01 8.407726931732932840e-01
5.586457904134047858e-01 8.273703041144901960e-01 4.574850299401197473e-01 8.444647758462946463e-01 6.115722077306141591e-01 7.213520197856554406e-01 7.678164659941425496e-01 8.524822695035461084e-01 6.967011995637949484e-01 7.331159757801584131e-01 9.105889533109551293e-01 7.966728280961182795e-01 7.935956790123457338e-01 6.952380952380952106e-01 6.138528138528138722e-01 5.113737075332348558e-01 7.537223340040241082e-01 8.579958463136033719e-01 5.405239207969499970e-01 7.241548260656540670e-01 7.748733867015193955e-01 8.429035752979414653e-01 7.164044005013229244e-01 8.347908745247147877e-01
5.565629228687415386e-01 8.474264705882352811e-01 4.614467408585055663e-01 8.616352201257861942e-01 6.117805334581188914e-01 7.155519742143432449e-01 7.620902304446608433e-01 8.534154206977425661e-01 6.993683644671415678e-01 7.391098484848485084e-01 8.994532199270960371e-01 7.963291888691533815e-01 8.027923211169284423e-01 6.842867487328022635e-01 6.105783866057838960e-01 5.176870748299319258e-01 7.519068647129666383e-01 8.578469520103760848e-01 5.396203306797305865e-01 7.232724902216427498e-01 7.609638554216867634e-01 8.449140401146131296e-01 7.177447491452096928e-01 8.325458325458325870e-01
5.616313213703099105e-01 8.410433070866141225e-01 4.477739726027397116e-01 8.482549317147192180e-01 6.212601196761703415e-01 7.061649319455564067e-01 7.757294004488618500e-01 8.482248520710059525e-01 7.096688034188034511e-01 7.362584378013500297e-01 8.927027027027026884e-01 8.139790864061640097e-01 7.882477501323451596e-01 7.151379567486949584e-01 6.192698532179149451e-01 5.706280103742126242e-01 7.696897374701671124e-01 8.625836335563561441e-01 5.351621703546529663e-01 7.356360013284622967e-01 7.646774193548386833e-01 8.454142011834319126e-01 6.941714672992206348e-01 8.330220395965632907e-01
5.400464661286378254e-01 9.016641452344932306e-01 4.050915587315765953e-01 8.353265869365225083e-01 6.009981285090455483e-01 6.704918032786885140e-01 7.513401348780909261e-01 8.440308087291399364e-01 6.687711913948322096e-01 7.321092278719397717e-01 8.992903007772896640e-01 7.647058823529411242e-01 7.255959631111884578e-01 7.098214285714286031e-01 5.772767724710767823e-01 6.081680970701390798e-01 7.444089456869009691e-01 8.253209161842436359e-01 5.299720467957345083e-01 7.074719192576917060e-01 7.431238539756626071e-01 8.249269005847953418e-01 6.600333804082680889e-01 8.130097473642331485e-01
5.314235234729934865e-01 8.378140149845747509e-01 4.075294117647058623e-01 8.444283646888567363e-01 6.353550787218494866e-01 6.961189099917423073e-01 7.674882203696992145e-01 8.480861244019138878e-01 7.066666666666666652e-01 7.287081339712918604e-01 9.024390243902439268e-01 7.943925233644859585e-01 7.683391552873928276e-01 7.218798151001540875e-01 5.842496285289747737e-01 5.681516051477867313e-01 7.536000000000000476e-01 8.547140649149922442e-01 5.382454981001156824e-01 7.379367720465890290e-01 7.445859872611464425e-01 8.435934144595561568e-01 6.651612903225806450e-01 8.205466540999057923e-01
5.614193548387096389e-01 8.651428571428571024e-01 3.917963224893917795e-01 8.410008071025020238e-01 6.321022727272727071e-01 6.964746345657781834e-01 7.587368421052631540e-01 8.462398658093374104e-01 6.922050186865990051e-01 7.341591233920914394e-01 9.009168884945282230e-01 7.815533980582524132e-01 7.835637189926150104e-01 7.136294027565084352e-01 6.076894363568495772e-01 5.825309491059147415e-01 7.502011263073209424e-01 8.473202614379085063e-01 5.442836468885673407e-01 7.181008902077151701e-01 7.638773819386909247e-01 8.271510516252390532e-01 6.864427406596080861e-01 8.165384615384615463e-01
5.594351234048066113e-01 8.543909348441925955e-01 3.927376970855231963e-01 8.357862122385747439e-01 5.956342434584754875e-01 6.785714285714286031e-01 7.677018633540372283e-01 8.435582822085889720e-01 6.955862068965517064e-01 7.420596727622713606e-01 8.951376684241358905e-01 7.686390532544378207e-01 7.829472085074059562e-01 7.110091743119265617e-01 6.120109459359515114e-01 5.773249437164463815e-01 7.665995975855131039e-01 8.526041666666667185e-01 5.318471337579617764e-01 7.224880382775119569e-01 7.570093457943924964e-01 8.306919211441824435e-01 6.860841423948219608e-01 8.154704637290745017e-01
5.489202001580194556e-01 8.291437549096621895e-01 4.702503077554370248e-01 8.559322033898305593e-01 6.231076132699349124e-01 7.129411764705881893e-01 7.783962689935308710e-01 8.608148755810773878e-01 7.270366320393657489e-01 7.448979591836735192e-01 8.920659453889747681e-01 8.032454361054767178e-01 8.276981852913084525e-01 7.227204783258595056e-01 6.046269433906121815e-01 5.530313351498638008e-01 7.616580310880829430e-01 8.764133578753615650e-01 5.498661311914323502e-01 7.446629685661455555e-01 7.637423216254528580e-01 8.417094017094016722e-01 6.881888070533842550e-01 8.398609077598828687e-01
5.439542798433185666e-01 8.379914732354334372e-01 4.696847210994340993e-01 8.395604395604395753e-01 6.076199636635674084e-01 7.198412698412698374e-01 7.734560570071259411e-01 8.521714922048997387e-01 7.219434908898864078e-01 7.375415282392026040e-01 8.958889482114255065e-01 7.911985018726591656e-01 8.215712383488681381e-01 7.044776119402984538e-01 5.906153413880302905e-01 5.579421090314001797e-01 7.667858561779896664e-01 8.652500647836226522e-01 5.438861985472155380e-01 7.435301924353019398e-01 7.641569123695033383e-01 8.429553264604811025e-01 6.854950797798410322e-01 8.412256267409470301e-01
6.077660745165854861e-01 8.108263748920241376e-01 4.921630094043887294e-01 8.723994452149791412e-01 5.998032948119006447e-01 7.297921478060046541e-01 8.136543986865508726e-01 8.696456901110523052e-01 7.612253462022660067e-01 7.541846006695360760e-01 8.921775898520084569e-01 8.488311688311688252e-01 8.479362780593772131e-01 7.363437727603787675e-01 6.907438016528925084e-01 5.830917345878233737e-01 7.754611066559743415e-01 8.777110007839038497e-01 5.571623998436583403e-01 7.838572642310960292e-01 7.834224598930481509e-01 8.497668221185875614e-01 7.360870506712863248e-01 8.603451343177370703e-01
5.282678926441352063e-01 8.252456088121464806e-01 4.290876242095754134e-01 8.517034068136272174e-01 6.169173136435203153e-01 7.040572792362768118e-01 7.973120800125019780e-01 8.592258748674442836e-01 7.426215277777777901e-01 7.422831945124939157e-01 8.868465027452853144e-01 7.595434868162140862e-01 8.328596802841918834e-01 7.334818114328136573e-01 5.728996181123841014e-01 5.723713968501994431e-01 7.665477606024574397e-01 8.726845812679363545e-01 5.458532695374800348e-01 7.755486968449931684e-01 7.616653574234092394e-01 8.408022563459730536e-01 6.776359628889230269e-01 8.485991379310344751e-01
5.781052911106685510e-01 8.185668902223790511e-01 4.489451476793249185e-01 8.505665722379603944e-01 6.591723688497882483e-01 7.128404669260700599e-01 8.048532156796198711e-01 8.527089572556493247e-01 7.314521679284239353e-01 7.392996108949416723e-01 8.923469387755101900e-01 7.910514541387024812e-01 8.284770784770785212e-01 7.101886792452830610e-01 6.406878887669228417e-01 5.444322894140992686e-01 7.577092511013215903e-01 8.675179569034318083e-01 5.539922020681471437e-01 7.514843087362171881e-01 7.904491567874436520e-01 8.472940365391243844e-01 7.137701277068295713e-01 8.548265460030165519e-01
5.656875919882254911e-01 8.172959805115712628e-01 4.952989845806693991e-01 8.661270236612702567e-01 6.238926591721494219e-01 7.176560121765601652e-01 7.907709160618924260e-01 8.663702928870292697e-01 7.456334904352647230e-01 7.307506053268765234e-01 8.828351012536161946e-01 7.977996965098633764e-01 8.259763851044504834e-01 7.012239020878330287e-01 6.188306225462703036e-01 5.716242414025624052e-01 7.701149425287355799e-01 8.714433523021211103e-01 5.490310077519380272e-01 7.711357813834329722e-01 7.854869509866326815e-01 8.542680947744238917e-01 6.995239573631377716e-01 8.567816507133827475e-01
5.650445598512534584e-01 8.160493827160494318e-01 4.913093858632676669e-01 8.627819548872180944e-01 6.277766135792121061e-01 7.215094339622641906e-01 7.948467966573815602e-01 8.615071283095723231e-01 7.411516111991547362e-01 7.384089799902391338e-01 8.849963759362164950e-01 8.020108275328693415e-01 8.307860262008733843e-01 7.062187276626161747e-01 6.154548006737787791e-01 5.718400470944411396e-01 7.693836978131213256e-01 8.770428015564202262e-01 5.461047747921902173e-01 7.675213675213675701e-01 7.805840568271507074e-01 8.546679499518767820e-01 6.985439417576703169e-01 8.561668464581085880e-01
5.493318689364817820e-01 8.322033898305084554e-01 3.993580926180650970e-01 8.546861564918314391e-01 5.795297372060858043e-01 6.786310517529214881e-01 7.633376707872479017e-01 8.402537485582468602e-01 6.990030674846625658e-01 7.247969421882465291e-01 8.873911822521763915e-01 7.453281182094740887e-01 8.005006739842095431e-01 6.852986217457887053e-01 5.820079522862823262e-01 5.553828940825460414e-01 7.449263828093911632e-01 8.529718456725755571e-01 5.324481777536919092e-01 7.349598930481283654e-01 7.305667389284608015e-01 7.986390349520569032e-01 6.824074074074074625e-01 8.224299065420560551e-01
5.599058622165169474e-01 8.088952654232424155e-01 3.870481927710843206e-01 8.563934426229508068e-01 6.418293589137337163e-01 6.986644407345575791e-01 8.018304814962196048e-01 8.421501706484642025e-01 7.532757593805836649e-01 7.336265884652981573e-01 8.804643121758458646e-01 7.874285714285714777e-01 8.328927492447130154e-01 7.262914417887432750e-01 6.191498142798184112e-01 5.829251386321626649e-01 7.696651875756352901e-01 8.705189941144997334e-01 5.371085371085371207e-01 7.642304385210662021e-01 7.477336667708659457e-01 8.331499816648331169e-01 6.917536147449817596e-01 8.275045537340619539e-01
5.652801848642403648e-01 8.205849268841395316e-01 3.759590792838874429e-01 8.441649196366177721e-01 6.471400939486046111e-01 7.002540220152413397e-01 8.000822706705059684e-01 8.472932938324804208e-01 7.494004796163069582e-01 7.414561664190193468e-01 8.863468634686346714e-01 8.015540944411236879e-01 8.325800376647833900e-01 7.086553323029366469e-01 6.178568500450930534e-01 5.824369028616374067e-01 7.637763371150729785e-01 8.666488508818813719e-01 5.291155866900174587e-01 7.562103820455713388e-01 7.451622971285892794e-01 8.292324641939037289e-01 6.906271647040016504e-01 8.329972502291476122e-01
5.837720221801080411e-01 8.143110585452395522e-01 4.367866549604916826e-01 8.515050167224080813e-01 6.158794743498102742e-01 7.227488151658767457e-01 8.054559625876851481e-01 8.619392962664518265e-01 7.433338086410951062e-01 7.406143344709897880e-01 8.843292536597072706e-01 8.064516129032257563e-01 8.388756200624655213e-01 7.184249628528974752e-01 6.460336068776866281e-01 5.781727741523297048e-01 7.678006329113924444e-01 8.722397476340694178e-01 5.496439873417721111e-01 7.795221843003412587e-01 7.611145898559800171e-01 8.467975539105245808e-01 7.066974595842956397e-01 8.352606297811777658e-01
5.652051911609961010e-01 8.521373510861948164e-01 4.677992888186487397e-01 8.599508599508599582e-01 6.372501556124213762e-01 7.098569157392686790e-01 7.787407145383798968e-01 8.664393293549303987e-01 7.056507936507936396e-01 7.502378686964795707e-01 9.008931143762604066e-01 8.158482142857143016e-01 8.092996987951807109e-01 7.065139584824624563e-01 6.253178639542276152e-01 5.551401869158878455e-01 7.584269662921347965e-01 8.601488324352065673e-01 5.457135457135456891e-01 7.377507398881946177e-01 7.802558215808461650e-01 8.451709883502442899e-01 7.172252010723860760e-01 8.442355649338193491e-01
5.838613356638263641e-01 8.460023631350925832e-01 4.596807204257061241e-01 8.633663366336633560e-01 6.334327116411287983e-01 7.228915662650602370e-01 7.967225188731357211e-01 8.689750692520775699e-01 7.307067424857839333e-01 7.497598463016330594e-01 8.941952506596305694e-01 8.022774327122152993e-01 8.269850293727496471e-01 7.454010301692420848e-01 6.532641958517511060e-01 5.516448731959151530e-01 7.669082125603864375e-01 8.689421573736321180e-01 5.380966498665875619e-01 7.531561461794019641e-01 7.843010055141096393e-01 8.496327792810204338e-01 7.185548356971925843e-01 8.455269494350805548e-01
