1.935319411636161890e-01 2.008261142925843734e-01 1.573015665184137879e-01 2.879853318191862299e-01 1.712533145110137212e-01 2.150648229045044879e-01 2.361606451613097735e-01 2.441605806212013008e-01 1.768847028159353796e-01 1.750305485911446968e-01 2.603415473601650154e-01 2.178565452518297640e-01 2.179311334430240610e-01 1.758268930616521675e-01 2.126162745600026771e-01 1.202344321089474227e-01 1.762744055169458146e-01 2.534876871226681150e-01 1.144924716280705246e-01 2.146043196127260522e-01 1.859628252767615286e-01 2.343029474883069063e-01 1.850539033265386213e-01 2.581158372466313411e-01
1.844740037528105892e-01 2.094293891348176784e-01 1.670343607485976212e-01 2.577339667711990301e-01 1.683132657137029475e-01 2.277625065677421345e-01 2.269563024001339802e-01 2.440887130168956087e-01 1.400240562629599117e-01 1.796866451811538479e-01 2.539975067990686841e-01 2.124193939549052224e-01 2.181302764594585664e-01 1.863315648648293799e-01 2.032368880014098766e-01 1.282219081576569109e-01 1.749620234759258208e-01 2.521056211658915247e-01 1.127414774518823160e-01 2.146287403645904257e-01 1.842700289891506527e-01 2.340253341369499529e-01 1.818772296838423730e-01 2.599025689968775255e-01
1.625483733339563863e-01 1.939406918902407684e-01 1.333652947435250979e-01 2.976136659356654612e-01 1.749022430754679225e-01 2.161918366196814989e-01 2.412009291503553476e-01 2.398417372191870567e-01 1.793219795123712768e-01 1.653168323690731856e-01 2.500264846293182575e-01 1.984494759150878529e-01 2.189623771469413338e-01 1.772295663391384724e-01 1.815473925440780623e-01 1.275089101333511665e-01 1.822156419944450378e-01 2.573225943368263047e-01 1.165061244535895435e-01 2.155452901296298907e-01 1.805609129697751392e-01 2.260471475090795601e-01 1.811943729006783299e-01 2.562557129470542927e-01
1.607985664108488033e-01 2.073998800760017414e-01 1.499145848827157512e-01 2.716376217780938629e-01 1.821649857260583538e-01 2.193942146993695941e-01 2.347967430011001500e-01 2.367560158571318518e-01 1.492667309834717904e-01 1.871119575800343493e-01 2.574037167050521879e-01 2.076703720445207957e-01 2.200982740537283100e-01 1.828706897356788263e-01 1.847757574955291582e-01 1.127457577495492025e-01 1.756477887378325720e-01 2.393333640856624700e-01 1.259801050509881948e-01 2.016832418858880427e-01 1.812113046919882897e-01 2.278387440145172582e-01 1.737277766439945803e-01 2.519217239638620320e-01
1.574866767707307214e-01 2.004553680269602067e-01 1.416096843944270045e-01 2.827802591065262106e-01 1.856795818540828147e-01 2.084676868366076019e-01 2.320289891714720221e-01 2.292069874025177423e-01 1.666300937614544619e-01 1.758584160690175313e-01 2.498530475552739605e-01 1.992648656944421004e-01 2.255759600396985698e-01 1.879239540079084281e-01 1.734226118483478962e-01 1.254216490654639360e-01 1.825219022532486579e-01 2.480492136876340792e-01 1.151319211674414894e-01 2.146979225084541809e-01 1.815102783477120785e-01 2.267785495230060233e-01 1.730250357725267862e-01 2.560665815578498927e-01
1.591648756514629781e-01 2.104405054273138231e-01 1.330676643598668885e-01 2.612638152760388133e-01 1.843437734013216311e-01 1.949105152748532299e-01 2.304781939939734292e-01 2.351211489268016930e-01 1.660169479992011088e-01 1.621256842602829817e-01 2.545219265865587555e-01 2.041520539256337086e-01 2.188240584171231851e-01 1.803532299241434045e-01 1.869371668077196846e-01 1.112565139718453555e-01 1.779849414190818047e-01 2.511361419257411298e-01 1.212661343496953259e-01 2.027834520122889228e-01 1.798860516341071469e-01 2.253336169192763638e-01 1.759512992845785884e-01 2.550867052907050958e-01
1.513254970124108811e-01 1.959738422548219505e-01 1.385467975013658648e-01 2.581979750658169315e-01 1.795446218586300713e-01 2.281379878790674720e-01 2.322839188911319519e-01 2.457661706043206828e-01 1.660762784559080829e-01 1.760475512496065542e-01 2.574597561562629866e-01 1.980777473959003387e-01 2.183324942188731022e-01 1.815495492216040729e-01 1.679216834585322005e-01 1.144518744732255511e-01 1.806100450760945997e-01 2.517074061769561943e-01 1.181941432609296821e-01 2.149925094268220482e-01 1.773318162090361250e-01 2.266359295255834516e-01 1.688966482193581808e-01 2.483469593675271536e-01
1.549395468969645973e-01 2.044005078635713346e-01 1.330214189652224599e-01 2.575506442823365383e-01 1.908428518706302701e-01 2.016661931307346667e-01 2.348310397160766338e-01 2.453970226113610931e-01 1.590299897277147601e-01 1.666918743613259035e-01 2.500972517686773089e-01 2.011885461148377185e-01 2.239163461232197005e-01 1.741673676933987169e-01 1.740475979354732250e-01 1.187484102711403589e-01 1.853225937464383077e-01 2.463359250539829404e-01 1.238518937159964611e-01 2.127178327556982496e-01 1.820668397471902622e-01 2.188939832544343489e-01 1.782240059682566602e-01 2.508352389539280636e-01
1.522468843081708212e-01 2.054956849200261504e-01 1.353062466080561244e-01 2.739174451249342668e-01 1.790740123753357671e-01 1.904723838065924546e-01 2.241407060923183980e-01 2.371974622477314720e-01 1.812043845938991204e-01 1.732487381508610591e-01 2.582375909810001313e-01 1.980117478633869610e-01 2.165145497407087727e-01 1.609956054226775735e-01 1.759503090493175492e-01 1.141099340236329113e-01 1.811035771460160204e-01 2.450196058629888207e-01 1.170358821915993691e-01 2.066277768412974614e-01 1.794690286602299290e-01 2.270405518928744759e-01 1.786981180279413051e-01 2.481634590398794360e-01
1.523859557353534344e-01 2.356916308955586403e-01 1.462305295587801868e-01 2.478615590984399875e-01 1.715338489610971906e-01 1.905870929762170929e-01 2.185702896383611704e-01 2.500046414040997256e-01 1.557727000414624585e-01 1.654238362117936290e-01 2.611781477417174369e-01 2.013199477270456728e-01 2.095646976486096325e-01 1.678518785982080208e-01 1.696006938175646794e-01 1.594886831580518416e-01 1.754911717249142689e-01 2.495753583056277147e-01 1.123960742605660673e-01 1.908929344073878320e-01 1.772221030474429027e-01 2.133643475600128236e-01 1.846927144573893287e-01 2.437169237827725154e-01
1.446662461772935671e-01 2.215197257616869086e-01 1.496875700203914861e-01 2.520329554539996186e-01 1.767084103801910833e-01 1.971580742358909899e-01 2.146791425667546327e-01 2.433389851022696171e-01 1.486993189821297634e-01 1.744998170724867681e-01 2.668011854308872111e-01 2.026496477838696797e-01 2.170003192215755605e-01 1.562220493298486501e-01 1.675283446740571114e-01 1.537487651391221399e-01 1.690927157009406712e-01 2.528642837445804759e-01 1.156396159761934744e-01 1.982621097944428923e-01 1.715265020987690181e-01 2.189088095606541440e-01 1.888481365172859638e-01 2.445117547388293289e-01
1.420267874254614870e-01 2.121842391048553988e-01 1.375282560751824035e-01 2.521405593786545940e-01 1.685750322141758017e-01 1.902437646975257690e-01 2.144326055375874174e-01 2.283854974732381915e-01 1.484591979044096177e-01 1.587953992920370094e-01 2.478226684985841144e-01 1.922498374889164696e-01 2.001240854111304701e-01 1.725676509489234012e-01 1.606927845474639960e-01 1.222886520734178528e-01 1.720316892459141378e-01 2.368938156058063293e-01 1.128793492903521906e-01 2.016753905795884150e-01 1.821136840310389471e-01 2.140458501920468048e-01 1.734237842954521047e-01 2.446692127830136787e-01
1.283623370053509349e-01 2.518109672521437470e-01 1.220351825003784391e-01 2.402583547487210924e-01 1.632128676528431244e-01 1.740398039105494621e-01 2.057072530073984495e-01 2.082278696301268772e-01 1.572007883453427624e-01 1.694367109104953362e-01 2.619971979283849950e-01 1.868164593477998348e-01 1.887477291916500877e-01 1.766534513347449153e-01 1.427936747892404601e-01 1.388430113910443797e-01 1.744012399832904070e-01 2.268796262769324501e-01 1.109047017436640969e-01 1.862083677955041483e-01 1.751778186149273164e-01 2.110853086687019264e-01 1.624101732166660650e-01 2.335483972931445551e-01
1.246402093682015544e-01 2.288401294903511241e-01 1.221999965753824968e-01 2.535443826204234474e-01 1.717568770122882560e-01 1.803511581573488676e-01 2.099128462076392809e-01 2.206541986118902565e-01 1.617119170512512361e-01 1.669838647719432689e-01 2.491622729088884824e-01 1.885340579035874597e-01 1.934631195814235927e-01 1.678916977804912336e-01 1.401678360215162789e-01 1.125456671637042744e-01 1.772764255146684065e-01 2.439773240275909527e-01 1.086312646063575527e-01 1.972274219498452441e-01 1.813789685456931033e-01 2.126934230837535245e-01 1.626710532832240930e-01 2.349974525206072473e-01
1.413393262154552799e-01 2.194693646810715326e-01 1.221088691420448430e-01 2.586601258229759281e-01 1.790880127637806962e-01 1.852187820389288864e-01 2.100040389289748177e-01 2.155657625949901901e-01 1.627184357747976096e-01 1.699206607620177278e-01 2.606923696624661169e-01 1.857153808791990601e-01 2.093182741570940031e-01 1.631796281649988412e-01 1.586621623931460945e-01 1.249518785411008054e-01 1.711459781835157068e-01 2.387327259214902520e-01 1.141071192528185091e-01 1.959823586489304603e-01 1.802468085083780147e-01 2.050778680545373989e-01 1.730439606411295628e-01 2.346082628315405982e-01
1.392860347525953502e-01 2.140378957573186303e-01 1.158264758749731754e-01 2.421642065690967904e-01 1.733940360534679259e-01 1.753542222677296480e-01 2.124839218341799396e-01 2.267328759797206106e-01 1.618730641770660672e-01 1.684184224884696934e-01 2.601948529739520066e-01 1.829948288704890957e-01 2.035432439538829852e-01 1.692385642994676531e-01 1.573724115849089999e-01 1.253070207631249156e-01 1.675254939819572630e-01 2.357953817494036763e-01 1.057131875565401891e-01 1.888977118995102955e-01 1.790184046880579083e-01 2.069392532964526299e-01 1.718633488797705333e-01 2.368262717238482085e-01
1.470064097450659024e-01 2.081347347612511334e-01 1.472349196060123433e-01 2.730131568288129973e-01 1.801403002107425100e-01 2.041277161049742661e-01 2.280068926925158945e-01 2.458020703746844615e-01 1.397787394513776149e-01 1.644924085147839721e-01 2.547845680379648980e-01 2.071523617459101185e-01 2.180803634425871607e-01 1.725016172565591865e-01 1.673010219573749791e-01 1.117472108869231040e-01 1.866301616131385566e-01 2.569587021559608941e-01 1.186655507629743589e-01 2.079096418234367694e-01 1.767278323816827978e-01 2.274949444888860195e-01 1.724331626891852098e-01 2.496639453007924447e-01
1.372175854297518760e-01 2.102069293305381670e-01 1.491827493516240666e-01 2.814465191038569847e-01 1.708315720452696362e-01 1.962544088427002620e-01 2.218498732640896143e-01 2.447561829645303055e-01 1.721693403995241123e-01 1.643130733431503732e-01 2.574278430434304155e-01 1.970149881650422874e-01 2.148617254412985289e-01 1.802992981266434980e-01 1.600869359275471360e-01 1.231771378065402850e-01 1.756498874545283084e-01 2.463267636856129594e-01 1.168010914264722283e-01 2.092147934943910104e-01 1.789274332966960257e-01 2.213199294390106320e-01 1.721253285289216783e-01 2.477417735759258888e-01
1.779079385476028397e-01 1.975511487152429857e-01 1.568497081939830284e-01 2.797713644965043600e-01 1.770281147674301891e-01 2.199058796137720317e-01 2.467431715362928824e-01 2.441381480877477250e-01 2.041747990384122080e-01 1.748802346053326129e-01 2.592022922350653014e-01 2.134026005394817627e-01 2.268042587410521171e-01 1.745210352092397277e-01 2.000861293834510501e-01 1.301619850844649429e-01 1.834966818958614354e-01 2.590294456478668406e-01 1.173987018104880597e-01 2.187109928280913662e-01 1.833292106760357754e-01 2.439616778419939069e-01 1.840341496709596847e-01 2.646683315323534735e-01
1.322501800033355213e-01 2.163585460006550443e-01 1.299498799504960611e-01 2.664083079484019234e-01 1.818138806229586402e-01 1.963485383446586796e-01 2.363968579058698394e-01 2.368351314673711183e-01 1.425069606657899945e-01 1.818474579572381400e-01 2.512788900235253808e-01 1.891394927453708685e-01 2.195510461979560402e-01 1.620757142168837706e-01 1.426496398459223269e-01 1.234022544192506093e-01 1.952879883501245639e-01 2.594878394618607698e-01 1.171505341341644302e-01 2.156162630587800944e-01 1.789361791029745463e-01 2.345577100142905713e-01 1.718095909308042790e-01 2.593792200743633702e-01
1.599440312204949144e-01 2.056488032822298140e-01 1.413759856898131329e-01 2.680560382396406927e-01 1.958405391613647351e-01 1.930148827475723361e-01 2.394798932028338878e-01 2.386395050358053049e-01 1.532918521760643915e-01 1.827713735131472061e-01 2.653920934447696611e-01 2.057318586147779682e-01 2.233779562402487540e-01 1.625915485805698169e-01 1.745395085071612395e-01 1.123047531018585010e-01 1.708544426033502817e-01 2.476927377075006376e-01 1.212409368875874416e-01 2.082354395887056897e-01 1.851005318864888949e-01 2.182006530477540451e-01 1.767291147734788292e-01 2.558189621672504743e-01
1.519010922796096841e-01 2.022909598466442749e-01 1.578016985294089791e-01 2.913308935636013119e-01 1.789009645024067230e-01 2.087701907276013347e-01 2.359525913094619176e-01 2.452781692833735094e-01 1.683261558972904970e-01 1.637213763245634335e-01 2.527150520260564304e-01 2.021481206695282806e-01 2.186182202211930659e-01 1.661511462781552761e-01 1.665429695529057896e-01 1.238097497776466938e-01 1.829991248132022963e-01 2.464234958148106003e-01 1.113907944637975295e-01 2.106128215679861082e-01 1.861680759582870215e-01 2.274132446624812232e-01 1.734010211213505293e-01 2.615636991063486905e-01
1.528016092729012343e-01 1.922030266093696649e-01 1.465933363412144086e-01 2.837812524125738478e-01 1.787904082110972348e-01 2.014143199005029861e-01 2.389947139327860959e-01 2.384610300545392247e-01 1.582240089611000877e-01 1.850260201373238877e-01 2.503069370640807478e-01 1.978166903571580149e-01 2.211510925954613405e-01 1.808640486209085463e-01 1.657340870285818335e-01 1.232375191627302635e-01 1.830875600177472584e-01 2.508117874749453136e-01 1.131711091304411360e-01 2.089674228839850656e-01 1.821808209995622596e-01 2.290520366918868123e-01 1.750144610061278028e-01 2.545572357597535307e-01
1.383450028311429270e-01 2.034171498775879383e-01 1.125551981917664174e-01 2.330010029641321478e-01 1.635465726160527100e-01 1.867036025331458848e-01 2.115367297518756240e-01 2.213167025182287140e-01 1.475984893331019066e-01 1.564742367064448636e-01 2.549350056737351711e-01 1.790338530924941718e-01 2.108768718266278985e-01 1.644943872653620021e-01 1.538602892369574926e-01 1.064215217831937232e-01 1.761950475426611595e-01 2.480168049724809642e-01 1.120908431293668600e-01 1.915353541160671746e-01 1.680025429770666268e-01 1.972609643036626614e-01 1.681496183521397347e-01 2.348144427829211567e-01
1.559165548808971458e-01 1.919437065032553180e-01 1.265589062045116842e-01 2.699983655944264704e-01 1.919846198445166463e-01 1.868452666408724760e-01 2.318790375408406323e-01 2.355152750724764377e-01 1.557122740620585089e-01 1.672083144597463766e-01 2.429095058691891629e-01 1.919311192015826506e-01 2.165752586939382884e-01 1.669996673020777700e-01 1.679145700238575956e-01 1.276097773513880096e-01 1.845975518528952808e-01 2.457759423777750307e-01 1.285316076408307140e-01 2.082970368140685813e-01 1.753315637701066410e-01 2.145484306799233798e-01 1.695968848077111235e-01 2.427734589336340565e-01
1.561417476950887895e-01 1.962492811733968501e-01 1.293449769917181247e-01 2.844027736567082409e-01 1.888315388593046762e-01 1.919551292039799462e-01 2.300818288931237021e-01 2.336049926508111385e-01 1.775610055586920033e-01 1.726692505134137523e-01 2.539415383609286425e-01 1.899415064049168600e-01 2.180266509603674130e-01 1.743247248178969311e-01 1.694031437579419097e-01 1.277530559088939088e-01 1.801914389528621041e-01 2.497059971261417488e-01 1.094279398429412326e-01 2.080672984187253438e-01 1.767817424830536166e-01 2.138216546240338800e-01 1.733734741622740272e-01 2.444473611832038151e-01
1.637785660516911934e-01 1.912557287744976187e-01 1.341129727436121133e-01 2.908928198291285128e-01 1.755267906661685806e-01 2.191291338961549040e-01 2.448762349104045832e-01 2.407936226292088366e-01 1.542997907348133968e-01 1.865553678545866234e-01 2.564243019359963016e-01 1.967154716544836368e-01 2.217141275904473685e-01 1.613280731509872112e-01 1.780505094794097021e-01 1.265999833837541944e-01 1.803679499357589144e-01 2.545794455242402221e-01 1.161181616824003698e-01 2.129389657321271723e-01 1.761719109382988979e-01 2.339347423515157343e-01 1.739202665382498236e-01 2.519306844361789421e-01
1.549728560732334115e-01 2.113028342199530507e-01 1.480147212210965735e-01 2.747734532318236722e-01 1.897378828982060617e-01 2.200366840855447204e-01 2.249992060916258252e-01 2.377939330278298069e-01 1.504702139678147921e-01 1.713483372711117891e-01 2.668352729489414377e-01 1.980584284862872690e-01 2.174486843001661729e-01 1.821952397973641002e-01 1.718487426380602145e-01 1.457535683194583764e-01 1.650777625880811839e-01 2.567521832406090554e-01 1.132821216242272805e-01 1.933726447234629942e-01 1.864647772938404224e-01 2.310346761505498447e-01 1.831393295765560980e-01 2.626098511204736363e-01
1.620598587998352269e-01 2.208607229062139465e-01 1.503711665685439902e-01 2.765008060301745729e-01 1.892032782645758082e-01 2.073101947084012298e-01 2.244404422608701211e-01 2.384901785582607681e-01 1.639084053339567026e-01 1.698224126363000741e-01 2.688834871148772510e-01 2.073536471272532378e-01 2.307607641979181334e-01 2.016557265404007593e-01 1.844475589280818728e-01 1.153225131215122323e-01 1.835685604582010799e-01 2.464159487614402955e-01 1.196948456443329284e-01 2.140129027438033849e-01 1.836750039691816272e-01 2.273455636399513979e-01 1.809046133701792958e-01 2.508245361372939408e-01
