1.859220902000386644e-01 6.406933645458852411e-02 3.660756799148531110e-02 3.291176043029510334e-02 2.417907737014166336e-01 2.860129504341008683e-02 1.555081355028007373e-01 9.544941100532515488e-02 1.365270935960591070e-01 4.397417299542054347e-02 9.730107903021822935e-02 5.381864328564835848e-02 1.150098989267479416e-01 2.873980317589340180e-02 1.877470355731225282e-01 2.800581128612937842e-01 5.476143671543710900e-02 9.045117261550127130e-02 8.467669596863067194e-02 1.166346030524560706e-01 1.266546406158693128e-01 7.770585331065883727e-02 2.599851782510336218e-01 1.231408799834744910e-01
1.855555792481395350e-01 7.239794092548242077e-02 3.623269629546600756e-02 3.911162388231900766e-02 2.403260496303927518e-01 2.830846060042970652e-02 1.563416111447607504e-01 8.789507983056370211e-02 1.316541932917277835e-01 4.292138669095463266e-02 9.889991950630533379e-02 5.702875858304363998e-02 1.193302576330931564e-01 2.911465892597967994e-02 1.897910092026570683e-01 3.197922488651389616e-01 5.431058691378826131e-02 9.090170372978682856e-02 7.881773399014778414e-02 1.162701063775116866e-01 1.263950892857142738e-01 7.778996435426377420e-02 2.630558302790544367e-01 1.242170382781286192e-01
1.720325134234597375e-01 8.372382783932393047e-02 3.001553014259494487e-02 3.821490467937608410e-02 2.233273743866722449e-01 2.664375982761632913e-02 1.338191537646880869e-01 9.005790983384748261e-02 1.333266976883071553e-01 4.218411758003873940e-02 1.009608950509889996e-01 4.592592592592592560e-02 1.215629522431259102e-01 2.872077827791491220e-02 1.776145012979013504e-01 3.330799752653818557e-01 5.493301878844047276e-02 9.040390349688262606e-02 6.534053134058452617e-02 1.173839271942002105e-01 1.247206987609181389e-01 7.108860479273894362e-02 2.583270505905778114e-01 1.225377268138637954e-01
1.735493658084362179e-01 6.234281562622254191e-02 3.045599390880121896e-02 3.209194064591213563e-02 2.161839355031352772e-01 2.641311628177873613e-02 1.249713776873171284e-01 8.880455407969639614e-02 1.259915421765132881e-01 4.320250284414106634e-02 9.541294311401495032e-02 4.411679002272859973e-02 1.121050428960033429e-01 2.772127622479223646e-02 1.759384696062579190e-01 2.702330048955816078e-01 5.427816505509332201e-02 9.076135532623709479e-02 8.503932972917574440e-02 1.152131584341053450e-01 1.224905218696725334e-01 6.791256465876856219e-02 2.498973024784335306e-01 1.192793915323313303e-01
1.713218063208562791e-01 7.610095640020826668e-02 2.894781477921637425e-02 3.529616320853135730e-02 2.160008010413537460e-01 2.689878023929434536e-02 1.255453223460979151e-01 8.462754073347501793e-02 1.332223767885532539e-01 4.252834273343587823e-02 9.798487987301245095e-02 4.377094565059012204e-02 1.163057059558517264e-01 2.832902344771479064e-02 1.746926117626504127e-01 3.293940417132022458e-01 5.393934283385333484e-02 9.003686036426712669e-02 7.267663364775743540e-02 1.164093209670374884e-01 1.230565999390305920e-01 6.873071899057836553e-02 2.538589179594041845e-01 1.208366812679816521e-01
1.715269853345167128e-01 6.120622132706724644e-02 3.113728584310189451e-02 3.609993341632168617e-02 2.171272034302048626e-01 2.546323272345880559e-02 1.258446375044454668e-01 8.849845453066536305e-02 1.306550131598550046e-01 4.350052633076332415e-02 9.452010376134889480e-02 4.261902676825174430e-02 1.120008373894384318e-01 2.857557717438652389e-02 1.806752795570513437e-01 2.604654154806130273e-01 5.374803326590245345e-02 8.959631536169060384e-02 8.369082175242106847e-02 1.149228130360205880e-01 1.234677788515334967e-01 6.848896056949001221e-02 2.503127443315090184e-01 1.191130705394190803e-01
1.764474609940818728e-01 6.421583656177708155e-02 3.101845330328215078e-02 3.774348303566267548e-02 2.197354043084608077e-01 2.704827345251266391e-02 1.291839417534634549e-01 8.770691994572592243e-02 1.300173654180104277e-01 4.302666401069975277e-02 9.536527463040897490e-02 4.857093265447812863e-02 1.131637312459230216e-01 2.809494755803480792e-02 1.823253643325343232e-01 2.953077184631077712e-01 5.373897409966851835e-02 9.026385653139730458e-02 8.309367296631059441e-02 1.152692692179529965e-01 1.234887737478411046e-01 6.891764313877936365e-02 2.499469224682017432e-01 1.192365541206368978e-01
1.684590860786397415e-01 6.936912008854455303e-02 2.764259846084201125e-02 3.698135029637125704e-02 2.045262485314425782e-01 2.486155639755173452e-02 1.162357325879338488e-01 8.579905817023708581e-02 1.336335964760325679e-01 4.302421534871809367e-02 9.534607493791166788e-02 3.963066099956030763e-02 1.110732359650732914e-01 2.825613474662407379e-02 1.691496170738705229e-01 2.969520587223305474e-01 5.381783435910406782e-02 8.893650492283490527e-02 7.776594916002388391e-02 1.143780788177339858e-01 1.226934693773953644e-01 6.588045054087209029e-02 2.517877963466770286e-01 1.181905478705457951e-01
1.704862579281183899e-01 5.255263753678967448e-02 2.913361375377579443e-02 3.003966402239850730e-02 2.073939567053638966e-01 2.525267235604229318e-02 1.164064710269797631e-01 8.379675062697633514e-02 1.255150712983542638e-01 4.299453676303209571e-02 9.108679716558520933e-02 3.908470305587295746e-02 1.096012358285549659e-01 2.706552706552706536e-02 1.749525533910691322e-01 1.920345603029944281e-01 5.363866254565888975e-02 8.910998454740153008e-02 9.036403653014242476e-02 1.136811401376557618e-01 1.213123934125792253e-01 6.478071643789755363e-02 2.389958527838438873e-01 1.166931306452872463e-01
1.707347786849119642e-01 2.704441130894950571e-02 3.220005619556055160e-02 2.700567616595470760e-02 2.065141232758793133e-01 2.551169164382762963e-02 1.202875277204251692e-01 8.208139852499317379e-02 1.264441750575196199e-01 4.467529518619436923e-02 8.206369286617898329e-02 3.792456150642341955e-02 1.075021557918942189e-01 2.754716981132075346e-02 1.703210307927495171e-01 4.746366876885110830e-02 5.265673320213663106e-02 8.947667650323523625e-02 1.066333462732919207e-01 1.130891654764333842e-01 1.209763811661480337e-01 6.509733920901433768e-02 2.168524880392859455e-01 1.145129743121658661e-01
1.718583516139141343e-01 2.698036461533959499e-02 3.261144349877812681e-02 2.414877052792385043e-02 2.084254996911181490e-01 2.586960321622094189e-02 1.196524575126761275e-01 7.976216571679088652e-02 1.284113902186250766e-01 4.435037077023609720e-02 8.139758638700277105e-02 3.937353629976581004e-02 1.082579363004027018e-01 2.741832530609876473e-02 1.735640886965927610e-01 4.224843858431644866e-02 5.264785248482122676e-02 8.952355170546832941e-02 1.068121212121212055e-01 1.131536676780296319e-01 1.205036886288476244e-01 6.575243192017170279e-02 2.169309937573814795e-01 1.147852824682092931e-01
1.777938442470563818e-01 4.866588831620013295e-02 2.953050450297846005e-02 3.249716594483039594e-02 2.112465340807085368e-01 2.568882157628007284e-02 1.230577524603921336e-01 7.862333744686686443e-02 1.309738003105513637e-01 4.343126937626212020e-02 8.979203479679216671e-02 4.313462435837610992e-02 1.152714698596201542e-01 2.785685237901586175e-02 1.774207461720940238e-01 2.253415512921337904e-01 5.435545942301749783e-02 9.066565686619242059e-02 8.898016783005317787e-02 1.132789526171785049e-01 1.206821942217131266e-01 6.387437480790186806e-02 2.419916914413970943e-01 1.160279924035484828e-01
1.786573896159058261e-01 1.766135245658744662e-02 2.567659381723474271e-02 2.657146201568535634e-02 1.961518884251247097e-01 2.384492056551523048e-02 1.117886178861788593e-01 7.264992679760227945e-02 1.373745136654017929e-01 4.416484421596750948e-02 7.382643435800688436e-02 3.876626224236223023e-02 1.073856613102595753e-01 2.770919864068082175e-02 1.671498206961712640e-01 1.031548829154431135e-01 5.237573407513557849e-02 8.848291866803389971e-02 1.197594984091334414e-01 1.107882125012746022e-01 1.140620202640466735e-01 6.300773289411239209e-02 2.112898917041694802e-01 1.072365659109991570e-01
1.721128890523777322e-01 5.377043615998190057e-02 2.459528543027549030e-02 3.385847332230829815e-02 1.986787984544434726e-01 2.458012596221133619e-02 1.097064994948579175e-01 7.785006450904499720e-02 1.295235744260676281e-01 4.329779673063255396e-02 8.873627122339411422e-02 3.978585846765936296e-02 1.228702739760810514e-01 2.725183957188145184e-02 1.689547749489741235e-01 2.934979544126242179e-01 5.294365603484614546e-02 8.975572808180268258e-02 8.324390617813889892e-02 1.134416165750095906e-01 1.187857233583132222e-01 6.569302377435268236e-02 2.393731256650865891e-01 1.133889033602500651e-01
1.791087784295564422e-01 4.346203530931534720e-02 2.360393114809975629e-02 3.035776716000466308e-02 1.819805858677170096e-01 2.365101611772950363e-02 9.525571560724196973e-02 8.256505373411161808e-02 1.278063927840895064e-01 4.379831741700773023e-02 8.352986343443206951e-02 3.775022714616489000e-02 1.078559140906010516e-01 2.710011340176208747e-02 1.751290877796901901e-01 2.011358913977005225e-01 5.243035056647268877e-02 8.780818206448116892e-02 9.403675459432428441e-02 1.112615258869505269e-01 1.178425357873210677e-01 6.058823529411764414e-02 2.278115470829378542e-01 1.109050541987723626e-01
1.779811219652940868e-01 4.327116212338594226e-02 2.336687702541360989e-02 3.138817779846404810e-02 1.776707883518208186e-01 2.329178949826333014e-02 9.779770539364367188e-02 7.566377768606410981e-02 1.250278914094458960e-01 4.385291357392714223e-02 8.372832132387188209e-02 3.802581891630807398e-02 1.075069750462830237e-01 2.704038612508359238e-02 1.775522464918679877e-01 1.984010474527852785e-01 5.355636772561146730e-02 8.866621530128639128e-02 9.186607656339859651e-02 1.118632810504266023e-01 1.178287055941200506e-01 6.024332810047095671e-02 2.271642877360397772e-01 1.107047698657332435e-01
1.727052389534522447e-01 5.924616204990036661e-02 3.226169697652159218e-02 3.512941653865105096e-02 2.218870421548402028e-01 2.645518044237485378e-02 1.302224906876069677e-01 8.567851505089543740e-02 1.316551570505680446e-01 4.362177389522806786e-02 9.367814537290015953e-02 4.598902534622419797e-02 1.130741127348642988e-01 2.809168288644220413e-02 1.746905089408528067e-01 2.600208183201216938e-01 5.368882395909423122e-02 9.035458685751464325e-02 8.412483039348711555e-02 1.134908028897883836e-01 1.229649541005223973e-01 6.836989725076367264e-02 2.476686143249622607e-01 1.190432955459285597e-01
1.740926466357022584e-01 5.026139334015228971e-02 3.267808431058241009e-02 3.326560232220609342e-02 2.195216123863394930e-01 2.640850196535158081e-02 1.308354888124356463e-01 8.345829811598549919e-02 1.344843700041811196e-01 4.415776312798363329e-02 9.111889440960060926e-02 4.883405091455485930e-02 1.126440978561368683e-01 2.742193173565722619e-02 1.776800997442995744e-01 2.072607762305515022e-01 5.421043761586427645e-02 9.038003464703334155e-02 9.054493235583099819e-02 1.145910566819216131e-01 1.225924328165046845e-01 6.814835393804695440e-02 2.414238721804511378e-01 1.177540940992981566e-01
1.687951623114371247e-01 7.702828382296623977e-02 3.524426859724443667e-02 3.643525356967011047e-02 2.283227255709472103e-01 2.757096323871568305e-02 1.472248353715898406e-01 8.921257493151056595e-02 1.352587363921061714e-01 4.483170343415965320e-02 1.017085319479406613e-01 4.750552389812769116e-02 1.213188634774275410e-01 2.934006616750827259e-02 1.849728892331525820e-01 3.061007652878084961e-01 5.435790775457433055e-02 9.100021673168617875e-02 7.462960054447410896e-02 1.183731075186040538e-01 1.262834977055497798e-01 7.069027627677557102e-02 2.637275248753806478e-01 1.249418694776003730e-01
1.728919704764034782e-01 7.606190319394139088e-02 2.691294370945352538e-02 3.686889133075010178e-02 2.206236408822615791e-01 2.577019393162890970e-02 1.292168979839935228e-01 8.793444935833084897e-02 1.283346250968822599e-01 4.313044468484882737e-02 9.966732843268766295e-02 5.512395750028561969e-02 1.211158465710964749e-01 2.869423791821561209e-02 1.759408574001549708e-01 3.406507347992608903e-01 5.431363738485733839e-02 9.060620835364863179e-02 7.186163092832209554e-02 1.162217025978364154e-01 1.228897338403041883e-01 7.396074539640533352e-02 2.513594706620527197e-01 1.222414819030864380e-01
1.808590180277477866e-01 6.456372849267776048e-02 3.000987166831194444e-02 3.481462156129518787e-02 2.088581457774106864e-01 2.665114925807390150e-02 1.216840268869618796e-01 8.520594156374122763e-02 1.316976456009913143e-01 4.325431831763466850e-02 9.452776651803809771e-02 5.094220019593154181e-02 1.115528470169748626e-01 2.734670154024992569e-02 1.872727272727272851e-01 2.956127748922532938e-01 5.317295261649148536e-02 8.850830528715665502e-02 8.382926328750256451e-02 1.136480246280143630e-01 1.211547320468853994e-01 6.830434057689101224e-02 2.515901751639103567e-01 1.181067493292349418e-01
1.814747906060108495e-01 7.379911463059199428e-02 3.684534467323186818e-02 4.009685509209881538e-02 2.298808887531495759e-01 2.741358760429082192e-02 1.429880162424482515e-01 8.976130483080008160e-02 1.334772575001861028e-01 4.293029871977240702e-02 9.835361104396637966e-02 5.990258353035007172e-02 1.178284529670899222e-01 2.825317630678192415e-02 1.864242117045766534e-01 3.368098235681205588e-01 5.456638957537632284e-02 9.117479905821222752e-02 7.407504248921427392e-02 1.159476117103235698e-01 1.253778353526886769e-01 7.277553503290383474e-02 2.579420350689740626e-01 1.228315467868054539e-01
1.810320036152992806e-01 7.278733654507914264e-02 3.565622021640410533e-02 3.970473746431763679e-02 2.296781860349222659e-01 2.778262133100842940e-02 1.417359990065814035e-01 9.142733634128549780e-02 1.380328110780431328e-01 4.306369898104400046e-02 9.840425531914893942e-02 5.916079527626436768e-02 1.183484098390399364e-01 2.865096856513165563e-02 1.852618680413242458e-01 3.372515468263710403e-01 5.435393258426966107e-02 9.152680021656740827e-02 7.384076533012702559e-02 1.153204058045460417e-01 1.254439370877727111e-01 7.358709463565549225e-02 2.567714804549364183e-01 1.232178435583615866e-01
1.819743703763593012e-01 4.226079472098694806e-02 2.469800941416662107e-02 2.902359261854706857e-02 2.199928744210467024e-01 2.371437738820990002e-02 1.196186883490938796e-01 7.971985883511613358e-02 1.336869637488083407e-01 4.312354312354312047e-02 8.623042078262292687e-02 4.932129299436328190e-02 1.086002403469355782e-01 2.602425053066209290e-02 1.737793890054908919e-01 1.817054074390417606e-01 5.258722400134838854e-02 8.862165163457111361e-02 9.711856867493698364e-02 1.125700683406281183e-01 1.193131527704018452e-01 7.109422325017897282e-02 2.341308448327211467e-01 1.164443983187172377e-01
1.666631286220731645e-01 7.708504238446814427e-02 2.198021495566895855e-02 3.773475874024848076e-02 1.984004343468092346e-01 2.441443280926406528e-02 1.057437485240481784e-01 8.089942897735034888e-02 1.271073591115801094e-01 4.272579772850189361e-02 9.600366241180589844e-02 4.026767189737295860e-02 1.149266564185404266e-01 2.739805712291315185e-02 1.659513274336283095e-01 3.303738623715052891e-01 5.364975818243167272e-02 8.836868261684273362e-02 6.633639759451082085e-02 1.142416452442159419e-01 1.211660714737988476e-01 6.344242153468111767e-02 2.513374129238348242e-01 1.177705767984445900e-01
1.667909573221400821e-01 7.963756447695204133e-02 2.097602739726027454e-02 3.499826167574458108e-02 1.969681041189209614e-01 2.413471079203875422e-02 1.025113974754262580e-01 8.549377683569758801e-02 1.257640163996277261e-01 4.264471285323610111e-02 9.698519515477792285e-02 3.927483598875351756e-02 1.151452011980726720e-01 2.667325983885511509e-02 1.664237445342520161e-01 3.299218995701855284e-01 5.301943577194610790e-02 8.806039047438020406e-02 6.419143228959180159e-02 1.134062997790452748e-01 1.209075025953966487e-01 6.305853440571938806e-02 2.499614286816323472e-01 1.179034769071094918e-01
1.757162173582354492e-01 7.552033345216223326e-02 2.813675310352628522e-02 3.681318681318681424e-02 2.184623186144484253e-01 2.663677913306745221e-02 1.308101265822784742e-01 8.718213431862638363e-02 1.300064841139209060e-01 4.323201275045537167e-02 9.892086330935251359e-02 4.780253208563896294e-02 1.185112126245847219e-01 2.808515581888414506e-02 1.801656495204882191e-01 3.294587250198280914e-01 5.450256928649650084e-02 8.994551221231261717e-02 7.286122545292467167e-02 1.172936192065733713e-01 1.231728016618954674e-01 7.269562334217506694e-02 2.582427067150008804e-01 1.212990234072236911e-01
1.701943388255175438e-01 3.523412146499767944e-02 3.324348607367474950e-02 3.060689092287063526e-02 1.937994278983678209e-01 2.600238767725591982e-02 1.136580706781279843e-01 8.329690744180963391e-02 1.356689453125000111e-01 4.481768835081138130e-02 8.553999343473027428e-02 4.266993549893471210e-02 1.119618720212516572e-01 2.862362971985383739e-02 1.723050647047231210e-01 9.642857142857143293e-02 5.312420946116873377e-02 9.063868909199070123e-02 1.032665964172813505e-01 1.145607271427477175e-01 1.214302120817701558e-01 6.291613047613718590e-02 2.229142797625247308e-01 1.149146169512768323e-01
1.712448735475051165e-01 6.029642937345609799e-02 3.160887187570367296e-02 3.780346820809248748e-02 1.923044539866969882e-01 2.621613748907660954e-02 1.123429224218506634e-01 8.548848616977790249e-02 1.333547478441353129e-01 4.438820485113885439e-02 9.190508474576271347e-02 4.505421038862889721e-02 1.137584067566863033e-01 2.941005690396004957e-02 1.713527614885504702e-01 2.455301734259165980e-01 5.355787342910961479e-02 9.032310483980174332e-02 9.113504556752279051e-02 1.159442526531134082e-01 1.232070520496293120e-01 6.161695447409733239e-02 2.451511410251304424e-01 1.186207254963101559e-01
