6.911540362261232584e-01 6.531505169578909475e-01 6.034506904181721199e-01 4.763773804332024908e-01 6.008899382491826868e-01 4.337233949882400852e-01 8.020563059240040094e-01 7.870206013662525146e-01 7.316009852216748266e-01 7.032169980373752516e-01 8.353469849043403395e-01 7.363001845869866502e-01 8.308325518391164177e-01 4.986501001538595768e-01 6.923284225655766955e-01 4.739868481419177160e-01 7.512145805835603873e-01 8.463413313112712055e-01 6.261052307850021315e-01 8.453251250480954271e-01 8.234203104753677893e-01 7.612869603379230909e-01 6.379787814962165626e-01 8.378950630035116864e-01
6.851184510736294531e-01 7.070773804608142532e-01 5.965364568738440454e-01 5.629074127487742052e-01 5.979685156066438800e-01 4.376923523604900890e-01 8.013567534827377159e-01 7.699576409253828801e-01 7.048907232899873643e-01 6.966186599874765184e-01 8.418567212235041897e-01 7.578360674576952727e-01 8.316313306723343013e-01 5.023222060957910351e-01 6.860282921016044311e-01 4.506454735062775385e-01 7.522044369559112154e-01 8.459329884341395545e-01 5.963183821623022629e-01 8.444421604398992809e-01 8.232548701298700866e-01 7.618316424458458913e-01 6.361432699206857055e-01 8.383039051424152621e-01
6.817631953139922096e-01 7.570085863647444402e-01 5.199209374558803054e-01 5.366551126516464487e-01 6.292077136662735937e-01 4.270572476850503785e-01 8.321902264360280244e-01 7.762353195865129285e-01 7.419314703759922747e-01 6.923208385553150102e-01 8.444099462005835166e-01 6.824691358024691512e-01 8.263386396526772870e-01 4.981559459851894744e-01 6.851819261736108446e-01 4.262212717716170052e-01 7.517061252001010496e-01 8.458660883708322142e-01 5.111028375395579859e-01 8.468815877423003791e-01 8.257160268129190017e-01 7.590901544081022356e-01 6.359295559550736110e-01 8.425439391194057270e-01
6.779318191395221627e-01 6.591125020957916414e-01 5.288344942331011378e-01 4.673843468140820301e-01 6.586045585746989062e-01 4.199889338652843529e-01 8.384175041343340240e-01 7.613174301978855585e-01 7.057027750669369048e-01 7.029863481228668665e-01 8.257512351845351928e-01 6.589544845270703943e-01 8.285206110064866625e-01 4.875341430813041055e-01 6.802429751343792574e-01 4.352419904567143560e-01 7.453901506633685559e-01 8.451558733512093413e-01 6.118271029234672032e-01 8.448452551752407835e-01 8.255515126841556084e-01 7.444240502808832094e-01 6.441188552649596000e-01 8.409261999325078341e-01
6.769480862203643978e-01 7.299608122550765854e-01 5.046644428111042302e-01 5.095340210965573213e-01 6.625613297286472303e-01 4.161159791563564525e-01 8.398346812256040073e-01 7.560623399269794653e-01 7.442368839427663252e-01 6.961772916310602355e-01 8.362883047701040740e-01 6.572927291272038230e-01 8.296803415243648727e-01 4.923438998169509251e-01 6.813863591692327359e-01 4.293784577023973537e-01 7.505410799111785769e-01 8.472463139635733054e-01 5.481489266664915094e-01 8.457210389743853307e-01 8.245859160654405162e-01 7.480614768905811118e-01 6.366056957629080415e-01 8.424353956610767247e-01
6.792400997421917941e-01 6.505259035470515316e-01 5.319544634806131489e-01 5.112758011753466558e-01 6.567611561060822112e-01 4.077030649108495663e-01 8.380836254635980476e-01 7.700233176075049757e-01 7.270447435069772313e-01 7.072747446584539688e-01 8.287667531344574678e-01 6.454155355109904013e-01 8.307426597582038275e-01 4.947001597212138946e-01 6.765823471935729083e-01 4.363390746369469886e-01 7.481737469094178472e-01 8.476564616635058336e-01 6.130134347144802209e-01 8.442436189549679115e-01 8.254920909414577013e-01 7.453423057671987317e-01 6.435105551211883768e-01 8.406639004149377703e-01
6.657699788933493235e-01 6.712840380166671395e-01 5.335117622200309384e-01 5.358649789029535926e-01 6.455861692163596954e-01 4.230769230769230727e-01 8.348417433511983177e-01 7.715603799185888345e-01 7.255519722153311868e-01 6.956831052047466324e-01 8.348980252508902966e-01 6.981601481138625109e-01 8.299543378995434262e-01 4.944652662773468266e-01 6.665535308966716865e-01 4.363311798707922295e-01 7.502387774594078129e-01 8.463184699571978387e-01 6.087458915365653311e-01 8.448722220798196014e-01 8.235548105252463724e-01 7.485144665963237021e-01 6.356758217366967889e-01 8.396608059747938668e-01
6.823166843783209368e-01 6.958771444382955140e-01 4.844103666817564657e-01 5.356368367789504648e-01 6.819259228723952848e-01 4.066452929175167763e-01 8.483577917540181534e-01 7.457604050412390828e-01 7.650770867875967829e-01 6.995134166121276253e-01 8.331713637836086761e-01 6.130441154917192215e-01 8.274116999239583548e-01 4.903150863946565963e-01 6.822044185481913603e-01 4.530622777841495363e-01 7.487845319394093035e-01 8.456969269576066761e-01 5.820372341806662186e-01 8.455972906403941280e-01 8.241325921977714630e-01 7.413014386082301677e-01 6.402059852312476096e-01 8.412706651786873158e-01
6.782452431289640593e-01 6.061523658591804198e-01 5.111086017559213213e-01 4.384624358376108533e-01 6.750249933691061521e-01 4.117612792357207563e-01 8.463774079884777146e-01 7.390960636789881688e-01 7.042679119946058108e-01 7.018836785795583566e-01 8.273287541063719663e-01 6.153057337903958812e-01 8.287120676563768384e-01 4.860166288737717277e-01 6.754870094456927321e-01 3.676174695230204903e-01 7.511379601011519691e-01 8.465041884674817663e-01 6.240481671684080522e-01 8.428472737507356483e-01 8.243184768498486026e-01 7.387010378305992608e-01 6.596077174283252464e-01 8.416846708488429085e-01
6.786156526119168086e-01 3.742946525158611926e-01 5.516437201461084072e-01 4.090057932003042795e-01 6.623225832282345626e-01 4.084786284914572185e-01 8.402793709056612936e-01 7.438131658016935432e-01 7.012444026619826243e-01 7.227520435967302870e-01 7.888179968098564254e-01 5.976418138088813725e-01 8.247667825132614094e-01 4.844121915820028823e-01 6.808691854116619702e-01 2.141211955031532832e-01 7.463874051166713430e-01 8.460080677911038238e-01 6.678231754658384700e-01 8.411803713527851167e-01 8.234198847115237196e-01 7.412283148323757231e-01 6.889160537020254660e-01 8.372147607249967871e-01
6.748563668651414993e-01 3.570069938255348019e-01 5.604336956827055127e-01 3.710155997532242345e-01 6.593132859050238048e-01 4.099807725922041679e-01 8.402935256197926472e-01 7.367382726874177612e-01 7.067561565414794966e-01 7.150893542063243569e-01 7.849740220468978125e-01 6.146370023419204243e-01 8.256890330003661127e-01 4.928915452910114237e-01 6.823147647376960334e-01 2.185149201943095143e-01 7.487069934787496939e-01 8.465619924201407409e-01 6.691393939393939228e-01 8.405191096606410284e-01 8.229203764945306476e-01 7.449619533405803518e-01 6.894719082166357316e-01 8.370335626433187404e-01
6.706672175170419470e-01 5.952957257168892680e-01 5.073826261257445847e-01 4.837368834113304206e-01 6.599708763040833537e-01 4.071765596784528429e-01 8.384151768684993122e-01 7.405183052241876007e-01 7.234121213614965740e-01 7.008731761426661988e-01 8.205246703819492060e-01 6.516857209519365535e-01 8.338924442609413346e-01 4.902689827455992688e-01 6.792969592408885093e-01 3.994184026190171211e-01 7.523525941739936940e-01 8.484758324091855597e-01 6.130080891061663317e-01 8.423044467742347718e-01 8.244368079419626127e-01 7.277934560898600136e-01 6.490519974011144111e-01 8.394859387601134593e-01
6.604842135070083664e-01 2.822556747466366533e-01 4.649246970897972786e-01 4.038979281282921718e-01 6.736231293902066319e-01 3.934411893310013064e-01 8.457342801276114264e-01 6.990690864893235323e-01 7.343772515490657460e-01 7.182538555482973486e-01 7.578792586838308809e-01 6.110510159333431002e-01 8.255562422744128215e-01 4.790728746115193726e-01 6.735167171294208499e-01 2.597444971513189205e-01 7.508499817359296502e-01 8.442981272599708875e-01 6.549925135691558875e-01 8.398083001937391989e-01 8.206938900828983918e-01 7.358253538427179663e-01 6.729753611573474625e-01 8.329659949622165716e-01
6.637238673287965129e-01 6.354302200599649675e-01 4.345356432831581905e-01 4.986508834537383694e-01 6.872948606090821810e-01 4.009213902495917803e-01 8.498821335129393972e-01 7.419638200334898182e-01 7.236484818563317933e-01 7.029708599857853457e-01 8.157686752241571915e-01 6.112395050171137711e-01 8.245689764619251738e-01 4.807899252537591317e-01 6.750456547427220455e-01 4.387346580946814845e-01 7.488829563018125635e-01 8.480536694890037364e-01 5.730747611017426024e-01 8.422048855352346486e-01 8.213387526990981735e-01 7.419939240224086019e-01 6.373415884686078892e-01 8.397238864287575044e-01
6.643408459401050070e-01 5.541840103344337631e-01 4.239050161904220904e-01 4.515790700384570422e-01 7.121026237059038255e-01 3.833508526045316667e-01 8.542354962336461410e-01 7.320113468986961802e-01 7.271853513073909259e-01 7.098965438835834751e-01 7.961662918883343210e-01 6.013071895424836333e-01 8.311525830162123096e-01 4.756186211508824924e-01 6.717082616179002041e-01 3.438347218649199788e-01 7.440330606392847601e-01 8.441343809265781095e-01 6.200025003125391176e-01 8.411534826696636102e-01 8.250255623721881593e-01 7.269187675070027943e-01 6.650376623114360175e-01 8.409559879848504949e-01
6.635134578129507910e-01 5.587087517934002934e-01 4.205185058843595169e-01 4.716953688619967555e-01 7.016267577255085319e-01 3.870289833921952138e-01 8.544903072662534127e-01 7.084881001513275711e-01 7.045246064212222770e-01 7.022722748343429577e-01 7.990629880270692098e-01 6.044319545680747474e-01 8.312951422387943046e-01 4.749222225452853774e-01 6.733467793846286131e-01 3.423662910649103441e-01 7.488051728985100075e-01 8.461746784021665357e-01 6.202835496211837052e-01 8.424870995759464742e-01 8.245457329522254408e-01 7.233124018838305025e-01 6.661477497877158482e-01 8.420928896086933291e-01
6.677645889006277313e-01 6.488170413404058534e-01 5.501379426834074327e-01 5.143908872206602867e-01 6.439025339613093646e-01 4.172875436554132622e-01 8.314456860968488794e-01 7.539056121060366822e-01 7.190911116061483588e-01 6.986882167145661571e-01 8.277923553439554549e-01 6.814447057457247992e-01 8.320459290187891543e-01 4.933038956511634487e-01 6.783012379642365808e-01 4.246617022980222478e-01 7.468393549474630078e-01 8.445836044242029939e-01 6.243823762832493296e-01 8.438796946251985176e-01 8.226150022822944496e-01 7.460983060261038302e-01 6.376388190225592556e-01 8.393732651949467050e-01
6.664474495458094783e-01 5.985339243095806339e-01 5.540650749458646551e-01 4.970391872278664969e-01 6.387188941871464465e-01 4.107730382879604125e-01 8.301398759448531672e-01 7.562505112195654355e-01 7.361223837280799209e-01 7.133155262559672805e-01 8.219706225733757199e-01 7.048573987921519235e-01 8.293516248500338861e-01 4.882207697893972131e-01 6.716891020899812270e-01 3.767358802408860563e-01 7.547890567945620965e-01 8.470387613685578243e-01 6.367873428564230220e-01 8.424820392196967767e-01 8.242444235795670648e-01 7.419363800527850605e-01 6.443843984962406291e-01 8.399272160124772180e-01
6.974043268496081804e-01 7.334919853383664590e-01 5.880124589611920305e-01 5.208677267066353922e-01 6.193373268438786550e-01 4.357259190321079445e-01 8.180670396593553440e-01 7.678140342311552402e-01 7.438236317542377130e-01 7.098589947691608115e-01 8.403674147073001421e-01 6.928421909524363764e-01 8.314900670828044849e-01 5.028150211852109308e-01 6.816200066393715007e-01 4.742630694789438106e-01 7.481379465414992325e-01 8.465268747290853879e-01 5.933720747604837031e-01 8.445470875032076163e-01 8.234667748396420350e-01 7.459195832294177597e-01 6.377601489613438090e-01 8.401281455071565318e-01
6.550903804314673895e-01 7.292009658654373672e-01 4.680019264001812895e-01 5.295818633971429712e-01 6.423772910841876183e-01 4.021023819230097329e-01 8.360601762739336973e-01 7.718208210109341882e-01 7.035777683326249754e-01 6.914820930364972140e-01 8.410956699039544571e-01 7.254369930309607639e-01 8.315898230659950485e-01 4.841136152416357086e-01 6.606630505350897797e-01 4.047208252266803474e-01 7.473882273646371699e-01 8.469310363508315564e-01 5.504579932285241783e-01 8.438985533314490306e-01 8.256273764258554859e-01 7.632318888521336664e-01 6.265733733885994194e-01 8.421338576565855494e-01
6.640981972252222310e-01 6.723369898101230202e-01 5.192497532082922529e-01 5.138707713714235625e-01 6.831509395003096952e-01 4.236252545824847338e-01 8.420390989789111602e-01 7.580390663256978412e-01 7.504337050805451881e-01 6.983580433112318575e-01 8.290501283610323124e-01 7.189823085345473652e-01 8.306698401904114570e-01 4.893054344667248090e-01 6.705240641711229799e-01 4.186650458614211701e-01 7.505761340003372917e-01 8.435837585495603586e-01 6.105325261645803137e-01 8.446382760389943289e-01 8.267901929671904737e-01 7.554326682598788700e-01 6.429004794989725546e-01 8.402146448201307516e-01
6.624240433568731046e-01 7.221259864170035403e-01 6.107598478066248449e-01 5.520451990429794398e-01 6.315377567381843527e-01 4.259135439983720572e-01 8.186590076260275017e-01 7.687826817307431559e-01 7.289014615747289039e-01 6.960455192034139538e-01 8.388526307308032948e-01 7.801578032870937207e-01 8.287380150298004899e-01 5.064396356674595312e-01 6.713974951952522696e-01 4.107845693497721440e-01 7.571332284879802588e-01 8.472571784254824268e-01 5.852791214537848008e-01 8.455572675911658953e-01 8.245827935685438037e-01 7.613227893601725027e-01 6.288946976779683506e-01 8.400393558075708311e-01
6.617024773016720873e-01 7.155402615278733114e-01 5.941862420810674061e-01 5.539632651884317527e-01 6.341402641212887659e-01 4.274048241790177061e-01 8.210108034272941557e-01 7.748358684786426087e-01 7.498339769289421586e-01 6.959640234530654057e-01 8.357511283043197459e-01 7.773055309923838641e-01 8.313418522070449290e-01 5.060027838997795957e-01 6.684976654765174553e-01 4.101476769705761916e-01 7.517977528089887507e-01 8.485652409312398614e-01 5.846097548225207552e-01 8.467188904584563858e-01 8.237189244038558567e-01 7.652339649743108430e-01 6.297811335181114911e-01 8.397547028229875865e-01
6.571128269394025390e-01 5.286472529048916735e-01 4.353768502240117910e-01 4.214260686755431085e-01 6.203941570252583526e-01 3.830469912201382443e-01 8.409502204776591050e-01 7.436325335813750437e-01 7.432594294653988021e-01 7.065211211552675508e-01 8.074823991704415116e-01 6.875647072357068401e-01 8.278123203929149687e-01 4.590735948358582452e-01 6.702495282918866648e-01 3.242633152339698399e-01 7.451823136131243697e-01 8.459955039137617705e-01 6.372510255523154976e-01 8.429445340295375066e-01 8.216624939938800276e-01 7.404592763918718124e-01 6.533108309341805198e-01 8.403300295781225282e-01
6.772029634661514974e-01 7.371616078753076007e-01 4.013741197935969396e-01 5.342675527304246996e-01 6.908828934179752634e-01 4.023860222267596209e-01 8.494660334286688874e-01 7.514002349662577407e-01 7.391020326122459405e-01 6.979875323788107266e-01 8.360801421877525064e-01 6.233599251921334572e-01 8.290820979130298918e-01 4.779244953754871461e-01 6.756858407079645579e-01 4.332351208014142419e-01 7.473287594196378336e-01 8.414034706569263333e-01 5.117227859167615689e-01 8.473521850899743413e-01 8.227338348149836333e-01 7.214341561487769283e-01 6.324904745410461215e-01 8.424627349319507852e-01
6.780943046470500057e-01 7.431292814060751484e-01 3.905251141552511518e-01 5.108934986672847289e-01 6.954857971867707267e-01 3.912041090293585377e-01 8.503966057922892618e-01 7.574052937659655482e-01 7.373795809542973423e-01 6.952199179580674793e-01 8.403230148048451698e-01 6.142514058106841590e-01 8.290141945565828729e-01 4.764536490299310367e-01 6.819486771785698842e-01 4.333787608764021471e-01 7.468286783112536575e-01 8.421538545089201078e-01 5.086181711948583040e-01 8.459739992806124542e-01 8.219684501050819048e-01 7.185545129579982149e-01 6.343631875337498727e-01 8.420601971977166311e-01
6.790754669145609990e-01 7.205692818164367575e-01 4.945564573141418840e-01 5.297860034702139842e-01 6.452839756592292364e-01 4.119239614567261620e-01 8.351139240506328942e-01 7.617365790045642626e-01 7.281659933163748821e-01 6.933344717668488144e-01 8.440889079780951043e-01 6.946721905148187659e-01 8.305907392026578018e-01 4.872353402457088034e-01 6.811246730601568933e-01 4.300425166751180028e-01 7.504562940499256429e-01 8.438830003524085965e-01 5.587425604992003469e-01 8.463217357812299335e-01 8.227395941529652701e-01 7.621850132625994645e-01 6.319887987417764919e-01 8.413682633183485748e-01
6.789395859738065475e-01 4.611149745016226431e-01 5.688173854447439171e-01 4.369789541188130455e-01 6.958817095742890757e-01 4.160382028360947171e-01 8.469242881850331806e-01 7.299748661348486323e-01 7.444580078125000444e-01 7.101202148520761037e-01 7.978991136885873470e-01 6.559554037883431610e-01 8.282678334244862883e-01 5.011600255205614918e-01 6.841840197946090774e-01 2.801698301698301585e-01 7.531551283132360552e-01 8.480071386079715001e-01 6.641997696473643797e-01 8.410907141215819838e-01 8.234948829849679797e-01 7.331449672690650843e-01 6.825330694719300428e-01 8.368844326074468265e-01
6.834629186602870776e-01 6.707837412980013347e-01 5.431772123395631757e-01 5.300000000000000266e-01 6.964090258482781293e-01 4.163413923681910656e-01 8.484525911309586110e-01 7.488486169777899271e-01 7.479676805613896251e-01 7.097847413768589853e-01 8.238372881355932043e-01 6.777606604075225860e-01 8.303008185183253786e-01 5.028161653698757227e-01 6.976298245222859462e-01 4.064271577605582109e-01 7.562203041974753237e-01 8.478455163448257448e-01 6.225050839798147440e-01 8.430891190384861567e-01 8.234439886881862458e-01 7.225274725274725141e-01 6.552431399099923892e-01 8.401933270969753620e-01
