8.620689655172413257e-01
1.000000000000000000e+00
1.000000000000000000e+00
1.000000000000000000e+00
8.965517241379310498e-01
2.413793103448276245e-01
7.586206896551723755e-01
1.000000000000000000e+00
0.000000000000000000e+00
1.000000000000000000e+00
1.000000000000000000e+00
1.000000000000000000e+00
1.000000000000000000e+00
1.000000000000000000e+00
1.000000000000000000e+00
1.379310344827586743e-01
1.000000000000000000e+00
1.000000000000000000e+00
0.000000000000000000e+00
1.000000000000000000e+00
1.000000000000000000e+00
1.000000000000000000e+00
1.000000000000000000e+00
9.310344827586206629e-01
