9.964328180737217489e-01 9.989278055754110541e-01 6.142093200916730611e-01 9.862595419847328682e-01 9.921274175199089607e-01 9.785819793205317030e-01 9.960755457444199212e-01 9.941420551623139090e-01 9.897538256819693459e-01 9.937258687258687662e-01 9.958312898479646513e-01 9.886415265788277562e-01 9.984914199509711263e-01 9.713656387665198233e-01 9.959800751551166620e-01 9.981427023680544686e-01 9.881141045958795610e-01 9.973965113251757053e-01 9.150657229524772340e-01 9.977966101694915046e-01 9.990436722983742079e-01 9.976282241328194855e-01 9.968665823759002009e-01 9.939748360800992888e-01
9.964523602664350221e-01 9.987661937075879015e-01 6.105344098423682864e-01 9.854889589905362346e-01 9.827369178205358491e-01 9.808400884303610789e-01 9.957264957264957417e-01 9.935880309911835351e-01 9.889262685730305646e-01 9.946315275744265216e-01 9.959378733572281650e-01 9.897260273972602329e-01 9.987265781335273873e-01 9.721611721611721491e-01 9.960745829244357363e-01 9.982866507747317764e-01 9.873267326732673155e-01 9.976525821596243793e-01 9.177757520510483324e-01 9.984570546888393849e-01 9.990534784666351698e-01 9.973412112259970597e-01 9.967535980954441710e-01 9.940455341506129194e-01
9.963659683625480934e-01 9.984350547730829195e-01 5.656652360515020961e-01 9.843648208469055749e-01 9.526593834948966499e-01 9.777247414478917875e-01 9.951315989654647698e-01 9.953476350478159818e-01 9.907068431427766830e-01 9.930795847750865102e-01 9.960243217960711437e-01 9.856704196519958661e-01 9.982177864908216014e-01 9.733333333333333837e-01 9.955548371453972756e-01 9.982936303015335078e-01 9.892942109436955178e-01 9.976346911957949537e-01 9.150066401062416643e-01 9.982797178737312649e-01 9.988887124940466489e-01 9.983622666229937659e-01 9.966745333619394520e-01 9.935111751982695916e-01
9.963831119148640614e-01 9.985190670122177092e-01 5.744949494949495028e-01 9.844357976653697051e-01 9.893294460641399723e-01 9.768740031897926723e-01 9.942122186495176983e-01 9.934296977660972416e-01 9.886594940389648034e-01 9.937349397590361511e-01 9.957005563985836805e-01 9.842988630211153556e-01 9.982514085875267007e-01 9.683972911963882879e-01 9.958993770207397178e-01 9.979976480310205345e-01 9.883580891208350039e-01 9.981751824817518548e-01 9.192462987886944603e-01 9.976458718681687765e-01 9.988738738738738299e-01 9.968673860076574522e-01 9.961743180306054102e-01 9.935638102243471437e-01
9.964290715586052727e-01 9.979448032883146968e-01 5.574486675404106695e-01 9.838369641602249249e-01 9.959643916913946127e-01 9.786729857819904677e-01 9.942735602094240344e-01 9.928117224218966363e-01 9.888439548180170124e-01 9.930727362691736948e-01 9.960822722820763531e-01 9.859002169197397247e-01 9.983117613956106196e-01 9.737237237237237331e-01 9.958280856423173955e-01 9.983377735273356590e-01 9.875601926163724009e-01 9.973760167934925258e-01 9.153598713309207824e-01 9.976019184652278327e-01 9.990444338270425551e-01 9.979281767955801019e-01 9.964253321239929795e-01 9.938136826783114941e-01
9.963475451288895668e-01 9.988734509951182616e-01 5.788597586350395785e-01 9.862825788751714562e-01 9.923659707362211257e-01 9.790153349475383404e-01 9.942684285941728595e-01 9.944693178825388946e-01 9.910975100848518071e-01 9.946705426356589053e-01 9.959214886566403191e-01 9.860022396416573409e-01 9.984402417625267701e-01 9.711111111111111471e-01 9.955281418658442627e-01 9.978003849326367858e-01 9.876346230554448047e-01 9.973856209150326890e-01 9.188911704312114903e-01 9.979919678714859188e-01 9.985569985569985318e-01 9.982620785540493591e-01 9.960165975103734137e-01 9.941552511415525650e-01
9.964569253985958719e-01 9.989262705798138686e-01 5.796680497925311704e-01 9.854976928147659576e-01 9.747288443539062763e-01 9.809674861221252540e-01 9.950548601452634534e-01 9.930942895086320998e-01 9.907266435986159525e-01 9.931906614785992460e-01 9.959829274416268641e-01 9.866475917978063670e-01 9.986641221374046307e-01 9.707646176911544078e-01 9.959447922595332514e-01 9.981332835542281456e-01 9.888579387186628988e-01 9.973883520501436450e-01 9.134664618535586200e-01 9.983130904183535881e-01 9.987275330046126998e-01 9.972686923864800823e-01 9.961550785004805730e-01 9.936096403140405320e-01
9.961331901181524895e-01 9.986906710310965440e-01 5.528995130588756357e-01 9.846666666666666901e-01 9.891135303265941037e-01 9.779591836734693455e-01 9.938760806916426827e-01 9.937020810514786140e-01 9.900327689787001839e-01 9.936831875607385900e-01 9.954533973225562216e-01 9.866180048661800095e-01 9.984164687252573556e-01 9.703703703703703276e-01 9.955006544502618127e-01 9.981727438841465627e-01 9.883907125700560625e-01 9.978858350951373968e-01 9.150700073691967473e-01 9.979629943982345486e-01 9.985745961355717570e-01 9.974847287100251370e-01 9.961360544217686686e-01 9.933896437752478548e-01
9.963418923672177074e-01 9.991115059973345591e-01 5.667236954662104864e-01 9.858686616791354496e-01 9.888247112004018291e-01 9.799679487179486781e-01 9.944789510006901700e-01 9.919422061683801362e-01 9.895084794481172619e-01 9.941719281204468572e-01 9.954642475987193206e-01 9.837349397590361422e-01 9.986296006264683278e-01 9.664889565879665190e-01 9.959234869865161155e-01 9.975580668976091747e-01 9.900199600798402777e-01 9.973698053655970508e-01 9.135630043451272719e-01 9.978326108702900710e-01 9.990325701386649770e-01 9.967379485320768673e-01 9.957808414547183462e-01 9.936234058514629153e-01
9.964977338277709595e-01 1.000000000000000000e+00 5.960079840319361111e-01 9.844464775846294424e-01 9.689945458857007754e-01 9.826875515251443094e-01 9.936544093719492654e-01 9.923404255319149270e-01 9.904580152671755844e-01 9.934792734047508400e-01 9.960329569728409993e-01 9.845964263709180431e-01 9.988425925925925597e-01 9.663003663003663091e-01 9.963793781975600616e-01 9.937961595273264725e-01 9.899396378269618157e-01 9.974039460020768244e-01 9.217808387652195456e-01 9.982034950187816946e-01 9.990197680117627321e-01 9.981942939689418814e-01 9.947082579027990423e-01 9.939163498098859684e-01
9.964140730717185868e-01 1.000000000000000000e+00 5.981717011128775408e-01 9.863731656184486773e-01 9.689985961628451161e-01 9.790491539081386252e-01 9.938331710483608861e-01 9.947229551451187701e-01 9.913990055100121435e-01 9.943181818181817677e-01 9.957472660996354863e-01 9.846062759029011735e-01 9.986426216792708699e-01 9.652425778421434011e-01 9.958143074581430332e-01 9.935374149659863541e-01 9.907667603372140031e-01 9.974059662775616175e-01 9.165952235150031102e-01 9.980443285528031172e-01 9.988755020080321012e-01 9.982091690544412366e-01 9.949061475123857079e-01 9.931959931959931653e-01
9.968026101141924666e-01 1.000000000000000000e+00 5.676369863013698280e-01 9.855842185128983468e-01 9.858617857561891018e-01 9.783827061649319479e-01 9.943892273164476325e-01 9.946745562130177021e-01 9.893162393162393542e-01 9.913211186113789486e-01 9.956756756756757198e-01 9.862410566868464734e-01 9.991176989588848034e-01 9.671886651752423791e-01 9.960105382009785124e-01 9.983790292701000268e-01 9.892601431980907467e-01 9.976839938239835393e-01 9.195210669899969158e-01 9.985054799070076648e-01 9.985483870967741815e-01 9.970414201183431802e-01 9.960465378967581218e-01 9.934628315278296595e-01
9.970652971386647634e-01 1.000000000000000000e+00 5.471192496650290060e-01 9.871205151793928101e-01 9.719900187149095316e-01 9.803278688524590390e-01 9.949853017464983518e-01 9.955070603337612400e-01 9.925172454109668640e-01 9.952919020715630394e-01 9.959445758702264451e-01 9.844290657439446202e-01 9.994779885157473176e-01 9.694940476190476719e-01 9.963660634826461138e-01 9.958567623557265103e-01 9.928115015974441349e-01 9.977347092876919232e-01 9.260793042758049820e-01 9.982093439687449443e-01 9.989998333055509772e-01 9.970760233918128934e-01 9.955064835023751391e-01 9.938333001790332633e-01
9.969081272084805434e-01 9.995592772146320026e-01 5.223529411764705754e-01 9.855282199710564406e-01 9.962798113332890226e-01 9.801816680429397133e-01 9.938383472272562802e-01 9.937200956937799479e-01 9.913804713804713620e-01 9.961722488038277090e-01 9.961197339246119498e-01 9.848130841121495171e-01 9.988885360431882798e-01 9.707241910631740911e-01 9.968053491827637558e-01 9.986423419601188067e-01 9.891999999999999682e-01 9.979392065945389412e-01 9.185527837435981668e-01 9.985024958402661799e-01 9.988853503184713656e-01 9.978525411596277372e-01 9.962903225806452046e-01 9.935909519321395322e-01
9.968387096774193878e-01 1.000000000000000000e+00 5.209806694955210205e-01 9.846650524616625821e-01 9.774970095693780170e-01 9.802235597592433569e-01 9.919999999999999929e-01 9.938495946323735453e-01 9.889215162840363504e-01 9.942829919009051887e-01 9.952676722863058600e-01 9.848300970873786753e-01 9.990532096193902589e-01 9.655436447166921843e-01 9.962672639044419798e-01 9.979367262723520815e-01 9.899436846339501050e-01 9.976470588235294423e-01 9.244573082489145888e-01 9.983514671941972063e-01 9.985086992543495965e-01 9.965583173996176436e-01 9.962881830351709711e-01 9.928846153846153655e-01
9.971497052536114625e-01 1.000000000000000000e+00 5.160057333970377025e-01 9.852827265685515368e-01 9.210750853242321012e-01 9.753401360544217136e-01 9.946169772256728825e-01 9.944785276073619951e-01 9.899310344827586539e-01 9.927815206929739844e-01 9.956063268892794138e-01 9.852071005917160118e-01 9.986707178123812589e-01 9.633027522935779796e-01 9.966718437985355727e-01 9.983259250707152699e-01 9.899396378269618157e-01 9.973958333333333703e-01 9.219745222929935924e-01 9.985150965187262750e-01 9.988522708640761305e-01 9.972941631233088744e-01 9.962752640898822065e-01 9.938426015008658965e-01
9.963128785883592631e-01 9.992144540455616397e-01 5.843249897414853899e-01 9.858757062146892292e-01 9.872656719680822368e-01 9.796078431372549078e-01 9.944335790582217172e-01 9.942575881870385768e-01 9.902952433023509693e-01 9.946550048590865334e-01 9.953632148377125066e-01 9.868154158215010074e-01 9.980897803247373856e-01 9.678624813153960948e-01 9.959830395001115777e-01 9.977179836512261035e-01 9.880430450378636653e-01 9.981593478832501143e-01 9.196787148594377514e-01 9.981509497394519537e-01 9.988974641675854027e-01 9.979487179487179782e-01 9.960754798129133336e-01 9.937774524158126122e-01
9.966608874333783286e-01 1.000000000000000000e+00 5.913500404203718697e-01 9.846153846153846700e-01 9.701293149513733338e-01 9.777777777777777457e-01 9.943586698337292251e-01 9.944320712694877384e-01 9.900977026670187975e-01 9.947793070716658415e-01 9.954618259476775144e-01 9.854868913857678381e-01 9.986684420772303783e-01 9.664179104477611526e-01 9.964175330148917764e-01 9.971361358289864141e-01 9.884783472387763670e-01 9.974086550919927241e-01 9.128329297820823029e-01 9.973457199734572232e-01 9.988927554571338518e-01 9.979381443298969145e-01 9.963862789792627961e-01 9.931290622098422061e-01
9.958339883666089687e-01 9.985603224877627193e-01 6.042319749216300551e-01 9.854368932038835016e-01 9.534300467174822158e-01 9.769053117782909856e-01 9.956218360924886657e-01 9.941829719725012726e-01 9.902084207581479669e-01 9.956958393113343186e-01 9.960065774019262186e-01 9.880519480519480702e-01 9.983707458363504372e-01 9.737800436999272113e-01 9.955371900826446296e-01 9.981674963076417884e-01 9.883720930232557933e-01 9.966030833551083878e-01 9.159663865546218142e-01 9.984706881903143705e-01 9.992135891789870605e-01 9.980013324450366374e-01 9.971307925508878789e-01 9.937733499377334745e-01
9.967072564612325936e-01 9.991068770467400606e-01 5.433604336043360572e-01 9.839679358717434710e-01 9.677506922199902162e-01 9.817024661893396509e-01 9.940615721206438327e-01 9.931071049840932696e-01 9.895833333333333703e-01 9.951004409603135814e-01 9.961804726665075549e-01 9.854388036206217505e-01 9.982238010657193961e-01 9.717891610987379192e-01 9.963857064920894624e-01 9.983757555820551577e-01 9.877130400317082337e-01 9.981737542394990559e-01 9.156698564593301892e-01 9.981138545953360808e-01 9.987431264728986458e-01 9.978063303039799159e-01 9.970270131734071395e-01 9.933548850574712707e-01
9.966806081125937355e-01 9.982350864807624236e-01 5.725738396624472371e-01 9.858356940509914734e-01 9.922450309547083958e-01 9.828793774319065646e-01 9.947395214661463037e-01 9.948271167982575269e-01 9.906400550584996134e-01 9.946498054474708361e-01 9.956632653061224802e-01 9.843400447427292921e-01 9.988344988344988185e-01 9.690566037735849347e-01 9.960482985729967043e-01 9.980919429109318397e-01 9.883860632759311482e-01 9.973397180101091219e-01 9.196473978640447022e-01 9.976251060220525657e-01 9.991651360828185391e-01 9.979317476732161296e-01 9.964464186563020132e-01 9.930241327300151077e-01
9.966084341204325403e-01 9.984774665042630559e-01 6.186536291839037638e-01 9.863013698630136439e-01 9.909340517018080385e-01 9.794520547945205768e-01 9.949335889360536589e-01 9.934623430962342683e-01 9.902966454116994832e-01 9.937046004842614577e-01 9.961427193828350513e-01 9.893778452200303608e-01 9.978201634877383874e-01 9.726421886249100313e-01 9.961441390914189675e-01 9.983985165205664369e-01 9.869203329369797828e-01 9.979306777030522158e-01 9.160852713178294637e-01 9.974380871050384512e-01 9.987269255251431943e-01 9.977280103862382621e-01 9.968436303425437517e-01 9.936788874841971930e-01
9.966660255177277605e-01 9.990740740740741144e-01 6.095017381228273745e-01 9.868421052631578538e-01 9.916701592623637929e-01 9.788679245283018471e-01 9.949860724233983156e-01 9.943991853360488742e-01 9.891706286318013852e-01 9.936554416788677679e-01 9.958927277120077637e-01 9.876256767208043685e-01 9.987263464337700070e-01 9.735525375268048176e-01 9.964205502526670699e-01 9.984021528887393471e-01 9.856858846918489236e-01 9.979247730220492940e-01 9.143630388555963329e-01 9.974358974358974450e-01 9.990528808208366529e-01 9.980750721847930773e-01 9.967238689547581743e-01 9.935275080906148526e-01
9.968271401549819721e-01 9.994350282485875425e-01 5.350756533700137263e-01 9.845227858985382552e-01 9.457123098201936084e-01 9.849749582637729040e-01 9.949577098243330697e-01 9.922145328719723656e-01 9.901584867075664542e-01 9.952221691352126642e-01 9.949452401010951963e-01 9.869621903520208184e-01 9.990371654149816649e-01 9.594180704441040985e-01 9.964498721953990445e-01 9.975136747886623745e-01 9.872662156784719478e-01 9.981751824817518548e-01 9.199295488416203703e-01 9.979946524064171598e-01 9.989160730876431860e-01 9.981441385709867165e-01 9.959490740740740700e-01 9.937694704049844230e-01
9.963628583654257076e-01 9.979913916786227190e-01 4.924698795180723065e-01 9.842622950819671646e-01 9.841923934337634128e-01 9.774624373956594114e-01 9.944289693593314494e-01 9.928896473265074185e-01 9.886837403216199860e-01 9.951124144672531813e-01 9.955544578908372966e-01 9.851428571428570979e-01 9.981117824773413361e-01 9.730146491904394512e-01 9.955427156417664403e-01 9.982439926062847135e-01 9.874949576442113575e-01 9.981273408239700329e-01 9.152724152724153184e-01 9.974204643164230610e-01 9.987496092528915792e-01 9.970663733039970555e-01 9.959747894708966820e-01 9.934426229508196426e-01
9.962449451184286486e-01 9.980314960629921295e-01 4.833759590792838789e-01 9.846261355695318240e-01 9.879110251450676783e-01 9.754445385266723445e-01 9.934183463595228636e-01 9.932669000807972104e-01 9.887589928057554101e-01 9.930658741951461366e-01 9.958179581795817414e-01 9.844590555887626770e-01 9.983050847457627386e-01 9.729520865533229923e-01 9.955726818070017581e-01 9.983806417285492341e-01 9.878444084278767967e-01 9.978621058257616250e-01 9.148423817863398089e-01 9.976015076237793044e-01 9.984394506866417496e-01 9.977965479250826553e-01 9.962700484893696196e-01 9.935838680109990717e-01
9.964904892258019675e-01 9.985215848610289324e-01 5.553116769095698402e-01 9.852842809364548149e-01 9.663495903667455034e-01 9.810426540284360453e-01 9.942322681215900460e-01 9.930163846360462454e-01 9.888777983744474476e-01 9.917113603120428778e-01 9.959203263738900525e-01 9.863147605083089076e-01 9.985302223038765579e-01 9.725111441307577875e-01 9.957014458772958099e-01 9.982886870807283763e-01 9.881329113924051111e-01 9.971083070452155805e-01 9.179193037974683334e-01 9.970989761092150516e-01 9.989041953663118090e-01 9.974251689732861470e-01 9.964833088389670745e-01 9.934175413627468476e-01
9.964223079621185031e-01 1.000000000000000000e+00 5.989727380482022800e-01 9.868959868959868986e-01 9.664568780690228067e-01 9.801271860095389643e-01 9.941634241245136394e-01 9.937482239272520390e-01 9.907301587301586832e-01 9.942911512844909705e-01 9.956784788245461870e-01 9.866071428571429047e-01 9.988704819277108848e-01 9.606299212598424786e-01 9.960267005721551437e-01 9.968368080517613361e-01 9.903691813804172961e-01 9.974339235309211960e-01 9.225589225589225784e-01 9.975337060177573711e-01 9.991800590357494682e-01 9.977452085682074756e-01 9.954423592493297779e-01 9.932860157299060466e-01
9.961401208943266861e-01 9.992122883024813218e-01 5.865738845681539582e-01 9.861386138613861263e-01 9.434236982597240528e-01 9.767068273092369690e-01 9.939237709445774005e-01 9.922437673130194424e-01 9.895748713782832606e-01 9.918347742555235769e-01 9.957783641160949939e-01 9.870600414078675167e-01 9.984839871138904144e-01 9.698307579102281029e-01 9.954947296837810544e-01 9.975505897426235613e-01 9.899355877616746735e-01 9.979155810317873465e-01 9.236584642751259899e-01 9.965116279069767824e-01 9.985403827440804125e-01 9.972941631233088744e-01 9.957392167162785190e-01 9.940729764771254473e-01
