1.137207937385710868e-02 2.392221642116794996e-03 1.376488413699826279e-03 1.107224209474479831e-03 1.835885232331857173e-02 1.135461888757299028e-03 6.919843302440263112e-03 3.482181711236255646e-03 6.340535697693350584e-03 1.763379934295041971e-03 3.471978797076048524e-03 1.902982855663647686e-03 4.522258994341838388e-03 1.133740211528672668e-03 9.682969205999923321e-03 2.691845656941405443e-02 2.135098485056022895e-03 3.276002575651202568e-03 4.635059487531434028e-03 5.025301501017522855e-03 5.348825698939962958e-03 2.878664094546792233e-03 1.531894475498896298e-02 4.789043856166459549e-03
1.166965127558115128e-02 2.770329581952303815e-03 1.359387693432394066e-03 1.338294676723011467e-03 1.840352377809357717e-02 1.140600670649199663e-03 6.947745795144160547e-03 3.180494563056148437e-03 6.016000600320967062e-03 1.745429381622975356e-03 3.563133197749617908e-03 2.021680600697969322e-03 4.688024360648262827e-03 1.137165074035701925e-03 1.034131431482424902e-02 3.334013354961338355e-02 2.134240563925769718e-03 3.270891375621469421e-03 4.298680593685875670e-03 4.971807359538332229e-03 5.403993989304648783e-03 2.888044641505205061e-03 1.555841203188368035e-02 4.845972191154649007e-03
1.185395801649025138e-02 3.273456780621956941e-03 1.128519344945038165e-03 1.294654217650995217e-03 1.567334897799200003e-02 1.053282014759660511e-03 5.580367616634460647e-03 3.293026326253312673e-03 5.999962478915708483e-03 1.720630869436748193e-03 3.640643912713446319e-03 1.684713629298272139e-03 4.782344006017846816e-03 1.126039272547779604e-03 1.045719452096659924e-02 3.674291036111563408e-02 2.135958236237836885e-03 3.246172962184137346e-03 3.533061559367227985e-03 4.953964751127938430e-03 5.369191660174199750e-03 2.608193389667343935e-03 1.569139413755598483e-02 4.706605642461916990e-03
1.214035521874250526e-02 2.308535761761163711e-03 1.168716415456852497e-03 1.084108849670525204e-03 1.434572114157003919e-02 1.049856619581668576e-03 5.277387113071262126e-03 3.232490462870400184e-03 5.799820887884344842e-03 1.765944673347338801e-03 3.366321056564796493e-03 1.590392559272303533e-03 4.388755969622086875e-03 1.102921327516215950e-03 1.071841107130641797e-02 2.623148028253141986e-02 2.107763023056119425e-03 3.274306315674255664e-03 4.664042147098289466e-03 5.064365153275363247e-03 5.298740045127616621e-03 2.451120934233104714e-03 1.517985684449581207e-02 4.613965721898190785e-03
1.206166186663773683e-02 2.907668065609447100e-03 1.092595779805987169e-03 1.199662380729994617e-03 1.419290236480715006e-02 1.061844060615098166e-03 5.186552005489534697e-03 3.071359720284744244e-03 6.046508058457820967e-03 1.718920891098182305e-03 3.477945652396944275e-03 1.590396733125654365e-03 4.545209978964953081e-03 1.111488177262225617e-03 1.073687319439588055e-02 3.625001963639189889e-02 2.106905101090351430e-03 3.250432065456740870e-03 3.889637827133662386e-03 4.971786138072920892e-03 5.353069630866040193e-03 2.473324044817658534e-03 1.576945322823742127e-02 4.664118565275457602e-03
1.202313255789708331e-02 2.276939143237447904e-03 1.190950148761745842e-03 1.232187690119362737e-03 1.450632913532674470e-02 1.039585674115173827e-03 5.329166712889756539e-03 3.229091929066017601e-03 6.075406668536897058e-03 1.758253428294434192e-03 3.340758190501028242e-03 1.540610977793680642e-03 4.374302234302353612e-03 1.123468406628720792e-03 1.095590992938732730e-02 2.430131216371410330e-02 2.119719642250224301e-03 3.262365133483325231e-03 4.584195537708209665e-03 5.090700509070050957e-03 5.314859332877627275e-03 2.457959226290578301e-03 1.520977115643430862e-02 4.647977408250907223e-03
1.286147764294600336e-02 2.388806247357420399e-03 1.196080076576522657e-03 1.280964862148473594e-03 1.495605012946309847e-02 1.060134569385678916e-03 5.493825738475465598e-03 3.197538434172526693e-03 6.103358040649831291e-03 1.748844666280699066e-03 3.391888367798008650e-03 1.809572454616377706e-03 4.469547630191695632e-03 1.109772338131777541e-03 1.186730053881393174e-02 3.111121455009720899e-02 2.127413672806345232e-03 3.265774529011006375e-03 4.568771015962528291e-03 5.051643192488262935e-03 5.358153156651098391e-03 2.499783911181933070e-03 1.575110318517805585e-02 4.647115534875141847e-03
1.179361054379811716e-02 2.610756041063572782e-03 1.069504063516039634e-03 1.265560308190068727e-03 1.292459636038489207e-02 1.026742441058727494e-03 4.711712850219105901e-03 3.103767969182979428e-03 6.182133795323711649e-03 1.751410977792622597e-03 3.369726839220165988e-03 1.419183120995423176e-03 4.308813077469793480e-03 1.122611451322367638e-03 1.033200995758178781e-02 3.044319806627467442e-02 2.113743183199636843e-03 3.229127827624778211e-03 4.241673783091375223e-03 5.018511041321834648e-03 5.380216164370937165e-03 2.375990174219308384e-03 1.546015151016050596e-02 4.619911905709391149e-03
1.200470932464928024e-02 1.925805537311733135e-03 1.134505227286349092e-03 1.016477041417582694e-03 1.333051206093948358e-02 1.048147957696988477e-03 4.920742243257456364e-03 3.053445561000059025e-03 5.871917989305177644e-03 1.753122347728006515e-03 3.190743338008415319e-03 1.428787665353955247e-03 4.357296613933782370e-03 1.087510765842392407e-03 1.078137835984547578e-02 1.484641825722353599e-02 2.123147703447632317e-03 3.242760656556413750e-03 5.022968969706898164e-03 5.108529579965345388e-03 5.287709063351807119e-03 2.353785014691898037e-03 1.417202300405953977e-02 4.524709113642108767e-03
1.229606129473432598e-02 9.582665489547352285e-04 1.278169161793272146e-03 9.222870318386169625e-04 1.382311153208619532e-02 1.021610665203957942e-03 5.212004936341337914e-03 2.992052840782244861e-03 6.194859272850044250e-03 1.826638086731482459e-03 2.792490732335827733e-03 1.398209801468207857e-03 4.422783227248034202e-03 1.130309519708433321e-03 1.074365365699237081e-02 2.877779079983266985e-03 2.106061604870310307e-03 3.285378100671783666e-03 6.385772209835026587e-03 5.216374568467049659e-03 5.218943870109320725e-03 2.365747671270630736e-03 1.210745685775645002e-02 4.465200814463560729e-03
1.247678658569647062e-02 9.325767575814719037e-04 1.288430323742731755e-03 8.066686897677376872e-04 1.400731228036946989e-02 1.041297962912651797e-03 5.226442178856293037e-03 2.902522962267201512e-03 6.288932859226624428e-03 1.798431767498741068e-03 2.804432337722780229e-03 1.454999142574167322e-03 4.398968505948003607e-03 1.142291077704072049e-03 1.110110018392957733e-02 2.499760379011940065e-03 2.112899732291837092e-03 3.287935031429922543e-03 6.376215455421444661e-03 5.226558152713816491e-03 5.306379859310102198e-03 2.385386745911377126e-03 1.208404419685346967e-02 4.488142506851783287e-03
1.293592921313205073e-02 1.740316066063494083e-03 1.135363401911794337e-03 1.113215470181422306e-03 1.420999849486478256e-02 1.047290029918899372e-03 5.293520280591563348e-03 2.876080454971632894e-03 6.315107496632737898e-03 1.760807642042194233e-03 3.150678370815345082e-03 1.567688813770466618e-03 4.834196948701332576e-03 1.111479604734885935e-03 1.122443180131262735e-02 1.815840102968081793e-02 2.129124054222034882e-03 3.315210978077023744e-03 5.175870394226093560e-03 5.132323996196634999e-03 5.283451046790672671e-03 2.307673871585139234e-03 1.490435890805034795e-02 4.542558624541601954e-03
1.379779478953032691e-02 5.667821095784461929e-04 1.048971109194895418e-03 9.197203295907373623e-04 1.318633516192423485e-02 1.025032739340002354e-03 4.912259733385694604e-03 2.654258450501759212e-03 7.230064941978068919e-03 1.810402707554020817e-03 2.521969892112404556e-03 1.493437013615911153e-03 4.903873325712295242e-03 1.116618505530817939e-03 1.139470898752900641e-02 5.740704409168066735e-03 2.128286173159965600e-03 3.389352269472315979e-03 7.611269614229032587e-03 5.233354527338132320e-03 5.115353657610166409e-03 2.335000701869712359e-03 1.312957710705668288e-02 4.267900450965702100e-03
1.337289025071524036e-02 1.942045192795937084e-03 9.505890654853099394e-04 1.167141121243853727e-03 1.270259396506087830e-02 1.017327129380527504e-03 4.682816862922576512e-03 2.842804786657039413e-03 6.275378368401624170e-03 1.783050232002069031e-03 3.073949263586445071e-03 1.475092718238917673e-03 5.368342904929727412e-03 1.079811804228405841e-03 1.137967417338969604e-02 2.939978866325763246e-02 2.117164010437712698e-03 3.312657017719380318e-03 4.745545716419503034e-03 5.122134003424429552e-03 5.353065062823633181e-03 2.386238558807771051e-03 1.564890911117641781e-02 4.501753813594425169e-03
1.308218296598344550e-02 1.499157901590135325e-03 9.463103743877885774e-04 1.045584931921279522e-03 1.109039584443079728e-02 9.770856278417977981e-04 4.026242350395873963e-03 3.040673173393639104e-03 6.315938431321735380e-03 1.787318516945269773e-03 2.878644393743803268e-03 1.420053109811315753e-03 4.506116480890427420e-03 1.080661388765577794e-03 1.131923115744545849e-02 1.471826342749911302e-02 2.106915923695570122e-03 3.263220275064840966e-03 5.448271274100583567e-03 5.168832011252622038e-03 5.143362919477264573e-03 2.230807225213086477e-03 1.385187554039488816e-02 4.409910725572527800e-03
1.303377027609442518e-02 1.511988397523594254e-03 9.249228160474108574e-04 1.090102265647295305e-03 1.098135357008433143e-02 9.830743228186377206e-04 4.104572616929909844e-03 2.773709138695723379e-03 6.119428182622768143e-03 1.766796557187513307e-03 2.907648166872828146e-03 1.456747716668256197e-03 4.491654695184132788e-03 1.079802550390785614e-03 1.142912391134541517e-02 1.462006348830623137e-02 2.106061604870310307e-03 3.275150246448642419e-03 5.432075600436681029e-03 5.165440031136029828e-03 5.199411780269376157e-03 2.208603452098558632e-03 1.380431812201710941e-02 4.411630304526341362e-03
1.281547477895592611e-02 2.177862168034393718e-03 1.219168687912507631e-03 1.196241949360233453e-03 1.525844497997667047e-02 1.070405974390815614e-03 5.638878059475234579e-03 3.109741547635236705e-03 6.177060384282216134e-03 1.753123849164546933e-03 3.304106018706165319e-03 1.702181258686941319e-03 4.462733823764292868e-03 1.109768533991481801e-03 1.135608961718044367e-02 2.451436567101726235e-02 2.122284327884795593e-03 3.246178514163548714e-03 4.691229040551475257e-03 5.068624463411240677e-03 5.411627575578900097e-03 2.498080867986824088e-03 1.564636248250889095e-02 4.636919787265293517e-03
1.314063895626701138e-02 1.807853672614913526e-03 1.252519164484960272e-03 1.151733126981148089e-03 1.532991186250618441e-02 1.055850370918864087e-03 5.713515560757070726e-03 3.055174466541905279e-03 6.392213756855498301e-03 1.795013869393900221e-03 3.189038396740664135e-03 1.840995694431447243e-03 4.484002360720481216e-03 1.109766631931113868e-03 1.202314274865062815e-02 1.645225908468804163e-02 2.129974685148135032e-03 3.291344252033681552e-03 5.145967342899554660e-03 5.131444178900648398e-03 5.388712631005876386e-03 2.485275768047775016e-03 1.514246438073640552e-02 4.567204431930463673e-03
1.075198549767714985e-02 2.966523957589314257e-03 1.320065335529447149e-03 1.217637491923832978e-03 1.634866815020064729e-02 1.087523813686345694e-03 6.204380495548993991e-03 3.215450582116279564e-03 6.036388876808721285e-03 1.783048704977377875e-03 3.624461352898586050e-03 1.663762517582348345e-03 4.709263800747333882e-03 1.145726662353409872e-03 1.022865449802661496e-02 3.035851244536798624e-02 2.110325957608559858e-03 3.261504413805724201e-03 4.003625215578176209e-03 5.015975831806032681e-03 5.420972242369424474e-03 2.563808539296612895e-03 1.555600974288117756e-02 4.769495719322092674e-03
1.357657142276849291e-02 2.870999229210278308e-03 1.030154497484984336e-03 1.262136171897291397e-03 1.505501308709272269e-02 1.057567132801807237e-03 5.427608703628332247e-03 3.203505555251491641e-03 5.833768307286069446e-03 1.739446203493794692e-03 3.567395391024320243e-03 2.189178603401969406e-03 4.798489073618385226e-03 1.121757379903832270e-03 1.237972744434163996e-02 3.999225834081419212e-02 2.133388123397497466e-03 3.271749308408977187e-03 3.923669130385754565e-03 4.969250574524246462e-03 5.424353015563123520e-03 2.724247773072898619e-03 1.641322407497883967e-02 4.722748774698157757e-03
1.271603840306275920e-02 2.420393613515861228e-03 1.161872764229730489e-03 1.192818410535191566e-03 1.289337015217834927e-02 1.082394843584089496e-03 5.003990729556580773e-03 3.125093543269374594e-03 6.136402586207631918e-03 1.751413977739485570e-03 3.337346471801431839e-03 1.923914431282148976e-03 4.392168921689217249e-03 1.100354187216180928e-03 1.154220907247652424e-02 3.256094595390906371e-02 2.112888878996018165e-03 3.206106739665672261e-03 4.630929830956122262e-03 5.020201166571486816e-03 5.107715261945387775e-03 2.477592550277156556e-03 1.516244755327472021e-02 4.498341412754211337e-03
1.318490787750412931e-02 2.805307069476479630e-03 1.408111923070009186e-03 1.357119479633783375e-03 1.614347505011077058e-02 1.102935505267866809e-03 6.195033571352446221e-03 3.248685646265251671e-03 6.091477899633863588e-03 1.757395491920862472e-03 3.532469308894436392e-03 2.279913594072224738e-03 4.690554079706116264e-03 1.157707926828745702e-03 1.204319922429897098e-02 3.905927975281691528e-02 2.131675933892363158e-03 3.299020555172655408e-03 4.037644823922127528e-03 4.985372541353409216e-03 5.355606832238773291e-03 2.630378735176309643e-03 1.625878345646629419e-02 4.698110935873603573e-03
1.316069080715799415e-02 2.769478752784878834e-03 1.350841193979254512e-03 1.349420134890606977e-03 1.597842418921884694e-02 1.111494844874911766e-03 6.091654501548494742e-03 3.339888841385207224e-03 6.384552961955224613e-03 1.743716497048271655e-03 3.523947368196075989e-03 2.232804390074598615e-03 4.687174442474732750e-03 1.167124118765590531e-03 1.203319150378871424e-02 3.914482795004022714e-02 2.122273426551275679e-03 3.289645270718052471e-03 4.040162460655394826e-03 4.981125503874778149e-03 5.400599194304667693e-03 2.661957116050548897e-03 1.617738660130553507e-02 4.718503604199007426e-03
1.382194505571672852e-02 1.515408509245790925e-03 9.993551718556921686e-04 9.813710911218058268e-04 1.614500057344478434e-02 1.011338995688953243e-03 5.220530502167753696e-03 2.943440771915417729e-03 6.602204200457475677e-03 1.783902060950700837e-03 3.030450769929511710e-03 1.985889776558980111e-03 4.431290651838754903e-03 1.073805487805923201e-03 1.189668852614660620e-02 1.358089467359477331e-02 2.123989264479896489e-03 3.274306315674255664e-03 5.788808247218771817e-03 5.097494272574251521e-03 5.504125321024205819e-03 2.760939592147535447e-03 1.454958016725676519e-02 4.630969856425417100e-03
1.184390561498278177e-02 2.975047410006526755e-03 8.402109006444186167e-04 1.286097042490898321e-03 1.234268770517843970e-02 1.003625393179461171e-03 4.269612625341919626e-03 2.986088301308370205e-03 5.664137140361413109e-03 1.743720977237418410e-03 3.446415548284444304e-03 1.508289028072198326e-03 4.514599425383561924e-03 1.081526718080607101e-03 1.024126104813927705e-02 3.573969352741278305e-02 2.095798899191901772e-03 3.190770625411567477e-03 3.646279291150317063e-03 4.951395226342788190e-03 5.452357995511830646e-03 2.327315182157992188e-03 1.587652697067760271e-02 4.657311056118292221e-03
1.169727493174611312e-02 3.035595760258928168e-03 8.094031230112879935e-04 1.207366219281355742e-03 1.211899854921155706e-02 9.873555071210444664e-04 4.126674378905602521e-03 3.154064235836430072e-03 5.627667959912782333e-03 1.717210906901474972e-03 3.460902827116447023e-03 1.441020526011864162e-03 4.527356300634905600e-03 1.078958509374684013e-03 1.031017117957765995e-02 3.570237897284826017e-02 2.087257285709393558e-03 3.193325317237286250e-03 3.571367528671782771e-03 4.970936709552342680e-03 5.459137527944162536e-03 2.325611254006907519e-03 1.578686507832639113e-02 4.628415911844901975e-03
1.203320170297308284e-02 2.888907519029833455e-03 1.083187053131823372e-03 1.262138334817109906e-03 1.484677202031832455e-02 1.064415111609323759e-03 5.442039886107951849e-03 3.161734207364266629e-03 5.914283399497691218e-03 1.742000628627562173e-03 3.547799979311624333e-03 1.765045967289797331e-03 4.641272742022945798e-03 1.121758341203066495e-03 1.081157228605349532e-02 3.617584947221675479e-02 2.138515538053248777e-03 3.243610267356265234e-03 3.964538692052470975e-03 4.987912230500789190e-03 5.444725075941158829e-03 2.651711890091291209e-03 1.602618214724672169e-02 4.767788058842564736e-03
1.203905318322093070e-02 1.222794535385205925e-03 1.297830756363094586e-03 1.032745311293434233e-03 1.184206177634316431e-02 1.056709203568643139e-03 4.799244552289651765e-03 2.991212831165409539e-03 6.648787716871746613e-03 1.789883135190130066e-03 2.956264226380038961e-03 1.546726809377293706e-03 4.531618845248547647e-03 1.149987703186631420e-03 1.063865905703489240e-02 5.912870236676852354e-03 2.112897923401457594e-03 3.323730684609852749e-03 6.071794452200386660e-03 5.178149863355564070e-03 5.200269700512943211e-03 2.272663073205430720e-03 1.258119495938981452e-02 4.422673676208697773e-03
1.159837632906894969e-02 2.171882637865750650e-03 1.226867805636057841e-03 1.280110223145318298e-03 1.153140479408810981e-02 1.042151425630583137e-03 4.609723459290881835e-03 3.063680419301699747e-03 6.231254657029492751e-03 1.768503340886940899e-03 3.227400924606751466e-03 1.668126021803727904e-03 4.500153307557166159e-03 1.129458382715001902e-03 9.947032962552745591e-03 2.220602310694743536e-02 2.105207284582246222e-03 3.275155847820696107e-03 5.315110746401573855e-03 5.120383205074804413e-03 5.254587629657824811e-03 2.208603452098558632e-03 1.442456064699143038e-02 4.583375677108997986e-03
