4.979018763158481242e+00 5.032189261743948094e+00 3.868360906400157617e+00 5.027941738833834329e+00 4.387285639132692872e+00 4.964976677417687334e+00 4.944273861726829367e+00 5.639219609284629620e+00 4.599248617882866874e+00 5.292434993850435809e+00 5.230231194338609946e+00 5.234074439645723054e+00 5.414227608395862923e+00 5.400156974643803842e+00 5.500984110398190019e+00 4.057303101708240156e+00 4.877184563204949974e+00 5.612589226275373377e+00 4.114895927342048232e+00 4.848354447101017151e+00 5.671058160852851415e+00 5.497887571892201564e+00 5.266496163357962779e+00 5.261697914986944724e+00
4.896896938552705691e+00 5.009310579643556416e+00 3.820274055365315391e+00 5.167634150133197046e+00 4.322142396521845953e+00 5.084390045664067159e+00 4.877044430795200114e+00 5.578874146448006499e+00 4.504475395253564329e+00 5.319313449062079258e+00 5.179316075825327381e+00 5.151523586159065360e+00 5.349493170555351007e+00 5.550783301471880371e+00 5.364054199903945275e+00 4.251387087448333268e+00 4.849302915500270039e+00 5.623841268128711768e+00 4.110709408182062319e+00 4.844619650876646588e+00 5.635173981855668757e+00 5.537402893899339595e+00 5.214796165474337108e+00 5.260189157207875610e+00
4.656658145295375917e+00 5.145561275906521459e+00 3.703099072442483486e+00 5.201212104567794370e+00 4.364512138715671341e+00 5.304513734505963640e+00 5.033972033762376341e+00 5.641074957532573819e+00 4.945169690395271545e+00 5.253326206661022013e+00 5.175855114674595470e+00 5.182675789606822292e+00 5.473793838507468479e+00 5.423550204690791965e+00 5.100454743530254298e+00 4.337195589468755941e+00 4.949309610984112595e+00 5.650959113538281287e+00 4.083522898905029841e+00 4.841015225040385950e+00 5.608984020869229425e+00 5.678291957860817085e+00 5.167475211522927658e+00 5.268806667824278200e+00
4.597330506408211725e+00 5.122436642636250426e+00 3.766401244794773895e+00 5.144231182655914836e+00 4.544886640252181920e+00 5.284944210337648052e+00 5.040075743996575319e+00 5.657491022270902725e+00 4.405910091834530640e+00 5.239499993997615235e+00 5.252358604351340610e+00 5.130840085773872516e+00 5.372928203793493118e+00 5.515747024376239871e+00 5.060236050214095727e+00 4.036860642915394592e+00 4.920635927143788280e+00 5.663647106408083332e+00 4.153844741358512671e+00 4.815814847373602881e+00 5.555841936461408892e+00 5.693711399436644172e+00 5.167184010629931379e+00 5.322229029654548249e+00
4.647819742434772472e+00 5.153152026287782128e+00 3.693671441348799434e+00 5.169802342646579341e+00 4.581061252967434605e+00 5.195895411433708588e+00 5.061763642603708035e+00 5.648055243522312807e+00 4.859138298781844334e+00 5.211036801295577447e+00 5.272900941708743794e+00 5.208507162725309669e+00 5.400822855944534595e+00 5.539893777909894901e+00 5.057567461242752138e+00 4.319121009383038334e+00 4.972749235026237002e+00 5.622599084390585311e+00 4.078176321090005274e+00 4.846971829912251728e+00 5.490034564701562481e+00 5.713030353572521314e+00 5.081601730042145881e+00 5.316964128514307220e+00
4.604394951285400772e+00 5.279138311192301813e+00 3.725504592401912340e+00 5.321741425834050077e+00 4.531649060686821606e+00 5.146137760466301891e+00 5.005593958997734738e+00 5.662826496175449087e+00 4.660626042465266572e+00 5.275355901878236331e+00 5.338858038268690542e+00 5.208283773758485502e+00 5.382889573568093944e+00 5.432285201348586057e+00 5.135193717737320362e+00 4.100148917928847503e+00 4.939212902416722173e+00 5.574813440766518191e+00 4.231092243550899745e+00 4.783888294140654196e+00 5.500637759688564721e+00 5.682341233832887362e+00 5.156722102366704696e+00 5.325221055898279765e+00
4.535753903285034028e+00 5.194586139832050975e+00 3.747515497618898017e+00 5.183424998973825026e+00 4.462274775207154320e+00 5.232413512724425786e+00 5.050344912737873670e+00 5.653710206907761382e+00 4.606844845464419969e+00 5.257497001398940384e+00 5.318903343948535145e+00 5.176198110327797863e+00 5.416578678978740236e+00 5.382414737688361761e+00 4.831116662632122249e+00 4.124754917484082739e+00 4.991109456825453705e+00 5.651618433128355434e+00 4.172164214882466027e+00 4.877642795769340012e+00 5.533144050200418995e+00 5.680699312583498362e+00 5.081080700746494649e+00 5.331885634631251314e+00
4.584225797950439052e+00 5.041185611612178263e+00 3.604075741484163320e+00 5.082958058779223798e+00 4.563975239125354300e+00 5.070774705303996654e+00 5.095246871584146575e+00 5.687232076420421834e+00 5.023000946558984658e+00 5.245715185464962182e+00 5.304855568525895571e+00 5.270109822387470722e+00 5.426542384675409281e+00 5.481516744636744320e+00 4.966893020076415866e+00 4.137303990495204253e+00 4.946633076269588258e+00 5.668005887690814149e+00 4.115898993479143897e+00 4.875824846934776247e+00 5.501655642285220082e+00 5.715372908229016780e+00 5.127460707957958164e+00 5.326497549417036126e+00
4.633324953110569133e+00 5.205631794919327149e+00 3.747519290129797120e+00 5.143342909398447738e+00 4.503549757401803966e+00 5.215347835815913768e+00 5.111809160465328183e+00 5.712229308336187472e+00 4.427724552536589364e+00 5.260762865131225929e+00 5.412436139495599541e+00 5.169161858137396592e+00 5.349146368458459477e+00 5.244125925530741306e+00 5.046543773334462912e+00 4.360414214613543393e+00 4.955814057824325936e+00 5.671761432821773141e+00 4.122828275696994282e+00 4.831864059421946855e+00 5.551932375428129340e+00 5.607616991913355164e+00 5.188158080910509895e+00 5.342591688404964678e+00
4.480074319708721831e+00 5.563199960125489341e+00 3.771607624385154622e+00 5.076918586044184778e+00 4.477451925320719894e+00 5.033587772816053629e+00 5.063848035644297418e+00 5.724968666656507388e+00 4.157071933902862781e+00 5.282811798275719894e+00 5.596993158137612667e+00 5.186008105355680797e+00 5.272203871404657072e+00 5.314632898196270716e+00 4.863555993331841520e+00 4.504150603331436464e+00 4.956165753494923720e+00 5.617387477502262527e+00 4.067166917228215439e+00 4.837776925978329423e+00 5.519831612156761658e+00 5.654689864395805010e+00 5.397632645219204939e+00 5.340088618401311216e+00
4.392950946951970970e+00 5.512348704771634189e+00 3.841432628431602936e+00 5.370420219083703373e+00 4.472552029070949509e+00 5.008134738415651377e+00 4.916004513688790212e+00 5.685416890649162447e+00 4.316273716215735412e+00 5.373889845614527871e+00 5.536419067440437658e+00 5.143279112530857233e+00 5.259959591081805996e+00 5.306021241244755160e+00 4.844662928848321393e+00 4.732764214173289297e+00 4.943991764555877744e+00 5.653533682545021755e+00 4.012001114287962800e+00 4.731981593092802640e+00 5.468872501560379185e+00 5.696169517500289103e+00 5.350247045868909979e+00 5.308340724448849635e+00
4.628233389986122326e+00 5.576501828960092944e+00 3.620923430397057885e+00 5.127843802502080273e+00 4.496329230323942383e+00 5.189514216726624163e+00 5.027030547488236856e+00 5.720242805486441817e+00 4.635343892396392995e+00 5.197946682129169105e+00 5.484248811842030946e+00 5.312950657346198646e+00 5.259738648423512686e+00 5.402830446062123038e+00 4.996418847819644959e+00 4.450369062181259494e+00 4.964537280046696921e+00 5.653799290667217647e+00 3.966631845639479792e+00 4.795579555696379614e+00 5.429574519796700471e+00 5.690310192358670527e+00 5.165205346401897657e+00 5.301953266255588382e+00
4.423058402552918267e+00 6.994411162633667800e+00 3.645643931739206867e+00 5.518884220367208826e+00 4.415053873775480753e+00 5.013486629775344205e+00 4.934378691017448304e+00 5.688885234775571398e+00 4.470802377420684870e+00 5.366956897743899724e+00 5.802525555381198963e+00 5.064276853250807342e+00 5.176167791125965145e+00 5.324273108840032798e+00 4.661303020122073981e+00 4.783009680613910852e+00 4.938912467714301258e+00 5.503229471099996495e+00 3.960446459878915970e+00 4.834525255151709722e+00 5.394409518367567102e+00 5.721419730067427878e+00 5.041777120449134841e+00 5.393365065594251995e+00
4.314688964469625354e+00 5.781306277907528823e+00 3.557746228811987432e+00 5.206924681700723312e+00 4.654365616125446969e+00 4.947067093335670407e+00 5.032028778891032950e+00 5.674139204428954919e+00 4.516454331244946552e+00 5.267378819263136336e+00 5.473433276973675099e+00 5.137427475526330944e+00 5.199381617970702862e+00 5.415620341614690858e+00 4.596736486544272360e+00 4.198538410324188952e+00 4.980983986973211763e+00 5.591191006008918052e+00 4.010826609232014839e+00 4.804896626686907091e+00 5.274365989057200110e+00 5.679240585836229371e+00 5.006492914839562047e+00 5.349465620875907490e+00
4.377913070416803443e+00 5.833624432237934698e+00 3.501750770288626580e+00 5.091864609180987600e+00 4.493551571369762243e+00 5.053803703225534960e+00 4.996599607290332479e+00 5.612286452801678927e+00 4.678185827819706155e+00 5.289342893312580784e+00 5.523402630346195608e+00 5.136521755248716126e+00 5.237835983169414789e+00 5.409840129590203439e+00 4.804628254725202829e+00 4.594117857628669199e+00 4.910506469938013652e+00 5.550008878261997403e+00 4.059362484689890138e+00 4.734108064292676943e+00 5.487484529737352901e+00 5.567203541903940511e+00 5.077334216886809415e+00 5.218038611336194954e+00
4.428475270265879615e+00 6.004174255440169361e+00 3.457830169945073528e+00 5.246401090093113062e+00 4.338805939448235449e+00 5.085455651281307610e+00 4.994260747478389995e+00 5.684623549887017901e+00 4.460073021121891301e+00 5.261614633975685074e+00 5.580213069648753077e+00 5.156694776742651420e+00 5.218235960226196291e+00 5.475844742807596255e+00 4.791214543030380746e+00 4.554418866802115495e+00 5.063453012912302320e+00 5.560485380001909839e+00 3.946901153025034859e+00 4.790558128514865288e+00 5.448904361641447203e+00 5.643975192523298823e+00 5.107569484047831843e+00 5.230960045348974852e+00
4.253270746221689436e+00 5.179709185463752696e+00 3.818482794451694140e+00 5.300438613630547913e+00 4.521574463112791875e+00 5.124056251980949384e+00 4.973121855178729511e+00 5.729808045505690117e+00 4.593294439910422966e+00 5.253857566362261977e+00 5.368494010413090933e+00 5.071979220443313174e+00 5.318849767441125032e+00 5.521415697167724623e+00 4.643057139378513831e+00 4.144068271398346326e+00 4.875647632875193871e+00 5.705994466562920309e+00 4.107930758864094756e+00 4.810486775069252374e+00 5.424104925894846829e+00 5.635534181909747531e+00 5.037285399441656430e+00 5.352962147581958874e+00
4.299082033939237490e+00 5.464546541750239683e+00 3.828522817793742927e+00 5.326574655100757560e+00 4.391049961851419603e+00 5.136868510233192353e+00 5.021193227203992748e+00 5.731084812135725848e+00 4.700774743051020721e+00 5.251843420909045435e+00 5.484004156351132586e+00 5.064975316628798296e+00 5.363357530660282535e+00 5.391997670598893677e+00 4.658184867968133247e+00 4.353135927830630081e+00 5.033319664199226828e+00 5.582892071843582826e+00 4.091087318502839132e+00 4.871555382316329563e+00 5.429383269157896486e+00 5.592857416295629491e+00 5.036514551454281730e+00 5.329608662353797044e+00
4.677714605639247125e+00 5.170260484709217508e+00 3.850122632275910561e+00 5.151222421746935787e+00 4.245514713760854875e+00 5.393478632668887052e+00 5.011526726436925649e+00 5.691858529104870890e+00 4.965478565957955226e+00 5.359320338712256770e+00 5.101946039257652998e+00 5.216693121037188519e+00 5.351731025352783888e+00 5.553156165191941440e+00 5.175286350411219871e+00 4.169046471918327335e+00 4.939604848487587851e+00 5.551242038924027788e+00 4.151043673010375912e+00 4.860596628195327895e+00 5.624207825928149163e+00 5.556321483329681676e+00 5.204334014753373872e+00 5.319490051728847924e+00
4.112258487433502196e+00 5.118051957886257775e+00 3.485382169114697781e+00 5.186313025794641263e+00 4.459531075809222145e+00 5.102462726237392054e+00 5.053904661275219645e+00 5.636108112897609601e+00 4.092773289272460424e+00 5.165811245415065756e+00 5.238243902718769718e+00 4.749213341973532287e+00 5.408276127364336716e+00 5.419970585493593340e+00 4.355134257957712585e+00 4.387151033423061008e+00 4.890494355124141990e+00 5.556521125859495314e+00 3.962707626039093434e+00 4.872946955392664314e+00 5.409734433601474102e+00 5.549347394866205541e+00 4.948310089196652051e+00 5.256485788937214743e+00
4.612175204287586538e+00 5.119621975718633422e+00 3.742501366191921530e+00 5.134466628618360673e+00 4.652455789066141101e+00 5.073690536267810636e+00 5.061849778653462195e+00 5.672616640254388720e+00 4.561438245223921939e+00 5.213945154614840760e+00 5.234121599641670564e+00 5.036908684363110567e+00 5.410075146840893190e+00 5.462250058515618178e+00 5.001621548459282529e+00 4.077073004925063415e+00 4.897911783595014334e+00 5.644114882133066224e+00 4.110161996717111244e+00 4.820124328693360383e+00 5.717253604533310885e+00 5.726345795838935437e+00 5.183405838190510373e+00 5.315111584417493873e+00
4.673251101810806496e+00 5.135827611157032457e+00 3.932680831150634493e+00 5.111523801805768485e+00 4.522938652320973141e+00 5.266154129676127837e+00 5.035159853697508403e+00 5.726108256142812714e+00 4.431783521206618559e+00 5.198604958408200361e+00 5.294191289573634940e+00 5.128692646836456426e+00 5.385896842920026018e+00 5.456617369581902466e+00 4.981706872439793266e+00 4.382179856407299567e+00 4.999327445738735776e+00 5.652490333995978666e+00 4.035827468643452320e+00 4.903620507772051162e+00 5.573104778415338245e+00 5.689397806130267909e+00 5.161473830623322989e+00 5.372574444651824876e+00
4.595871933207455129e+00 5.134381478989763714e+00 3.843989123753892567e+00 5.199927669200896219e+00 4.476923173885295704e+00 5.218246097610295564e+00 5.037354577867272809e+00 5.639103641045999815e+00 4.701901035834670672e+00 5.293407163385291270e+00 5.232555476925667470e+00 5.152220321141572690e+00 5.428353752123669551e+00 5.468355322913518890e+00 4.890738348609422026e+00 4.365081818933967739e+00 5.001101195990854897e+00 5.631583812072281425e+00 4.065279764656014372e+00 4.898838273929816189e+00 5.551477752728104953e+00 5.633453281789710054e+00 5.096640945035958659e+00 5.385349398585427494e+00
4.309121724515731167e+00 5.418605229332416506e+00 3.349751111345142807e+00 5.029506123963655817e+00 4.341201388410860673e+00 4.872911033390971980e+00 4.993057611571247278e+00 5.593659514701634805e+00 4.568314637198080064e+00 5.217576175302727215e+00 5.425821929403291222e+00 4.811271237890146324e+00 5.321137384782867130e+00 5.029782452340835874e+00 4.528891866859654947e+00 4.455878732470353043e+00 4.850340945496582457e+00 5.549593037231464798e+00 4.065643777215195875e+00 4.842070711423534846e+00 5.245190263296894528e+00 5.484951056857926055e+00 5.084537034588211490e+00 5.242639002680335558e+00
4.505909322932611261e+00 5.224455079185101880e+00 3.499496555705071010e+00 5.343836837565110187e+00 4.599381303051522707e+00 5.024288803967531969e+00 5.094609732663840873e+00 5.692727044424186644e+00 4.840370704921390654e+00 5.322593257110728615e+00 5.309827721468724171e+00 5.190756045875139613e+00 5.461464431219046567e+00 5.296387674230462750e+00 4.868643177006538814e+00 4.329298171856475363e+00 4.997909497857433436e+00 5.733384643537157821e+00 4.123251541201643278e+00 4.907717981346398695e+00 5.374253752163461684e+00 5.681051463460577544e+00 5.054134837183648088e+00 5.237952163164495190e+00
4.562198204580587557e+00 5.183077668114177250e+00 3.485519721907776258e+00 5.182954458780246298e+00 4.628891931563567930e+00 5.224244988563900627e+00 5.156314932304445264e+00 5.698270148096634458e+00 4.924091823214929775e+00 5.334856232034140611e+00 5.311184955706312216e+00 5.190946666448787994e+00 5.489063998178919768e+00 5.377176017018844512e+00 4.955566700525058543e+00 4.320373333815739514e+00 5.016285179651235104e+00 5.653327377341500259e+00 4.055974739643573912e+00 4.867738904668446942e+00 5.388842298507093176e+00 5.598666408959266150e+00 5.109817982790613833e+00 5.291779032748961775e+00
4.579240932254640128e+00 5.114706816408764567e+00 3.554293517805983349e+00 5.072734451859780336e+00 4.288784444749984104e+00 5.247251979626851082e+00 5.069366664884289442e+00 5.643422783590871461e+00 4.785021341948999307e+00 5.384356538625984179e+00 5.220414212355859895e+00 5.155036670123567255e+00 5.479023522411156755e+00 5.608559993466951887e+00 4.990327144881966603e+00 4.309355618021240453e+00 4.937958584000452511e+00 5.603337094906783555e+00 4.020009553040996941e+00 4.850308806740500245e+00 5.573003024438923703e+00 5.639485291444999326e+00 5.103362117621836447e+00 5.287809661251744231e+00
4.539974595349906217e+00 5.561249601145321186e+00 3.922804770897749371e+00 5.303342034039256525e+00 4.617291655135780992e+00 5.289041059225643160e+00 5.109658593659196946e+00 5.689842263537326694e+00 4.770236711936821195e+00 5.352157745504592334e+00 5.518283210910450265e+00 5.330097210606951741e+00 5.292561697083266736e+00 5.518240879221497863e+00 4.946342403144955213e+00 4.978592153011976329e+00 5.026442903743438606e+00 5.587173672428376925e+00 4.095236363235734700e+00 4.838440877954480079e+00 5.548841985541769439e+00 5.796908308026533341e+00 5.316609044132884598e+00 5.393057136432392262e+00
4.760145343048628241e+00 5.286539024866416803e+00 3.863197397200402339e+00 5.291519441189672435e+00 4.572550121030081627e+00 5.424682850083031305e+00 5.193726086831330413e+00 5.789871080544281234e+00 4.660568776048507722e+00 5.407075297978645168e+00 5.497148296271484824e+00 5.405103695036470590e+00 5.434029560935823788e+00 5.659329721080601061e+00 5.185890504962675784e+00 4.381961997422386013e+00 5.133677485992963696e+00 5.665834927103013285e+00 4.120170232360206519e+00 4.867629948820908048e+00 5.583733316910962863e+00 5.674326328693344301e+00 5.222056665496467076e+00 5.419814456009351744e+00
