9.489240289458774624e-01 6.754649640096886953e-01 6.360942997286400669e-01 4.752631371466866650e-01 9.814954692319546314e-01 4.555284568173131876e-01 9.923227397194915866e-01 8.475141257911426029e-01 8.809823994298803251e-01 7.230268814809993616e-01 9.033839182661479450e-01 7.529760343096615349e-01 9.283288139212128032e-01 4.876856788815819854e-01 9.016699022527325802e-01 9.147399941730244288e-01 7.960056365230254727e-01 9.066095553923207984e-01 7.342514677688377622e-01 9.884282338801098078e-01 9.466030519368585638e-01 8.011454773321242673e-01 9.648274190019454633e-01 9.545694001528327588e-01
9.501341378210997890e-01 7.409425280669122982e-01 6.277537659233691780e-01 5.712162117007394402e-01 9.812731938280002675e-01 4.552213545125710081e-01 9.919770788285870999e-01 8.163531640319332539e-01 8.427542794187119490e-01 7.187246546610587261e-01 9.131024648709090696e-01 7.791418875256536092e-01 9.348467084347720224e-01 4.921079715528773324e-01 9.116836474783495126e-01 9.654781215480608969e-01 7.985689544618298497e-01 9.054810732970414167e-01 6.907272660510974660e-01 9.876712153354305634e-01 9.496693861564572403e-01 8.003784570347753924e-01 9.671476132000736969e-01 9.559516837106691867e-01
9.535836542031831398e-01 8.094699360187992410e-01 5.435575930172222847e-01 5.429030928612372797e-01 9.835477934196236172e-01 4.532737873330196510e-01 9.880961826395198155e-01 8.305771731964246563e-01 8.857124827530925559e-01 7.084374290742937452e-01 9.234746736328138805e-01 7.019001575373440271e-01 9.343287940484108489e-01 4.894603066871650587e-01 9.189308499123473029e-01 9.631942854829019796e-01 7.986840100197415415e-01 9.044807619783867825e-01 5.767137570614225828e-01 9.887406787691493948e-01 9.532900805634749730e-01 7.891821585196278077e-01 9.734871003262918210e-01 9.555613429879089571e-01
9.532089946260389191e-01 6.720826382189779569e-01 5.521050594718257543e-01 4.659765506827314718e-01 9.854995510356617805e-01 4.495460334274347658e-01 9.864660281005502851e-01 8.127669690784067313e-01 8.381790268241715580e-01 7.265175177086911074e-01 8.897647422973067322e-01 6.737901906546504005e-01 9.257934653832388117e-01 4.781056833441740261e-01 9.183825545107884292e-01 8.352546082612455347e-01 7.898358222116443894e-01 9.038710184982486906e-01 7.155992747858330727e-01 9.895656835271130491e-01 9.492604464288761923e-01 7.671580604992105368e-01 9.770650418043811403e-01 9.505691667876448037e-01
9.536807096471258127e-01 7.685636513262011915e-01 5.271885952180953572e-01 5.245412362520833760e-01 9.857495885563698490e-01 4.395194534288393018e-01 9.859091700492624843e-01 8.001281229980781173e-01 8.875252293128161885e-01 7.098295382038090073e-01 9.053773075160560513e-01 6.743168423713882254e-01 9.312385398278081317e-01 4.840492448393355351e-01 9.223730263537575080e-01 9.630075180510115906e-01 7.935455591474439574e-01 9.060675587040345480e-01 6.293669791704041838e-01 9.890584850735438804e-01 9.517737323260380133e-01 7.715324681548831887e-01 9.772602728159315300e-01 9.544441484183667779e-01
9.545426420717251226e-01 6.668247398853826002e-01 5.604460711915922877e-01 5.206258622314764439e-01 9.853820772143520035e-01 4.320905442269570851e-01 9.881486841779643093e-01 8.197822928434053136e-01 8.691429882132847284e-01 7.244569369221229849e-01 8.929734629049290717e-01 6.620550403174656484e-01 9.253763343501030247e-01 4.862047334783301533e-01 9.202497662365872744e-01 8.075841991247777463e-01 7.968998672178850828e-01 9.068528480917943391e-01 7.184603932334883147e-01 9.892356096378466246e-01 9.520962887296479105e-01 7.694507847582564564e-01 9.763907651521104292e-01 9.527661998194777437e-01
9.587216604153240285e-01 6.833791808388809397e-01 5.608228551467402401e-01 5.417718785799540138e-01 9.846561941650792127e-01 4.411128242002068656e-01 9.900617980739614410e-01 8.232853317734750709e-01 8.717535941855240056e-01 7.173371998615997169e-01 8.963084249992518959e-01 7.217902610192379331e-01 9.269327611947947299e-01 4.857520657190896318e-01 9.337791235881142127e-01 9.075341355580842650e-01 7.946887426856777958e-01 9.052626088057047493e-01 7.117457195515570767e-01 9.893265044814341103e-01 9.511118658473417531e-01 7.744340826409219503e-01 9.766131497308954135e-01 9.519405251189317907e-01
9.536801304240561938e-01 7.191969721733282306e-01 5.067462672253091327e-01 5.456141523402154858e-01 9.869331517928813247e-01 4.333307336237580132e-01 9.798492730061035827e-01 7.911734620568855458e-01 9.179961394701661170e-01 7.186737236967190023e-01 8.997213412897990814e-01 6.240835900608183717e-01 9.189688576349024363e-01 4.802583206075470290e-01 9.164057273076152699e-01 9.282214268543941271e-01 7.929969950431052794e-01 9.039514057310177320e-01 6.752254483347566172e-01 9.898502983022083868e-01 9.518570919014306408e-01 7.637849797364670845e-01 9.781434472995834684e-01 9.520366040487848736e-01
9.534704145748342796e-01 6.107509442783709552e-01 5.330864535794710424e-01 4.340108418503996202e-01 9.865188319932289840e-01 4.360689737920159237e-01 9.864030774274181734e-01 7.869892428053723021e-01 8.393149855440799056e-01 7.171143965859076985e-01 8.826275100058152967e-01 6.279097440168969202e-01 9.229541804763043977e-01 4.778380046019959360e-01 9.173209836310433074e-01 5.776876065454059628e-01 7.957172343946503634e-01 9.053844193559973386e-01 7.422432799552224347e-01 9.893561630973821686e-01 9.489961374804356531e-01 7.589202032643146412e-01 9.772944857916102679e-01 9.485670900432486841e-01
9.589377138528336619e-01 3.657561134491595922e-01 5.797563003123937797e-01 4.138120197314567594e-01 9.857345827272420147e-01 4.248803335661668346e-01 9.888121544603735158e-01 7.896154040255000117e-01 8.446323155780334213e-01 7.383128989080420812e-01 8.281480328083439257e-01 6.111384297701440982e-01 9.291295538950899990e-01 4.811168040776837018e-01 9.238880161456092255e-01 2.652184810904079648e-01 7.933071759340512008e-01 9.080188195214053959e-01 8.249276009348190941e-01 9.892608571343225465e-01 9.476654720989201586e-01 7.610920099525737559e-01 9.700906999883044390e-01 9.443745985760553241e-01
9.587877175622186998e-01 3.445339687655358252e-01 5.892355712925738676e-01 3.842691890279342215e-01 9.855445484277920443e-01 4.353096854423116890e-01 9.895138316375560184e-01 7.794775458667918544e-01 8.555992133079514117e-01 7.340196491516540744e-01 8.254185260218468434e-01 6.274764732850608429e-01 9.283335426046506189e-01 4.869176393565122218e-01 9.316966315775184748e-01 2.641068298827911054e-01 7.931721148602429716e-01 9.055161202879701277e-01 8.244896429097829937e-01 9.901272330648932529e-01 9.474448219273474692e-01 7.675390546096935163e-01 9.708153975369161470e-01 9.436458407174879159e-01
9.689066870353637562e-01 5.970080609521721815e-01 5.289551916760566463e-01 4.861812167385100580e-01 9.855202609802996561e-01 4.335060819097359408e-01 9.888301004429045360e-01 7.860810366892737600e-01 8.743661875777880566e-01 7.210387394809728567e-01 8.718142570761978627e-01 6.701423517431789323e-01 9.588657823040387385e-01 4.811549789915786079e-01 9.391410493384694247e-01 6.668059341422077901e-01 7.995678400391752483e-01 9.105919152291060970e-01 7.308700956345922650e-01 9.894357601694785398e-01 9.517687741301208426e-01 7.511273021101178005e-01 9.806926183027150357e-01 9.489882366605575381e-01
9.743842264503421724e-01 2.898657472391880652e-01 4.921943704931705521e-01 4.075741069155597307e-01 9.864260554738397690e-01 4.208299336985512618e-01 9.846451332004387824e-01 7.376425530167162181e-01 9.098417970829341117e-01 7.423593126978255130e-01 7.964221745079933523e-01 6.269163369060919422e-01 9.530563407577269386e-01 4.700329758097412380e-01 9.385661071229864927e-01 3.502409731048424790e-01 7.928182755231679701e-01 9.161443125317965119e-01 8.327664944168422512e-01 9.889913502856922944e-01 9.437345239853154322e-01 7.617272157684445988e-01 9.763628666977098858e-01 9.333836779289919061e-01
9.695806741040442489e-01 6.491945393251307150e-01 4.527030556728329214e-01 5.182029454460073126e-01 9.872118581259925474e-01 4.139244401058294609e-01 9.826093639259151358e-01 7.833377248664574743e-01 8.724174060121210328e-01 7.262726713723662852e-01 8.695153868523238794e-01 6.243474289553876400e-01 9.624702398730234920e-01 4.682441060272352629e-01 9.385936938098372595e-01 8.818554333444080795e-01 7.969851173557794821e-01 9.100913759754551968e-01 6.668925637469327317e-01 9.885402814314320219e-01 9.514426736482081148e-01 7.671046572734913083e-01 9.807494181588485294e-01 9.463504706301345548e-01
9.603732879959900881e-01 5.560565122562582951e-01 4.502099438807974363e-01 4.539338418989879442e-01 9.886458096540305940e-01 4.115776075972693016e-01 9.669766098560909073e-01 7.792428509967506134e-01 8.779904591735829822e-01 7.302544980563874244e-01 8.431682026565653354e-01 6.146152601024572615e-01 9.383850918945418895e-01 4.665492022302245578e-01 9.259809646919718862e-01 5.398150496187722469e-01 7.899128296711293018e-01 9.045439658217012679e-01 7.409162784588591011e-01 9.883982936709120315e-01 9.452965030082612907e-01 7.436531993593491485e-01 9.791075510615004918e-01 9.471579436474394376e-01
9.579588301189915223e-01 5.655975952102948456e-01 4.456851922426380841e-01 4.790922327642576639e-01 9.880047743541228167e-01 4.170086428260429967e-01 9.689721992956266128e-01 7.485438454799321351e-01 8.475957988509765784e-01 7.224373742131632303e-01 8.486363395284459710e-01 6.214162037591965948e-01 9.431526820960713930e-01 4.649286987522281422e-01 9.320621867825523710e-01 5.427032830471005820e-01 7.958746876222649869e-01 9.079862358176588044e-01 7.422147925764192022e-01 9.896648523897841887e-01 9.485555245457129026e-01 7.386854015592055900e-01 9.772934365188346018e-01 9.471407254548078747e-01
9.589137504658017397e-01 6.598888126028363832e-01 5.738055100602820202e-01 5.245743743723156882e-01 9.844509823299706364e-01 4.410072614490160303e-01 9.907457565523165588e-01 7.984774582224696271e-01 8.634208892920721690e-01 7.167638721170234151e-01 8.921402637470136066e-01 6.996498544923677176e-01 9.306307529763658826e-01 4.842824210950287256e-01 9.366818912397213426e-01 7.909353837707919777e-01 7.952701910227115700e-01 9.054452164617851073e-01 7.287247300153301133e-01 9.896024057613990177e-01 9.535318506964206575e-01 7.706566640735920126e-01 9.782219320994482992e-01 9.509451460074669349e-01
9.663750005291475986e-01 5.989476595959690730e-01 5.811363593557102858e-01 5.008873658132358964e-01 9.841980737760980258e-01 4.235065544997052012e-01 9.922844508439762068e-01 8.041840152450810963e-01 8.922222809437188040e-01 7.339893926327355489e-01 8.760251702274317598e-01 7.298345377788933996e-01 9.303672867686058057e-01 4.813224990402018566e-01 9.464014483712603898e-01 6.060511709303483263e-01 8.000777338028181029e-01 9.099827180911058688e-01 7.606835127710761535e-01 9.890184363263913037e-01 9.547262807045688859e-01 7.649266313045472998e-01 9.776589084278857200e-01 9.497112191139384096e-01
9.452335325479039874e-01 7.689738205116142256e-01 6.183487369491594832e-01 5.272498873192609237e-01 9.828527869386047833e-01 4.498740649137736858e-01 9.903093323193060682e-01 8.176052760755083693e-01 8.902381725917758448e-01 7.353243187460765107e-01 9.191548508371736315e-01 7.090235061127089233e-01 9.347927070026710306e-01 4.958716991803384100e-01 9.062710160384215285e-01 9.684910334455226755e-01 7.938866468161901446e-01 9.029595544377924110e-01 6.886380584425069173e-01 9.872201881929938416e-01 9.516609353800995486e-01 7.698322913225863484e-01 9.709993885362367960e-01 9.554650685241459218e-01
9.610152767105480942e-01 7.613640154979207653e-01 4.887256740532940347e-01 5.440081092034833032e-01 9.844432939101732671e-01 4.245480700256850093e-01 9.906823633007983965e-01 8.244340416507033309e-01 8.366698394178513354e-01 7.143325742347850227e-01 9.161144883442001730e-01 7.661434436548791860e-01 9.422328513783275739e-01 4.735941397817671761e-01 9.411049993391151780e-01 9.596132464730153799e-01 8.007379536767129657e-01 9.077684805520755962e-01 6.233892710330193321e-01 9.866006945511539561e-01 9.579081469396392157e-01 7.984655571745512548e-01 9.794233474336353495e-01 9.565824751951090832e-01
9.516251847522730900e-01 6.882681946756475933e-01 5.502687633461250671e-01 5.219077553762518917e-01 9.870058606997782480e-01 4.460426598974853163e-01 9.821147025305920764e-01 8.054684860743470676e-01 8.973821596692465041e-01 7.181987756374461629e-01 8.867303068340783856e-01 7.423668694938880819e-01 9.285986401530681444e-01 4.804211511384466893e-01 9.259402478043006202e-01 8.906803089770840565e-01 8.001487925798903555e-01 9.003284784205669578e-01 7.156301777850241352e-01 9.875421159964387074e-01 9.410828800207586831e-01 7.792075640601023867e-01 9.737120030551326133e-01 9.430938886782204156e-01
9.597764644230142306e-01 7.561958017069682070e-01 6.390953501490715949e-01 5.676229332629642022e-01 9.837088300453634693e-01 4.511066205267695306e-01 9.917194926995630544e-01 8.198950569353752327e-01 8.726033564520722097e-01 7.183927881696109408e-01 9.135750436001778274e-01 8.223153536619800530e-01 9.373038664408915865e-01 4.988170127365010309e-01 9.456059994778935884e-01 9.608780671179890653e-01 8.084856111874462181e-01 9.076761658164006485e-01 6.704113323971668814e-01 9.891858391517354132e-01 9.495117147499351207e-01 7.917568345779285588e-01 9.773879270620762227e-01 9.498629077225091422e-01
9.583802148549445121e-01 7.433967139283306214e-01 6.188684607686782968e-01 5.604780117343861612e-01 9.838873600864382896e-01 4.485348749718269801e-01 9.916350600979576546e-01 8.293629756306113432e-01 9.049315344066883871e-01 7.129419563368593060e-01 9.072198175446755108e-01 8.145216212223074237e-01 9.382725853665201399e-01 5.004237466055283523e-01 9.405180451255276131e-01 9.607290526371321526e-01 8.042037964637908098e-01 9.072451722082695014e-01 6.678123758803155008e-01 9.890210359716652411e-01 9.505959090610431872e-01 7.964496970537071618e-01 9.758111481918497754e-01 9.501500255308102938e-01
9.681833833772857112e-01 5.189301849843490633e-01 4.531660376809136803e-01 4.318684191354506541e-01 9.829282114594507513e-01 4.076098974090865967e-01 9.906385484586761603e-01 7.886265653869841685e-01 9.044278316953526797e-01 7.266193642868459257e-01 8.588851738852636419e-01 7.185239531011711200e-01 9.295546074575170570e-01 4.481985263240887418e-01 9.436793438087035524e-01 5.055955181693549960e-01 7.950996716848517387e-01 9.078610715849386725e-01 7.741051858002835351e-01 9.887474435707725995e-01 9.564558927672499600e-01 7.722032332168325963e-01 9.781815476492410344e-01 9.549327984191681162e-01
9.470784015517202947e-01 7.772315635593474159e-01 4.280716089225087284e-01 5.447859089690060275e-01 9.874361961241131525e-01 4.192822921398390301e-01 9.660054092011092219e-01 7.939530642689002216e-01 8.704806327455368864e-01 7.171806190038180207e-01 9.034123019337033655e-01 6.378487809017713284e-01 9.265220332266318470e-01 4.671586956205023844e-01 9.070075495441488611e-01 9.641660021243295686e-01 7.933249489962338474e-01 8.957325260196183914e-01 5.857683164221856309e-01 9.888055783443046032e-01 9.544544655579920711e-01 7.395760845468497546e-01 9.739044098837185137e-01 9.582250982441579135e-01
9.447940513133573637e-01 7.763093519272483700e-01 4.138670882986003607e-01 5.128470106760650848e-01 9.875572858053232039e-01 4.138553747022720164e-01 9.629803987238921836e-01 8.046250486408360603e-01 8.721042718068934274e-01 7.112053792809297503e-01 9.098044948988446290e-01 6.281195863299910975e-01 9.286640327547951435e-01 4.648365793501567644e-01 9.110793372894006037e-01 9.636961976308716649e-01 7.918042190335947694e-01 8.969455595331964348e-01 5.799340249884629150e-01 9.886606642086581687e-01 9.543669687196026929e-01 7.388938581437051178e-01 9.747698927418585457e-01 9.562956276840756109e-01
9.523172622241208307e-01 7.584327527002773239e-01 5.188774243267543218e-01 5.408489829632745494e-01 9.846362308544222008e-01 4.416225731421157263e-01 9.884998724388580627e-01 8.107115826202968556e-01 8.666578542280517494e-01 7.166405594956590797e-01 9.162377248257944640e-01 7.157917385702777802e-01 9.336592614099733511e-01 4.765690476965819267e-01 9.226081517897225526e-01 9.635496337847424542e-01 8.020203749678965766e-01 9.024231727006539749e-01 6.389228687507901849e-01 9.888094229968107385e-01 9.541989487695825556e-01 7.937337797633053915e-01 9.755990086305865727e-01 9.597863033675918532e-01
9.540644518221739201e-01 4.458881284388418464e-01 5.956075791261558061e-01 4.368666935780382565e-01 9.877248987526598967e-01 4.448891440912557949e-01 9.834771427546861178e-01 7.760439520961156523e-01 9.054554658199305273e-01 7.298192817515847253e-01 8.448714033615529750e-01 6.694877517258513988e-01 9.378905169085921534e-01 4.970894685291554205e-01 9.216139458611593005e-01 3.763256624367711800e-01 7.999202098515150183e-01 9.095803309023154926e-01 8.092882090933730677e-01 9.899492512294585378e-01 9.433970315873924095e-01 7.489927095022996806e-01 9.717922696638350288e-01 9.380219254602680801e-01
9.473663681004796944e-01 6.726877839520387647e-01 5.706330826230827657e-01 5.307462082946686754e-01 9.877236767952406460e-01 4.389548661015394981e-01 9.773023638709721350e-01 7.965457901336148172e-01 8.978377742425559527e-01 7.269636382010424835e-01 8.818501028766113636e-01 7.037226239701049879e-01 9.320364965934975210e-01 4.976138263530577310e-01 9.190621878546141321e-01 7.378243096898018383e-01 8.038766976925764141e-01 9.065118307522597174e-01 7.385973771621693329e-01 9.897669154449671991e-01 9.432996113465638155e-01 7.355830841520717422e-01 9.750783162327038012e-01 9.474589891636940875e-01
