6.770063448024924435e-01 6.494371904547501240e-01 6.099894371510486968e-01 4.777076067489867128e-01 5.813647793949554554e-01 4.391766809952621364e-01 7.889374466654599516e-01 7.881493037499277543e-01 7.226809002944888372e-01 7.020467028752033212e-01 8.310738546032663265e-01 7.408409529141009031e-01 8.255443886097152406e-01 4.979767244894758305e-01 6.814823641563393375e-01 4.550953487631721472e-01 7.467086347265519120e-01 8.462075790208976045e-01 6.189404954596581243e-01 8.346376692204190428e-01 8.155527166970183428e-01 7.604603127766302872e-01 6.211094686704442536e-01 8.310840707964601837e-01
6.706896162782828297e-01 7.012352261619123617e-01 6.039313968234796270e-01 5.644196623263347812e-01 5.784007126475995131e-01 4.416766016188743427e-01 7.881778489678868960e-01 7.720665499124342857e-01 6.973519959629226328e-01 6.952035865626726707e-01 8.362342228113653908e-01 7.631081792560934218e-01 8.249569611817626491e-01 5.009096041653597897e-01 6.738565914142005120e-01 4.307872692084928623e-01 7.466255069305731684e-01 8.466711303892171525e-01 5.894950280539970056e-01 8.340302613480055083e-01 8.149012372476666100e-01 7.617249719780544437e-01 6.185228269964693215e-01 8.302647196842134480e-01
6.668537182105901406e-01 7.502838345317458524e-01 5.261058848601090077e-01 5.404030949706726261e-01 6.101691526372615693e-01 4.327122804808963275e-01 8.212456187651657746e-01 7.773221659977898046e-01 7.343629548898162884e-01 6.891210817455439841e-01 8.380996177392003865e-01 6.869652427367035630e-01 8.207761293179804962e-01 4.977562996202968826e-01 6.725343903007694468e-01 4.065897463227456932e-01 7.464814310360483596e-01 8.463376260124700901e-01 5.049236477807906853e-01 8.364437104321497118e-01 8.167644502390265515e-01 7.607983318439082154e-01 6.179898700189174754e-01 8.354914737279911519e-01
6.625161491513342771e-01 6.554578842796074944e-01 5.356762837077797546e-01 4.707880007546695333e-01 6.402123062076489068e-01 4.246010512731736575e-01 8.280480169856003769e-01 7.637084086008973927e-01 6.986762936221420084e-01 7.003865979381442841e-01 8.236778741550868643e-01 6.645597484276729583e-01 8.228465679676985056e-01 4.870627394335238503e-01 6.671605166905875128e-01 4.179412713778638544e-01 7.405477460009695090e-01 8.450790323989171293e-01 6.050026055237102129e-01 8.341103554190434366e-01 8.168676666757411775e-01 7.457921533393231384e-01 6.260581220521903578e-01 8.342372409956890777e-01
6.618228085448335518e-01 7.243757922353565304e-01 5.106687801012009809e-01 5.131496556042579593e-01 6.442671057909514776e-01 4.191234307648742941e-01 8.294793742662917024e-01 7.574559090642760673e-01 7.352472935682445865e-01 6.941115003995328436e-01 8.326059940464148879e-01 6.620435890178318905e-01 8.247043070743137472e-01 4.913812050613833859e-01 6.682168390365794686e-01 4.097052422280140771e-01 7.458268956951134010e-01 8.469179678396644428e-01 5.414330393620917503e-01 8.350983358547655611e-01 8.153603652570932114e-01 7.492293418729236709e-01 6.182298010556231960e-01 8.345875100658095569e-01
6.642981632926665547e-01 6.456901748040988487e-01 5.360571081409477578e-01 5.083346364347146595e-01 6.383241298527443375e-01 4.139690137296888617e-01 8.275449752703951667e-01 7.710555458413475005e-01 7.193019678565745201e-01 7.041527270495073765e-01 8.259291521486643584e-01 6.509971958788871582e-01 8.253660999831677891e-01 4.940534094831643963e-01 6.637845792995608063e-01 4.197742103232516286e-01 7.432170542635658794e-01 8.475336322869955197e-01 6.047688457413162855e-01 8.334749129970131509e-01 8.164281438754965592e-01 7.470204228304485605e-01 6.255762265393480792e-01 8.337408312958435319e-01
6.500284103326193774e-01 6.668367806430308686e-01 5.389194278251890902e-01 5.359305737653743407e-01 6.268898931799506968e-01 4.280319718043929522e-01 8.238888288093435541e-01 7.737588238725862100e-01 7.172910815537067997e-01 6.935805728670985104e-01 8.315072463768116151e-01 7.023088923556942698e-01 8.242302206560953026e-01 4.944899689177733593e-01 6.522558499540079824e-01 4.170195248176899461e-01 7.441416893732970550e-01 8.461829616258079723e-01 6.011656036947438109e-01 8.340513101934421414e-01 8.149929355504836881e-01 7.500747473539436383e-01 6.173872428568527582e-01 8.329165972106462590e-01
6.672811474304213286e-01 6.921839628261646782e-01 4.899011471808640272e-01 5.369335040759596334e-01 6.641493830115998698e-01 4.141515972528511114e-01 8.391416451800715048e-01 7.484562029910152292e-01 7.556882746227636671e-01 6.974059861857252463e-01 8.303747534516765505e-01 6.187296262303383365e-01 8.222890719446709351e-01 4.896287695735400125e-01 6.700124002714021865e-01 4.337788759228387581e-01 7.439345751930940276e-01 8.456896300399405764e-01 5.757963555431909741e-01 8.349538562953197074e-01 8.152371643452526184e-01 7.431831831831832158e-01 6.220035997709236764e-01 8.336901815755081158e-01
6.633729768398461957e-01 6.053161621093750000e-01 5.166032567341348747e-01 4.395649432534678436e-01 6.570567337711271660e-01 4.177553911537856268e-01 8.369179081871506165e-01 7.419978895532888252e-01 6.968378919279519801e-01 7.000859528487229921e-01 8.270538450313731360e-01 6.213899345206086444e-01 8.230736842105262907e-01 4.856110587496073050e-01 6.619138955006586000e-01 3.604496529942234906e-01 7.461995033613953998e-01 8.472566216964363406e-01 6.174345932198803677e-01 8.320142407229905723e-01 8.160352950788419824e-01 7.406539247505710133e-01 6.418417995564473788e-01 8.351418449608077887e-01
6.627032542869185638e-01 3.778726094515568179e-01 5.556901459632972440e-01 4.113255298956026706e-01 6.440223699482958697e-01 4.145603529782539987e-01 8.298011619343752532e-01 7.452852358850831083e-01 6.928116661823369160e-01 7.210996816066617132e-01 7.920636799431851616e-01 6.034963263237902442e-01 8.178762499649869788e-01 4.834075653974029274e-01 6.674147424922493022e-01 2.184236918175918862e-01 7.408035876613539017e-01 8.458494573598300814e-01 6.557648519975159962e-01 8.299126637554584685e-01 8.152737594846880542e-01 7.416631616895992263e-01 6.728313910737762082e-01 8.318472761830225659e-01
6.590723447468926910e-01 3.584875810789431849e-01 5.653740199194744465e-01 3.744717358838295374e-01 6.409383991766954836e-01 4.153284211852131813e-01 8.300389868862291243e-01 7.390945531714218086e-01 6.984561884187786562e-01 7.116368874314260573e-01 7.875713567393297643e-01 6.207256178496934895e-01 8.197006223019566162e-01 4.931970656467490333e-01 6.680944636598942221e-01 2.230325492423110290e-01 7.439711585070285516e-01 8.462993133946234980e-01 6.589369732692208492e-01 8.295910293836793459e-01 8.142724946927222263e-01 7.469152481311357450e-01 6.733856582233321841e-01 8.312109025915996874e-01
6.543998952925265122e-01 5.994346984546375934e-01 5.130733875140778277e-01 4.847180775875608583e-01 6.416121775329562960e-01 4.119184033243090126e-01 8.275608760712828138e-01 7.438711390388530464e-01 7.151690567030654089e-01 6.984136724862691770e-01 8.206154835315778717e-01 6.565627950897072740e-01 8.258069865133760290e-01 4.900182057881850572e-01 6.653120862061092655e-01 3.895680208793106947e-01 7.468135993460688349e-01 8.481527773740662468e-01 6.023440657416139210e-01 8.317961630039136800e-01 8.156712149685432234e-01 7.301104722916227363e-01 6.309022665533043916e-01 8.337096819157536753e-01
6.435261237812813784e-01 2.931233562127140702e-01 4.717608987666381815e-01 4.068155929629160839e-01 6.556169033450061079e-01 3.985253804707439285e-01 8.358953168044077620e-01 7.015728599887015582e-01 7.241361658561555892e-01 7.172268006494899595e-01 7.644282471024017589e-01 6.142582131473475204e-01 8.165398191043459208e-01 4.785788267788205208e-01 6.591213836049181207e-01 2.636083165660630390e-01 7.471003300929711655e-01 8.426500434908669179e-01 6.407805655117483346e-01 8.289416257501364127e-01 8.124109979187205122e-01 7.375875860824587793e-01 6.554723939689771628e-01 8.282691874859329229e-01
6.469750889679715122e-01 6.386567437320808116e-01 4.397095766190797228e-01 5.017398664534938879e-01 6.696510862409480458e-01 4.057929904185577641e-01 8.405716664354100365e-01 7.436578955140131786e-01 7.151178113963417848e-01 7.015671481583709568e-01 8.162051282051282497e-01 6.153797568293067899e-01 8.141790031237267078e-01 4.795851013672796093e-01 6.607090069809218313e-01 4.204973281515666517e-01 7.431929006269497595e-01 8.471467193813773111e-01 5.625922887612797574e-01 8.315218879185259926e-01 8.117237818300404584e-01 7.434481102338567071e-01 6.188285115133252967e-01 8.334822176316230014e-01
6.483256187930547254e-01 5.600768587101372376e-01 4.289172130645260150e-01 4.532371835243733660e-01 6.952589251133438619e-01 3.891414141414141215e-01 8.468823546091246435e-01 7.349093682172815889e-01 7.180141545423451843e-01 7.077814569536423628e-01 7.990146911322202339e-01 6.072276193791336096e-01 8.233979551930274976e-01 4.755051377934198520e-01 6.581344507196210669e-01 3.385802147399145090e-01 7.385086204284458944e-01 8.428746141750625975e-01 6.090255697758303333e-01 8.303856982751551818e-01 8.168636463121032865e-01 7.297174936617167873e-01 6.471853634640369890e-01 8.347845563737156249e-01
6.475170822996909603e-01 5.639675360882225874e-01 4.271695798834713176e-01 4.751949195171026319e-01 6.844844216145892224e-01 3.900861388950241371e-01 8.466630831470846053e-01 7.111347958670101166e-01 6.959250139010246805e-01 7.001994170885105229e-01 7.999469511656007725e-01 6.110040135258982819e-01 8.229326775284352413e-01 4.750039277297721796e-01 6.590671692629093137e-01 3.378344481605350946e-01 7.442579237621962385e-01 8.452425997613295383e-01 6.101536406145624536e-01 8.316747771884739349e-01 8.157636006117544580e-01 7.248670855485741527e-01 6.484198404913208424e-01 8.357786862294898089e-01
6.519418006782627950e-01 6.469467380455493632e-01 5.565636948473630108e-01 5.142642407540788385e-01 6.251690088908919973e-01 4.232196779063915337e-01 8.201754385964912242e-01 7.557499853689939595e-01 7.091163798799989815e-01 6.961166538756715649e-01 8.256635367307189055e-01 6.853249804228660480e-01 8.264153054374580032e-01 4.926699105320985761e-01 6.641947224749772394e-01 4.091053325984935762e-01 7.416580875673711715e-01 8.442307692307692291e-01 6.162551722248101882e-01 8.333516152032030000e-01 8.134324309662018804e-01 7.475031397643681075e-01 6.191823771326193659e-01 8.328840221227870044e-01
6.501410284226513125e-01 6.013546647051611904e-01 5.595465429965748028e-01 4.992472241390126242e-01 6.198736568422335003e-01 4.140730717185385767e-01 8.185649477894397785e-01 7.572488199595415193e-01 7.271533958152844868e-01 7.108263854830799700e-01 8.205060852814990424e-01 7.085605659260182376e-01 8.227763179963101248e-01 4.870829017170480446e-01 6.566040265457064873e-01 3.684567913562740715e-01 7.496518738269661863e-01 8.464917384221549712e-01 6.285791245791245707e-01 8.319058694759885464e-01 8.155215939629196775e-01 7.414066473210279007e-01 6.261133102424542018e-01 8.334633168068631415e-01
6.836189551099701722e-01 7.272727272727272929e-01 5.946656989930145798e-01 5.192590506586564070e-01 6.001140564776212827e-01 4.439904450590897445e-01 8.058742663776238269e-01 7.701682264789060373e-01 7.357563850687622864e-01 7.074644259077527142e-01 8.350204175533444406e-01 6.979107848673066217e-01 8.249216170472517540e-01 5.023831922232674385e-01 6.698735246497876661e-01 4.543001535502914634e-01 7.428735875920148279e-01 8.466398788725832958e-01 5.871078183757085789e-01 8.334157463875611072e-01 8.148338983050847917e-01 7.451892956233777676e-01 6.200167384514890800e-01 8.326138690575017876e-01
6.381696093364511713e-01 7.251741646003070363e-01 4.729766887660016295e-01 5.313300431061410700e-01 6.236104299493215875e-01 4.063385157676087100e-01 8.250081265575902600e-01 7.731925690454665157e-01 6.965454594031366131e-01 6.911972479882056986e-01 8.365700455252693679e-01 7.266880039391887536e-01 8.245774199795280479e-01 4.834295756967110225e-01 6.449171111750514607e-01 3.854462762933484887e-01 7.420096852300241963e-01 8.464337700145559973e-01 5.404834942166436562e-01 8.329802745605106029e-01 8.157095602190770345e-01 7.643289426842292400e-01 6.078639107664014496e-01 8.346681446584452990e-01
6.491663010092145747e-01 6.671664167916041555e-01 5.264086113053789706e-01 5.149237370415609139e-01 6.654092712921372277e-01 4.284321740771020459e-01 8.327931886844273102e-01 7.602222872184849489e-01 7.419670742681699904e-01 6.975102078408498274e-01 8.264947585445886480e-01 7.241518578352180713e-01 8.247862049628487124e-01 4.891966585013504121e-01 6.573265130596170902e-01 3.999627635197066655e-01 7.470467074574422828e-01 8.445267825884000823e-01 6.036357644991212634e-01 8.339283752609030209e-01 8.186599463101955632e-01 7.579747441498593252e-01 6.250334865126631056e-01 8.344546495072722170e-01
6.464762482662967935e-01 7.173160557379959501e-01 6.165300217024355378e-01 5.519409768701553087e-01 6.125451625853071125e-01 4.318431717508089407e-01 8.064251718667371227e-01 7.702745988759791551e-01 7.203095597784314741e-01 6.931434534405499504e-01 8.346170488965816148e-01 7.817668538463898864e-01 8.218311032147020967e-01 5.050460728389644105e-01 6.559924968178468818e-01 3.913790671129749876e-01 7.529055690072639084e-01 8.475118517872204382e-01 5.782717156711606465e-01 8.349554602441437989e-01 8.161191271976304673e-01 7.610274421096493436e-01 6.104367714623919472e-01 8.334442780274032847e-01
6.456173830073296260e-01 7.116153686642769927e-01 6.000422884069352980e-01 5.556628156821225017e-01 6.152000806370325758e-01 4.322278751334714952e-01 8.089503143486218573e-01 7.763390913049789122e-01 7.401874556958701890e-01 6.938831910581587659e-01 8.318617266851339176e-01 7.798026983005009738e-01 8.243689778691027925e-01 5.048878305552074730e-01 6.531441974757065116e-01 3.907736837386815987e-01 7.480624848631629575e-01 8.484522285581287404e-01 5.775847576351919033e-01 8.360051695218192469e-01 8.152339086074026353e-01 7.645834572159124765e-01 6.114539570225340226e-01 8.334211036891265856e-01
6.400673687801133882e-01 5.312974262086908039e-01 4.409749831793993713e-01 4.196338383838383868e-01 6.011898898760860144e-01 3.889011508749802837e-01 8.304650211373244550e-01 7.464175371487420385e-01 7.327143266998774607e-01 7.051824593682919362e-01 8.075884735019660532e-01 6.899919389843119921e-01 8.213945673480818055e-01 4.561480690066932464e-01 6.550077352525728314e-01 3.193863319386331945e-01 7.409930366333635776e-01 8.451663610165051077e-01 6.254947490632750684e-01 8.324977397879510521e-01 8.119810682893847664e-01 7.396740740740740394e-01 6.350816996882650001e-01 8.331572802579640946e-01
6.624755831967489295e-01 7.318098935356743828e-01 4.093020394352333002e-01 5.355783034766868900e-01 6.733671668137687361e-01 4.111934415891533856e-01 8.426975775820836345e-01 7.540328504686627520e-01 7.314479091128837096e-01 6.946841507232134338e-01 8.330151015448706842e-01 6.294041573352679997e-01 8.233602323178733640e-01 4.774313195448544600e-01 6.643835616438356073e-01 4.135127444205048963e-01 7.425142441508061353e-01 8.425047438330171001e-01 5.057278490008243477e-01 8.366178575360563308e-01 8.129215765948801797e-01 7.224461556972686660e-01 6.140532005344345734e-01 8.346432638098147949e-01
6.632480558999210851e-01 7.377395591817568210e-01 3.988667159398866513e-01 5.115187179166145182e-01 6.782166114728958028e-01 3.997728563316297334e-01 8.431555442494135244e-01 7.603271983640081944e-01 7.306999381537551130e-01 6.926174084091467620e-01 8.373142097044705690e-01 6.201859229747676006e-01 8.232896977140146122e-01 4.759674326490836438e-01 6.693355808400056617e-01 4.136607724018225296e-01 7.418220403213582337e-01 8.435447619603607672e-01 5.017243836397320411e-01 8.355614237773010267e-01 8.125389302640487754e-01 7.195246690734055095e-01 6.160620079538998706e-01 8.348993661736906491e-01
6.635242605665266913e-01 7.145933508363078168e-01 5.001677084921481997e-01 5.306759965013120306e-01 6.265809789750328429e-01 4.166378252524934878e-01 8.243257879345824435e-01 7.635221962616822733e-01 7.197708499866772858e-01 6.918140506018177760e-01 8.391477338253949814e-01 6.985843307603362140e-01 8.244160177975528025e-01 4.851081191350469224e-01 6.674131880310306686e-01 4.103412560698384559e-01 7.466787713723710418e-01 8.441770344686926331e-01 5.505580074775813237e-01 8.355554333782334586e-01 8.135482996883891538e-01 7.633238163216750083e-01 6.135286166757448756e-01 8.333056616304167497e-01
6.633833646028768349e-01 4.645316804407713662e-01 5.744674412975067090e-01 4.359127859348415068e-01 6.785174315190323213e-01 4.223446105428796393e-01 8.376323574133974770e-01 7.312551416147607952e-01 7.346582621379453837e-01 7.070419080903768139e-01 7.983405907967517923e-01 6.610489840919829829e-01 8.202573334449747566e-01 5.009400263207369752e-01 6.711445210087932933e-01 2.831180614859094558e-01 7.481292980702233253e-01 8.476201545882490196e-01 6.529459452391537244e-01 8.300500013661575860e-01 8.156766352587737634e-01 7.336789438784736550e-01 6.659330501573607064e-01 8.319619367478309213e-01
6.689567890074127332e-01 6.690162149080348675e-01 5.486953883495145901e-01 5.290646853146853124e-01 6.790609701824654731e-01 4.204395189219822249e-01 8.399354623344831294e-01 7.508131391566794655e-01 7.394401498562118702e-01 7.074756894383262829e-01 8.223977613898038053e-01 6.825780147404735265e-01 8.247192266860368104e-01 5.031685280461789533e-01 6.849885291265580545e-01 3.924527640480947599e-01 7.515832853549891945e-01 8.474457866394993211e-01 6.151141883369561913e-01 8.320059118154199407e-01 8.158820161927868853e-01 7.228733687771869976e-01 6.374816369359915802e-01 8.343078293796636347e-01
