6.105826397146254525e-01 7.855611150822016109e-01 4.805194805194805130e-01 8.335877862595419963e-01 5.689192263936291294e-01 7.104874446085671647e-01 7.620799607554574751e-01 8.389065169636319430e-01 7.059214903526280782e-01 7.123552123552123749e-01 8.631682197155468028e-01 8.209904588823262461e-01 8.050160286630209105e-01 6.908957415565345483e-01 7.002534300445687476e-01 5.272558427488004407e-01 7.246434231378764412e-01 8.437906795105440949e-01 5.214020896528479554e-01 7.405084745762712251e-01 7.636276697481670928e-01 8.114438185591461572e-01 7.036996316859985834e-01 8.236753499911394494e-01
5.968722849695916599e-01 7.760641579272054003e-01 4.782775855440215551e-01 8.290220820189274642e-01 5.625786729005574083e-01 7.030213706705968901e-01 7.615384615384614975e-01 8.340903018968741645e-01 7.118026352677320201e-01 7.027818448023426257e-01 8.556750298685782408e-01 8.206335616438356073e-01 8.066217937056576748e-01 6.923076923076922906e-01 6.717369970559371462e-01 5.442491060786650570e-01 7.263366336633663156e-01 8.515910276473657170e-01 5.161349134001823602e-01 7.433567632436138828e-01 7.548509228584949771e-01 8.127031019202363149e-01 7.004653176063196929e-01 8.229422066549912929e-01
5.408294142796066239e-01 7.655190401669275113e-01 4.377682403433476588e-01 8.384364820846905708e-01 5.678309483510283195e-01 7.056483691328560015e-01 7.807698159135858518e-01 8.291548203670199291e-01 7.227541537595043586e-01 6.969846762234305215e-01 8.580449017773620346e-01 7.768679631525077234e-01 8.100160399215825535e-01 6.859259259259259389e-01 6.178776367897842459e-01 5.416152136329958067e-01 7.339413164155431657e-01 8.496714848883049065e-01 5.135015493581230883e-01 7.545157405814553186e-01 7.448801397047150052e-01 8.155912217490992600e-01 6.846706715297146140e-01 8.334534967555875529e-01
5.336301036377547602e-01 7.911884487226953366e-01 4.356060606060606077e-01 8.350194552529183190e-01 5.967930029154518978e-01 7.081339712918660600e-01 7.625401929260450240e-01 8.307490144546648692e-01 6.975865077057283870e-01 7.016867469879518593e-01 8.707637835103692048e-01 7.861396859772604717e-01 8.061006411501845381e-01 6.832204665161776269e-01 5.971137922876744719e-01 5.132059879858882345e-01 7.354476114010437549e-01 8.469760166840458737e-01 5.247308209959623548e-01 7.243988565663359580e-01 7.405083655083655181e-01 8.231813435433344983e-01 6.764249279219338717e-01 8.196027951452740101e-01
5.286374457358913315e-01 7.789195537287140203e-01 4.268239405854084567e-01 8.313422347153900382e-01 6.055192878338279128e-01 7.069510268562401167e-01 7.761780104712041606e-01 8.285872269836881410e-01 7.155208478594338173e-01 7.016328550222662441e-01 8.660626836434868192e-01 7.836225596529283743e-01 8.062277246295254107e-01 6.906906906906906674e-01 5.950094458438287548e-01 5.381515130814946701e-01 7.271268057784912031e-01 8.478089740225662752e-01 5.291515882589464814e-01 7.420349434737923966e-01 7.367415193502150350e-01 8.221685082872928207e-01 6.679293602945099995e-01 8.233260553129548853e-01
5.329774531151225681e-01 7.818250093879083318e-01 4.377861007074489996e-01 8.244170096021947725e-01 6.009484703024694507e-01 6.836158192090395769e-01 7.626174176086610856e-01 8.306557808796418696e-01 6.991236611489776154e-01 7.044573643410853014e-01 8.648993117512108197e-01 7.883538633818588659e-01 8.048352505361668907e-01 6.844444444444444109e-01 6.049344641480339790e-01 5.163940060489414785e-01 7.227762265656162421e-01 8.379084967320261645e-01 5.265229295003421850e-01 7.170348058902276112e-01 7.452300785634119462e-01 8.289885297184567126e-01 6.738589211618257746e-01 8.146118721461187429e-01
5.189948166130831098e-01 7.884753042233356712e-01 4.369294605809128651e-01 8.239947264337508237e-01 5.856411385784286994e-01 7.184773988897700248e-01 7.604697882861999325e-01 8.316069057104913398e-01 6.921799307958477199e-01 7.057392996108949879e-01 8.646748681898066557e-01 7.701478302336671744e-01 7.996183206106870500e-01 6.859070464767615949e-01 5.731360273192942500e-01 5.156404170777887375e-01 7.226422602467170719e-01 8.451292765735178847e-01 5.232974910394265766e-01 7.272267206477732726e-01 7.399395578177191402e-01 8.234892454762717806e-01 6.576417814802947293e-01 8.185137849187511527e-01
5.268886501969208824e-01 7.829787234042553390e-01 4.094732182381584651e-01 8.206666666666666554e-01 6.103551062726801923e-01 6.783673469387755395e-01 7.809798270893372196e-01 8.277656078860897715e-01 7.034407427635172017e-01 7.006802721088435382e-01 8.666329881283152403e-01 7.828467153284671687e-01 8.129453681710213653e-01 6.822222222222221744e-01 5.888416230366492199e-01 5.253224970682084383e-01 7.341873498799039721e-01 8.387949260042283361e-01 5.197126013264554700e-01 7.248344932948566077e-01 7.315489388660120218e-01 8.196191160618038207e-01 6.715102040816326445e-01 8.123393316195373082e-01
5.262750615546957222e-01 7.965348733896046030e-01 4.200171086398631348e-01 8.221113881961762404e-01 6.046584630838774954e-01 6.762820512820513219e-01 7.555210489993098300e-01 8.210614059460961123e-01 6.895659672319631728e-01 7.017969888295289005e-01 8.762006403415154576e-01 7.662650602409638578e-01 7.897415818324197145e-01 6.686976389946687194e-01 5.902320476638445168e-01 5.138281560565619577e-01 7.257485029940119459e-01 8.392951078379800034e-01 5.206393544382371674e-01 7.047349116372123579e-01 7.302483069977426799e-01 8.126132656759695871e-01 6.770858093653434606e-01 8.177044261065266051e-01
5.183353934899052051e-01 7.978533094812164661e-01 4.403193612774450871e-01 8.133577310155535312e-01 5.767725871472610955e-01 7.023907666941467953e-01 7.378782948259030583e-01 8.158865248226950806e-01 6.653489640130861860e-01 6.986492780624126153e-01 8.904485810192248607e-01 7.615526802218114399e-01 7.644675925925925597e-01 6.542124542124542197e-01 5.718221172766627669e-01 4.756277695716396026e-01 7.138832997987927254e-01 8.286604361370716321e-01 5.092854507440659484e-01 6.923076923076922906e-01 7.423623590916517134e-01 8.122065727699530058e-01 6.879264726361230542e-01 8.117870722433460084e-01
5.169147496617050308e-01 8.079044117647058432e-01 4.423688394276629743e-01 8.385744234800838193e-01 5.770355638745905402e-01 6.994359387590652899e-01 7.338526452450503390e-01 8.264438581061271938e-01 6.624109662679746879e-01 7.054924242424241987e-01 8.775820170109356333e-01 7.619893428063942986e-01 7.704091526081054964e-01 6.502534395365676678e-01 5.716894977168949232e-01 4.785714285714285920e-01 7.205941389000400932e-01 8.306095979247730687e-01 5.082669932639314325e-01 6.883963494132985250e-01 7.272289156626505768e-01 8.148280802292263703e-01 6.882283162375270047e-01 8.079758079758079248e-01
5.220880913539966972e-01 8.090551181102362266e-01 4.285102739726027177e-01 8.224582701062215229e-01 5.876451953537487061e-01 6.829463570856685317e-01 7.479961526130169958e-01 8.192307692307692069e-01 6.750801282051281937e-01 6.991321118611378838e-01 8.713513513513513331e-01 7.864611997798569565e-01 7.591318157755425622e-01 6.823266219239373376e-01 5.807301467820850105e-01 5.347350870692849645e-01 7.287191726332538089e-01 8.381369016984044906e-01 5.007578053955744624e-01 6.997675190966455849e-01 7.364516129032258052e-01 8.210059171597633432e-01 6.622049022930079909e-01 8.104221143070601263e-01
5.003668378576668907e-01 8.593040847201209864e-01 3.907994640464493297e-01 8.031278748850045890e-01 5.671241422333125337e-01 6.401639344262295417e-01 7.209061040982188695e-01 8.112965340179717488e-01 6.291359756810476211e-01 6.892655367231638186e-01 8.803649881716796299e-01 7.393310265282583282e-01 6.900991821820080530e-01 6.674107142857143016e-01 5.356719074458617946e-01 5.810890796093518551e-01 7.012779552715654452e-01 7.958721369242386379e-01 4.890775442592401046e-01 6.744261761354387597e-01 7.101183530588431880e-01 7.942251461988304451e-01 6.260110412119656020e-01 7.881440222796897155e-01
4.882635032811711295e-01 8.007933010136624175e-01 3.872941176470588442e-01 8.205499276410999077e-01 5.993489669833256261e-01 6.655656482246077310e-01 7.383109822399419597e-01 8.154904306220095433e-01 6.703030303030302894e-01 6.870813397129186262e-01 8.819290465631929310e-01 7.628504672897196137e-01 7.327723086694188925e-01 6.795069337442218860e-01 5.397473997028231496e-01 5.286098147362466859e-01 7.164000000000000368e-01 8.281813498196806123e-01 5.027259210308937520e-01 7.034941763727121655e-01 7.103503184713375607e-01 8.081603435934144875e-01 6.308064516129032739e-01 7.973609802073515773e-01
5.208387096774194092e-01 8.285714285714286254e-01 3.705799151343705522e-01 8.151735270379337761e-01 5.988337320574163014e-01 6.741186586414444903e-01 7.347368421052631327e-01 8.138104556891249119e-01 6.584356647090229275e-01 7.017627441638876196e-01 8.796214137829044821e-01 7.451456310679611672e-01 7.517515622041279766e-01 6.661562021439509929e-01 5.697648376259798475e-01 5.494612563044475317e-01 7.071600965406275030e-01 8.209150326797385322e-01 5.147612156295224839e-01 6.872733267392021617e-01 7.280861640430820181e-01 8.007648183556405064e-01 6.542533771449433599e-01 7.928846153846154099e-01
5.200492323638012948e-01 8.226628895184135981e-01 3.745819397993310762e-01 7.993803253292022237e-01 5.649175199089875310e-01 6.547619047619047672e-01 7.343685300207039024e-01 8.131901840490797229e-01 6.601379310344827056e-01 7.035611164581327959e-01 8.711189220855302118e-01 7.349112426035503409e-01 7.527535131029243765e-01 6.697247706422018165e-01 5.724428666518748265e-01 5.445938925128441799e-01 7.291750503018108454e-01 8.205729166666666519e-01 4.968152866242038224e-01 6.899851509651873105e-01 7.245450073782587763e-01 7.989949748743718771e-01 6.552482139586004450e-01 7.862228208581873989e-01
5.067158282854885565e-01 7.914375490966221172e-01 4.493229380385720395e-01 8.185028248587570276e-01 5.870907799092747181e-01 6.894117647058823906e-01 7.514668271400631872e-01 8.296417828821438523e-01 6.934117003827228176e-01 7.099125364431486673e-01 8.722308088614116883e-01 7.738336713995943583e-01 7.952244508118433419e-01 6.853512705530643290e-01 5.628207989288105395e-01 5.123637602179836881e-01 7.229972100438422089e-01 8.469629240073626164e-01 5.185742971887550290e-01 7.139014960497562789e-01 7.300362261773507555e-01 8.102564102564102644e-01 6.534594914251922182e-01 8.171669106881405131e-01
5.013163809156874207e-01 8.076740881099004898e-01 4.482619240097008850e-01 8.168498168498168344e-01 5.735278401196964859e-01 6.920634920634920473e-01 7.479216152019002584e-01 8.251670378619153645e-01 6.884077105888566361e-01 7.024205030849549614e-01 8.707955152162306645e-01 7.635767790262172339e-01 7.920867414875404355e-01 6.723880597014925131e-01 5.505057600449564381e-01 5.210187173979747843e-01 7.286452125546285519e-01 8.370044052863435668e-01 5.048426150121065881e-01 7.123424021234240344e-01 7.280923758304334026e-01 8.116838487972508620e-01 6.515816978929226400e-01 8.189415041782729388e-01
5.711366137399780385e-01 7.710912755542758124e-01 4.721786833855799448e-01 8.404993065187239543e-01 5.668551758052619016e-01 7.074672825250192254e-01 7.861540566424956022e-01 8.408249603384452264e-01 7.280738564834242643e-01 7.187948350071735604e-01 8.653981677237491121e-01 8.171428571428571708e-01 8.171614771904417429e-01 6.955571740713765161e-01 6.566115702479339289e-01 5.445544554455445940e-01 7.365677626303127612e-01 8.513195714659002045e-01 5.237443814735196490e-01 7.532710280373832168e-01 7.529097200377476984e-01 8.181212524983344503e-01 7.050671286271112947e-01 8.363280555061376464e-01
4.863320079522862605e-01 7.835665376600178256e-01 4.128274616079494197e-01 8.289913159652638752e-01 5.838536294044193165e-01 6.817820206841687103e-01 7.688701359587435391e-01 8.300636267232237575e-01 7.112268518518518601e-01 7.030867221950024559e-01 8.601098114108378656e-01 7.213695395513577413e-01 8.039076376554173953e-01 6.807720861172976701e-01 5.313693398799781420e-01 5.329166495332867681e-01 7.233452239397543115e-01 8.465953561179232478e-01 5.103668261562998021e-01 7.419410150891632139e-01 7.227022780832679238e-01 8.113444061422750986e-01 6.397047516530831590e-01 8.229166666666666297e-01
5.390692425147712852e-01 7.815037063183903898e-01 4.299578059071729741e-01 8.279036827195467296e-01 6.263277940697296042e-01 6.949416342412451097e-01 7.741388087561513753e-01 8.252109991832289326e-01 6.975911906400550366e-01 7.076848249027237747e-01 8.678571428571428825e-01 7.565995525727069460e-01 8.038073038073038079e-01 6.626415094339622724e-01 6.040980607391145396e-01 5.024041519322257621e-01 7.208650380456548268e-01 8.449055599893589008e-01 5.192405492456348970e-01 7.224766751484308358e-01 7.617298380364000421e-01 8.193726301275422452e-01 6.834536368684064334e-01 8.333333333333333703e-01
5.270365393229666795e-01 7.764920828258221608e-01 4.761188416698006742e-01 8.349937733499377401e-01 5.881987255866963915e-01 6.879756468797564306e-01 7.658496508284267090e-01 8.355125523012552069e-01 7.108400332686443113e-01 6.953995157384987857e-01 8.584860173577627540e-01 7.655538694992413129e-01 7.961852861035422224e-01 6.673866090712743393e-01 5.797812675266404980e-01 5.322614632501685428e-01 7.257233452239397753e-01 8.440248318675633854e-01 5.160852713178294415e-01 7.407344150298890151e-01 7.547740292807129103e-01 8.273287893541058091e-01 6.669771292559246723e-01 8.325808199385948960e-01
5.253574405334359154e-01 7.780864197530864557e-01 4.731556585554267946e-01 8.345864661654135430e-01 5.928855825649622657e-01 7.003773584905660377e-01 7.688022284122563166e-01 8.355397148676171337e-01 7.062863180137347596e-01 7.027818448023426257e-01 8.620439719739066975e-01 7.745552977571539266e-01 8.011280931586608478e-01 6.726233023588277238e-01 5.765019651880965990e-01 5.327348414767471008e-01 7.320079522862823485e-01 8.500648508430609374e-01 5.116953411946646435e-01 7.362393162393162660e-01 7.494869771112865342e-01 8.254732114212384175e-01 6.648985959438377114e-01 8.344120819848974691e-01
5.086338397705778558e-01 7.943502824858756917e-01 3.814763869784502659e-01 8.185726569217540716e-01 5.454455641177632375e-01 6.585976627712855080e-01 7.350357839947950778e-01 8.076701268742790818e-01 6.642382413087934978e-01 6.841853798375537865e-01 8.643639427127211006e-01 7.149065623641894796e-01 7.702676680146350874e-01 6.439509954058193486e-01 5.411104799772792351e-01 5.197041272998508266e-01 7.075208913649024822e-01 8.242961418143900376e-01 4.985774285327191357e-01 7.045454545454545858e-01 6.934035305048003028e-01 7.714197339931951891e-01 6.477430555555555580e-01 7.973245372915521711e-01
5.196120382256453896e-01 7.704447632711620697e-01 3.709839357429718931e-01 8.255737704918032493e-01 6.085928528001081084e-01 6.853088480801335924e-01 7.693991245523278399e-01 8.094425483503981944e-01 7.193269803454437339e-01 6.969696969696970168e-01 8.547789577673499117e-01 7.485714285714285543e-01 8.041918429003021007e-01 6.823438704703160829e-01 5.785390012381345093e-01 5.441543438077633965e-01 7.301331181928196745e-01 8.424291064740503376e-01 5.077220077220077066e-01 7.288048151332759961e-01 7.127227258518287201e-01 8.005133846718005541e-01 6.564270960224564133e-01 8.018214936247722857e-01
5.233968804159445654e-01 7.862767154105736456e-01 3.554987212276214947e-01 8.155136268343815553e-01 6.132909643547941325e-01 6.858594411515664957e-01 7.727272727272727071e-01 8.171290061944519456e-01 7.171762589928057929e-01 7.018325903912827624e-01 8.590405904059040809e-01 7.621040047818290475e-01 8.016949152542373058e-01 6.700154559505409058e-01 5.780109863081085431e-01 5.435491706572280757e-01 7.281199351701782563e-01 8.417958311063602483e-01 5.015323992994745739e-01 7.253726229227343003e-01 7.108302122347066598e-01 7.961806830701432247e-01 6.578035914104545245e-01 8.054995417048579354e-01
5.444655015090896777e-01 7.732111176818450282e-01 4.187884108867427346e-01 8.247491638795986235e-01 5.822840490460219343e-01 7.014218009478673244e-01 7.750584567420109039e-01 8.299758259468170696e-01 7.123912733494938143e-01 7.030716723549488290e-01 8.608111351091912722e-01 7.771260997067448439e-01 8.105823994120888720e-01 6.731054977711738996e-01 6.072684642438452851e-01 5.394286496600191327e-01 7.242879746835443333e-01 8.443743427970556992e-01 5.146360759493671111e-01 7.452218430034129870e-01 7.257357545397620235e-01 8.181525587383328135e-01 6.745748477850094238e-01 8.103540295321117748e-01
5.222728867064188041e-01 8.283111422564821691e-01 4.516001580403002924e-01 8.222768222768223056e-01 6.053668995089563909e-01 6.852146263910969815e-01 7.490272373540856066e-01 8.363171355498720816e-01 6.725079365079364990e-01 7.117031398667935660e-01 8.807260155574762051e-01 7.767857142857143016e-01 7.774849397590360978e-01 6.700071581961345446e-01 5.876509853782581061e-01 5.232207045291157321e-01 7.239165329052970055e-01 8.357711059789582064e-01 5.098420098420098912e-01 7.017428477474515480e-01 7.486061003607740183e-01 8.124765125892521311e-01 6.878686327077747631e-01 8.227508152695185428e-01
5.435875027310465013e-01 8.144938952343442340e-01 4.375767498976668168e-01 8.283828382838284154e-01 6.039658878180683699e-01 6.971887550200803751e-01 7.641318357576873943e-01 8.421052631578946901e-01 6.956404007581912241e-01 7.079731027857828485e-01 8.712401055408971473e-01 7.696687370600413525e-01 7.995072958120144069e-01 6.931567328918322168e-01 6.142468548112887117e-01 5.115499114443984308e-01 7.258454106280193274e-01 8.436685773840542080e-01 5.044470797509634785e-01 7.199335548172757226e-01 7.549464807006163181e-01 8.156165442597603787e-01 6.897799568084982402e-01 8.225597332839414966e-01
