1.868419257271507483e-01 6.597628695782679908e-02 3.796589708767164617e-02 3.431049109246865625e-02 2.381696258477482286e-01 3.018417997552634222e-02 1.606888883142406355e-01 9.929508291442769308e-02 1.394877997475809928e-01 4.529135597901132182e-02 1.017488076311605788e-01 5.619829570193444340e-02 1.191792294807370173e-01 2.951786442485648809e-02 1.909675881792183005e-01 2.711311324058450767e-01 5.535546744953239590e-02 9.433028697828745035e-02 8.488107322158514045e-02 1.199714419089985412e-01 1.302220651789839923e-01 8.076128651519622059e-02 2.628110372012811280e-01 1.285398230088495575e-01
1.859730650364321280e-01 7.452827394176367304e-02 3.756265474968294854e-02 4.093202915706186523e-02 2.371827675745342145e-01 2.993035075610215104e-02 1.611336450771178319e-01 9.112667834208990070e-02 1.348702557700990623e-01 4.421789596511699338e-02 1.031928995446948355e-01 5.937006410851992932e-02 1.231187871383350868e-01 2.964054952637851931e-02 1.921628260615276529e-01 3.096243766686914700e-01 5.550511470249985119e-02 9.504817909231172424e-02 7.863452030442753815e-02 1.192847317744154118e-01 1.298296071196006207e-01 8.114565512359152299e-02 2.642094736627277896e-01 1.297098848924835013e-01
1.703665462054723689e-01 8.544147186399231320e-02 3.105306420677687515e-02 4.015350056158741715e-02 2.213580197544687544e-01 2.791590608673758314e-02 1.383661364249123837e-01 9.329378235328331104e-02 1.364470081607698226e-01 4.333128457283343810e-02 1.054522461414652418e-01 4.757576707305606611e-02 1.258027015057573139e-01 2.905827344902249879e-02 1.782466775472137943e-01 3.214000213174163512e-01 5.602469808408244711e-02 9.419614241594312376e-02 6.621949479092335833e-02 1.207266721717588781e-01 1.274445893089960757e-01 7.417336907953529790e-02 2.596570452187709765e-01 1.282129488423679464e-01
1.708914331536508235e-01 6.433259076404358734e-02 3.146566138692123010e-02 3.374001635117288012e-02 2.147187781903623083e-01 2.795001731138459580e-02 1.291068949560388590e-01 9.209836256628402273e-02 1.283059232517716197e-01 4.467353951890034452e-02 9.988105944126947355e-02 4.566037735849056561e-02 1.163358008075370126e-01 2.851221503485524070e-02 1.752858928654104365e-01 2.605195224265892118e-01 5.550169655841008520e-02 9.457689284778622585e-02 8.554345739283070182e-02 1.181439227731461150e-01 1.253096670568698556e-01 7.082958969751422529e-02 2.512718060675962484e-01 1.239605061882909226e-01
1.685305475568651123e-01 7.820652654541167259e-02 2.978113759678107514e-02 3.703819661865998675e-02 2.154031287605294720e-01 2.815970802001069653e-02 1.295148652706871739e-01 8.780101951133767457e-02 1.361441307578008797e-01 4.357981437088942478e-02 1.022224791191006094e-01 4.544453879296789234e-02 1.198951126980584703e-01 2.888630726239442212e-02 1.748918349876217582e-01 3.175161888384340214e-01 5.489411978551304166e-02 9.412141691913307462e-02 7.415964610746386687e-02 1.191583000962728595e-01 1.257201869768453106e-01 7.125968934247149666e-02 2.541412911084043880e-01 1.256490711687446304e-01
1.695490905840818796e-01 6.274864376130198651e-02 3.195625759416768213e-02 3.759186864738076755e-02 2.173485609103079086e-01 2.667212495276483075e-02 1.301701179411924592e-01 9.191583610188261422e-02 1.332944358987959432e-01 4.462723673306528277e-02 9.851916376306620038e-02 4.436182614449100253e-02 1.158054199629691972e-01 2.899551259924059224e-02 1.804217352312185163e-01 2.520423397581064706e-01 5.486918604651162823e-02 9.332595655465610041e-02 8.462363521355298346e-02 1.174197791357246556e-01 1.264624258584099714e-01 7.142001557165958414e-02 2.506585446163977493e-01 1.239164258724160944e-01
1.728659469382403113e-01 6.613430998769175007e-02 3.197983417863758948e-02 3.902104014484610028e-02 2.185086277732128102e-01 2.851029013783120541e-02 1.330431491294473967e-01 9.133072749547867242e-02 1.325049017010227204e-01 4.454609646025849828e-02 9.982608695652174513e-02 5.039001560062402602e-02 1.171798528959364649e-01 2.872751247998493046e-02 1.807372175980974938e-01 2.842860503410962192e-01 5.498032092037541396e-02 9.421766726838641526e-02 8.428634264350121086e-02 1.182878309781863063e-01 1.263993044234322238e-01 7.211624708485320223e-02 2.500863066831833792e-01 1.245485358670889581e-01
1.654152241356054154e-01 7.124985106636483323e-02 2.822186966072736183e-02 3.844832432770090708e-02 2.049881390237001944e-01 2.617982483775439448e-02 1.202140342122043903e-01 8.847200678978020538e-02 1.361486218651727087e-01 4.426707597851112924e-02 9.951850562710291836e-02 4.073171503623761874e-02 1.154657145266945878e-01 2.890137132456773589e-02 1.684097236845183698e-01 2.867051678971183626e-01 5.555050734514614674e-02 9.253374537185504733e-02 7.848101265822785000e-02 1.172819160624038737e-01 1.254106594987917656e-01 6.849849849849849737e-02 2.523725762905996706e-01 1.230153213024497427e-01
1.672404542609317590e-01 5.471801757812500000e-02 2.988890579820423221e-02 3.117906683480453980e-02 2.073635482829152832e-01 2.657012435070045531e-02 1.205904221628617823e-01 8.661625043967639825e-02 1.280320213475650559e-01 4.435780943025540574e-02 9.584123741427112708e-02 4.023661152057697588e-02 1.132350877192982441e-01 2.758404021363493677e-02 1.739883992327779516e-01 1.880064829821717909e-01 5.505420628671794242e-02 9.298056470176870036e-02 9.077135358891805228e-02 1.157606463097357319e-01 1.233421389471390794e-01 6.737588652482269513e-02 2.406589925018481346e-01 1.216212446651231543e-01
1.674393841921959225e-01 2.819661767030188018e-02 3.340197444128156778e-02 2.812401138880101306e-02 2.053181386514719986e-01 2.685156003781909856e-02 1.236941876005782370e-01 8.448387286293401743e-02 1.289461865638126536e-01 4.592211609110948001e-02 8.634668876131858239e-02 3.914365340765137841e-02 1.110052939693565999e-01 2.800953516090583933e-02 1.680856970986997490e-01 4.748982360922659324e-02 5.375431792012605459e-02 9.287439262125753159e-02 1.071465535085903559e-01 1.156932314410480389e-01 1.240242371308477587e-01 6.756594363996876185e-02 2.201475077430423977e-01 1.193504206613187207e-01
1.686645914740490526e-01 2.781205505457997121e-02 3.369357914812460414e-02 2.542022814654761390e-02 2.071913132967886928e-01 2.733169595062661522e-02 1.232858038659723487e-01 8.308771516151851333e-02 1.298540492122872703e-01 4.566489932268840563e-02 8.545061965748765309e-02 4.067378800328676908e-02 1.113696249369288543e-01 2.815223524985892636e-02 1.720686258790113943e-01 4.205397973518247567e-02 5.438075618031992103e-02 9.315722099383218213e-02 1.072850421384623359e-01 1.152429541920170220e-01 1.232104948015894652e-01 6.829985889699480284e-02 2.199206207634677168e-01 1.193867292225201104e-01
1.745342698835129491e-01 5.050846416172539988e-02 3.046905914223967463e-02 3.405057326841526288e-02 2.106048819460505095e-01 2.685260970849335724e-02 1.269487144606175899e-01 8.168864501283298885e-02 1.330088146296539986e-01 4.449081034641465260e-02 9.422217026624192526e-02 4.497954044696254178e-02 1.188923281008180399e-01 2.872120032644861695e-02 1.761335098853933634e-01 2.215740083286956152e-01 5.546304986225061157e-02 9.467197628113827035e-02 8.902061161255557520e-02 1.153288267330797173e-01 1.243565650788463067e-01 6.682520092712440629e-02 2.431412396574248735e-01 1.209612221571743224e-01
1.745994495765152699e-01 1.821797421258579755e-02 2.671266332885578049e-02 2.762308568535628422e-02 1.953079682901153746e-01 2.460850111856823300e-02 1.148484848484848525e-01 7.516427318407516156e-02 1.377271563859738812e-01 4.485156704757820023e-02 7.781694348189747978e-02 4.045823208255751313e-02 1.093646591661151524e-01 2.815354194783591113e-02 1.641553601054521472e-01 1.053521126760563337e-01 5.317828048817418995e-02 9.167874746303276978e-02 1.175826363998407065e-01 1.130114566284779049e-01 1.166611896155110156e-01 6.534748744474182247e-02 2.115630762555591737e-01 1.114674769300022517e-01
1.668931305941982191e-01 5.541999633990117580e-02 2.521291587525274075e-02 3.554970375246872816e-02 1.979811279350449926e-01 2.540342914775592376e-02 1.130567503815734648e-01 8.053512890936476154e-02 1.311738970006852689e-01 4.403962339374981050e-02 9.324542124542124777e-02 4.124427601452707731e-02 1.253565122911856622e-01 2.772277227722772311e-02 1.651999909043363468e-01 2.837169055137235829e-01 5.424478299058060893e-02 9.346201924474548117e-02 8.321028165162701329e-02 1.157499931557477990e-01 1.212327091882490354e-01 6.778541622887335194e-02 2.388785960054563562e-01 1.180838590810116689e-01
1.754351652650107674e-01 4.493755229801345286e-02 2.408235798762179206e-02 3.180501322584708412e-02 1.824892351855648964e-01 2.474747474747474724e-02 9.895936711373239103e-02 8.538159206898573994e-02 1.297850509089952253e-01 4.516188373804267547e-02 8.773378960410643801e-02 3.885952976171640205e-02 1.109000502821386736e-01 2.733871727995474885e-02 1.738021497540535587e-01 1.998749087876576791e-01 5.326788473775111166e-02 9.143323044668336119e-02 9.503834130440591554e-02 1.139600360823333214e-01 1.202123002845261607e-01 6.320173850054328080e-02 2.290047070349939262e-01 1.154352269227538752e-01
1.746964355660007850e-01 4.497862585961216741e-02 2.404170499846672651e-02 3.244466800804828716e-02 1.782149346134003220e-01 2.429558577603887354e-02 1.003479786120462791e-01 7.848535986025993727e-02 1.267243890168665843e-01 4.485350513882497420e-02 8.764846305738115129e-02 3.925038713143507579e-02 1.107788614705307040e-01 2.752553024351924588e-02 1.757573005131931598e-01 1.971989966555184048e-01 5.490576328707351406e-02 9.171347905812497758e-02 9.170340681362725010e-02 1.143310186450872123e-01 1.206849464714878778e-01 6.243958434026099236e-02 2.288352454471787312e-01 1.144089152713221730e-01
1.683842030412427415e-01 6.094425793182711715e-02 3.322813618984038486e-02 3.629474211630601826e-02 2.200598189044126740e-01 2.764846502264720757e-02 1.344042621892153622e-01 8.878094457774916848e-02 1.340892871302830913e-01 4.485034535686876350e-02 9.843309398529026533e-02 4.779953014878621925e-02 1.164410382635936436e-01 2.878668968764715175e-02 1.721110100090991746e-01 2.512316916345174178e-01 5.492642160721855626e-02 9.385198135198134783e-02 8.492039569232455454e-02 1.164646520046070249e-01 1.257256008246080414e-01 7.086896716703545984e-02 2.474652876745795926e-01 1.240932714488202082e-01
1.693859839444565030e-01 5.225573127375260363e-02 3.361522839562305215e-02 3.497271187503920437e-02 2.180130405638723567e-01 2.744123107908235520e-02 1.352374305425066425e-01 8.689788618839602852e-02 1.368827282035126325e-01 4.536537518391368234e-02 9.520473980678866022e-02 5.082738633176477755e-02 1.163973835746631574e-01 2.828263803873560037e-02 1.751167519495899771e-01 2.034710710790677279e-01 5.551855663861476192e-02 9.396090295555038774e-02 8.985858585858585990e-02 1.174989738678341722e-01 1.249491028529547548e-01 7.066144134980703595e-02 2.416295563252515155e-01 1.228343824856553967e-01
1.680427391937834025e-01 7.878787878787878174e-02 3.643896096041610022e-02 3.792358959917394023e-02 2.266774168174309767e-01 2.888483781745034007e-02 1.519060963358536409e-01 9.271407329659757390e-02 1.381882865183454712e-01 4.609298331697742751e-02 1.059412204520618905e-01 4.934437543133195214e-02 1.252462473294303769e-01 2.994669175290059701e-02 1.864279512870450628e-01 2.968142041473486592e-01 5.564811729423525810e-02 9.486373165618448844e-02 7.520906998933603316e-02 1.217790231305972137e-01 1.298169491525423824e-01 7.327187565261493452e-02 2.658556002367878368e-01 1.300846754109247772e-01
1.679359835239096488e-01 7.769512339119140354e-02 2.792459747639852025e-02 3.876429062285249860e-02 2.197564165440575312e-01 2.697173789891105927e-02 1.332755444793585486e-01 9.131208259208492550e-02 1.313420075342648652e-01 4.407518889366669051e-02 1.038149023223650103e-01 5.641041423031944307e-02 1.252109442000719219e-01 2.877855887521968414e-02 1.724618755671631920e-01 3.274587833996588926e-01 5.523607748184019423e-02 9.446870451237263100e-02 7.204570399347086374e-02 1.190404137665410367e-01 1.247220866547367329e-01 7.680669277322890731e-02 2.494702754567624803e-01 1.269779686850491807e-01
1.781483106625713075e-01 6.638680659670165296e-02 3.098488764557423905e-02 3.661248394876131379e-02 2.095634730277790014e-01 2.807999496886988411e-02 1.252952485580884345e-01 8.865165252997952994e-02 1.341379492880207525e-01 4.466889755318822347e-02 9.878909312657896402e-02 5.253510625077668916e-02 1.160241132763213251e-01 2.757364487155329266e-02 1.868407948938481666e-01 2.828253895508707760e-01 5.452232386260374292e-02 9.265958688295017343e-02 8.411137961335676816e-02 1.169669339778095091e-01 1.249657590533062995e-01 7.112933149799509358e-02 2.536526057658622935e-01 1.233913067753552445e-01
1.784847434119278820e-01 7.544155498358036394e-02 3.816011574632264397e-02 4.174578962114373210e-02 2.279004415897230018e-01 2.839998743363388034e-02 1.478847170809095835e-01 9.303747706822748653e-02 1.359094643661710455e-01 4.407341476889079651e-02 1.027260926006057923e-01 6.192273466507103308e-02 1.216756426628171628e-01 2.905409640819908365e-02 1.846765369241419319e-01 3.239454683031305904e-01 5.541767554479418850e-02 9.490155018468429682e-02 7.464192617092244020e-02 1.192400747827999513e-01 1.288823673269748060e-01 7.586761116733138632e-02 2.586120418112874408e-01 1.278637599156820237e-01
1.776900724291972100e-01 7.468080694374500117e-02 3.700235606838639391e-02 4.147852894466415308e-02 2.281423243624634556e-01 2.914389799635701273e-02 1.464307504575960983e-01 9.528233415590070532e-02 1.404079918086586776e-01 4.421789596511699338e-02 1.029547553093259488e-01 6.155690094962967818e-02 1.222614056035320612e-01 2.948364456698834499e-02 1.834915670724896752e-01 3.245219707739399051e-01 5.573383385807701568e-02 9.533922960549284786e-02 7.416643317455870466e-02 1.184315450820799115e-01 1.288396830565505247e-01 7.649997026818100565e-02 2.570205238506844680e-01 1.286343856537043584e-01
1.777171364004604959e-01 4.354693839625855406e-02 2.544498134442473719e-02 3.005050505050504972e-02 2.175292054924055918e-01 2.487781806716064803e-02 1.232510568662211897e-01 8.241871413859055973e-02 1.355468036827417178e-01 4.391291015026065753e-02 9.032220200716004066e-02 5.100142617969864040e-02 1.120134416129935639e-01 2.642742670395625826e-02 1.708706082823255035e-01 1.794013517862890206e-01 5.382985165001513694e-02 9.204436293773470001e-02 9.710274948546097906e-02 1.155036848305525943e-01 1.211088573360378645e-01 7.389629629629629326e-02 2.341778772726321733e-01 1.209484627786734795e-01
1.635869687240396053e-01 7.896594317981295297e-02 2.273216647697560641e-02 3.929217901504275523e-02 1.987864077669903029e-01 2.588680435125334869e-02 1.087977942210843207e-01 8.362471718626039718e-02 1.297504901565815216e-01 4.379203390351012193e-02 1.001272927153850634e-01 4.132101062990883866e-02 1.189232960098288300e-01 2.781794178663481512e-02 1.644070182022893678e-01 3.191322140466414381e-01 5.485513395563098443e-02 9.192818566632608712e-02 6.728445947866625032e-02 1.166464824397225597e-01 1.235270215359609847e-01 6.566598483936951502e-02 2.509008461881047647e-01 1.222540061654678323e-01
1.633720274991547483e-01 8.205910838493822579e-02 2.140305493964030428e-02 3.652810817578565350e-02 1.973195830462516343e-01 2.555366269165246923e-02 1.061929393142824890e-01 8.863569967864445842e-02 1.286670789749657096e-01 4.355175805261863459e-02 1.009773870799838130e-01 4.031493075317776204e-02 1.188210009210930312e-01 2.725472320895287737e-02 1.650512712459615006e-01 3.186157517899761427e-01 5.447930877671668809e-02 9.194664175837005682e-02 6.529856063844947933e-02 1.164658634538152659e-01 1.233581584292484795e-01 6.522262334536703399e-02 2.504869734599464159e-01 1.221505615478705592e-01
1.732865695648288795e-01 7.714091861116846582e-02 2.908980027443207675e-02 3.851680619767586938e-02 2.174359395532194372e-01 2.793946449359720544e-02 1.346257987652983990e-01 9.024532710280373793e-02 1.331201705302424709e-01 4.427659051830017123e-02 1.034194441240918055e-01 4.968905278289946492e-02 1.226918798665183469e-01 2.843423406458902084e-02 1.793960103435537634e-01 3.179990046137498028e-01 5.540929036162808158e-02 9.358701669531772904e-02 7.314536305625052304e-02 1.200483822195343164e-01 1.256198347107438107e-01 7.560076136093266119e-02 2.592749500695999409e-01 1.260446067851015428e-01
1.662869650674528854e-01 3.700225394440270765e-02 3.458605664488017400e-02 3.163400340286092599e-02 1.946149057274991212e-01 2.712824547600314884e-02 1.170827458461198151e-01 8.646726994946526967e-02 1.379454052927693297e-01 4.586284067567981959e-02 8.994350947393198181e-02 4.384942510631595347e-02 1.152697535515922883e-01 2.932882120699379508e-02 1.715737453887380692e-01 9.711251067463706754e-02 5.465176164076464282e-02 9.464171558086825753e-02 1.029577133293234636e-01 1.166152080657941459e-01 1.246756793663798962e-01 6.516366266803302887e-02 2.258731870502013739e-01 1.200391827595857774e-01
1.686855903091665221e-01 6.256050338818973378e-02 3.243325242718446411e-02 3.917957042957043168e-02 1.938362260792167446e-01 2.732825388829418847e-02 1.154445309892066368e-01 8.907902833533565268e-02 1.355565522518006605e-01 4.521611092364796747e-02 9.624857900719969994e-02 4.663634938058647955e-02 1.178689165781974663e-01 2.955201405446103782e-02 1.709041886426527213e-01 2.379324850141970871e-01 5.463470803915032592e-02 9.425120069858826388e-02 9.132383329307892927e-02 1.186194816213701209e-01 1.268980181555488806e-01 6.373852102464959424e-02 2.480167890870933756e-01 1.236496269072279719e-01
