1.850235121868754051e-01 1.846468816439861549e-01 1.385585197310312544e-01 2.650384793890334101e-01 1.604841407279436472e-01 1.995029948180824519e-01 2.208667869356419067e-01 2.215409839084979404e-01 1.646123971758014781e-01 1.613402606144517804e-01 2.347443958586589718e-01 1.938616863226034770e-01 1.987494849743255687e-01 1.559167767178447073e-01 1.985871423344260367e-01 1.096064909181186792e-01 1.566223747372786357e-01 2.376596319339387142e-01 1.033742503353234227e-01 1.951046695457350211e-01 1.769185774535387834e-01 2.113607775685299728e-01 1.742560154302233433e-01 2.401312162179208842e-01
1.759514191356728596e-01 1.938819167837103619e-01 1.467627183165736704e-01 2.312140441997960205e-01 1.576944247611928585e-01 2.032407205379679616e-01 2.117326890419237440e-01 2.209971032519760237e-01 1.290749097170967030e-01 1.686685639398681769e-01 2.307264602374016205e-01 1.917342452861846291e-01 2.027487798986142009e-01 1.705866406482834108e-01 1.892250299602418473e-01 1.177464314700567144e-01 1.594202344436401186e-01 2.314230991754353262e-01 1.061892764149273000e-01 1.955320680715630366e-01 1.731553337747034627e-01 2.080353689593618938e-01 1.730455707513399166e-01 2.410792114868706149e-01
1.529845711967530164e-01 1.722992237520708514e-01 1.213697843545809424e-01 2.640442967931939111e-01 1.631451415933671267e-01 1.932674275437482880e-01 2.229318595458717744e-01 2.193973446234651348e-01 1.707491968372656932e-01 1.516580663781761096e-01 2.281875296115874474e-01 1.743806382769260976e-01 2.003124336935220573e-01 1.608059310389069463e-01 1.670522526277573305e-01 1.178334078457402151e-01 1.618801655588044119e-01 2.365244835961293479e-01 1.057423980576443906e-01 1.995566566418449650e-01 1.690170768004383428e-01 1.979037589121083185e-01 1.688621197107380845e-01 2.400028992626965230e-01
1.525421758533505312e-01 1.874513257427405932e-01 1.329858119801022864e-01 2.406489206130306424e-01 1.701475039870604389e-01 1.997886566743805326e-01 2.187421640627644215e-01 2.161437226757982610e-01 1.437194362513010415e-01 1.717543572219488168e-01 2.323082122668498617e-01 1.841242162380569425e-01 2.035827026613339086e-01 1.676788406109864238e-01 1.669943507565783969e-01 1.029294179941083603e-01 1.578267017977483533e-01 2.184587023881455203e-01 1.153530334000103241e-01 1.826224132743872741e-01 1.712459264873206766e-01 1.974565526506930346e-01 1.641160190065845959e-01 2.323001222319664716e-01
1.477781282865073542e-01 1.885178985608618463e-01 1.260441176718080092e-01 2.593686107709947675e-01 1.715772229760345602e-01 1.859101338209689924e-01 2.158426911297210427e-01 2.093575834415956627e-01 1.610178135318758863e-01 1.635936083139862551e-01 2.275696408737606924e-01 1.756502767017298350e-01 2.077891345550192115e-01 1.736245409084066493e-01 1.592273921226732281e-01 1.155566337677186584e-01 1.625132735385123040e-01 2.278185021961006973e-01 1.051479657896665226e-01 1.971723253358650119e-01 1.711580623306984683e-01 1.980722199188198751e-01 1.627717224451434019e-01 2.387213644418181846e-01
1.496817251240034896e-01 1.885527440227829643e-01 1.192504602496998745e-01 2.294787150659890473e-01 1.731111842759935626e-01 1.757493549154680590e-01 2.103031302638078415e-01 2.092407079427131555e-01 1.548780078659309223e-01 1.489266185770904138e-01 2.332238428468889346e-01 1.789911001862998507e-01 2.035199744228028962e-01 1.637877036602103376e-01 1.695232206769868577e-01 1.015449129693392627e-01 1.560476197195526937e-01 2.295058883929583238e-01 1.099937311899967241e-01 1.837785722577823522e-01 1.687860085796897280e-01 1.972261290877838635e-01 1.652736914057058304e-01 2.387411686919407861e-01
1.418347744146007394e-01 1.786802529565661712e-01 1.226849133789642138e-01 2.293975414434317461e-01 1.683333348094326887e-01 2.152193370377348813e-01 2.130722732018181798e-01 2.199324091592396724e-01 1.562910863244826587e-01 1.612520394066216112e-01 2.338235343523304144e-01 1.767766433756934596e-01 1.962473668795095272e-01 1.651375433352316735e-01 1.538069951756232123e-01 1.047418183805999270e-01 1.549706010136879253e-01 2.287400396833086380e-01 1.081185219587667001e-01 1.935019804203092497e-01 1.689658530352985411e-01 1.994114793320725387e-01 1.590592423567973590e-01 2.311431345027938067e-01
1.417643402494853377e-01 1.850053860460441346e-01 1.156974600272714232e-01 2.403970576184872865e-01 1.771522536085798627e-01 1.922606952389422363e-01 2.168952270096204116e-01 2.213706794416284152e-01 1.481148432515818070e-01 1.521770270834732763e-01 2.256396466915576438e-01 1.743021500905218013e-01 2.049523113769668170e-01 1.672421471546109983e-01 1.585294167525367059e-01 1.088638792810384254e-01 1.590059170232005215e-01 2.246767362591730599e-01 1.162608599950256255e-01 1.906431726077795763e-01 1.730952159897878317e-01 1.917124264868682870e-01 1.667861505597274807e-01 2.312366317487843104e-01
1.401152105040114060e-01 1.897373268036060545e-01 1.214388474180267824e-01 2.490756152290830028e-01 1.667765213891977405e-01 1.776772427653151853e-01 2.056753876217987109e-01 2.113558436233078097e-01 1.698099387256987169e-01 1.560069104299407206e-01 2.391483088037194005e-01 1.731123681624998356e-01 1.961502752079693490e-01 1.490925937985910221e-01 1.582426024156769750e-01 1.041039370935960690e-01 1.601115968854887328e-01 2.267728607515562822e-01 1.080812381477145590e-01 1.867063087117907527e-01 1.659465111909817492e-01 2.022300683941132549e-01 1.669608994062467822e-01 2.308198651081440900e-01
1.406557176106752738e-01 2.146600743656932597e-01 1.319577996675414255e-01 2.235767982122162933e-01 1.614963698801604175e-01 1.774441182972703590e-01 2.020117009329760738e-01 2.191559888981234328e-01 1.476087238470799312e-01 1.560671072597237252e-01 2.399252375949157967e-01 1.769733062956295455e-01 1.924148164483728274e-01 1.519874075548669212e-01 1.521390180419723293e-01 1.524444284915734416e-01 1.571514292345459196e-01 2.295303066781418377e-01 1.044434790955256626e-01 1.722550688223451198e-01 1.689146634077728082e-01 1.957052859700269265e-01 1.733562981662390146e-01 2.254859433507887256e-01
1.337591794167244386e-01 2.105978646079219030e-01 1.323684306483279560e-01 2.206591821916584206e-01 1.645244961423240060e-01 1.805770614954353703e-01 1.965351327623827138e-01 2.173560583328841556e-01 1.408444537483646564e-01 1.588624651049220515e-01 2.416810451903160795e-01 1.842968593792002618e-01 2.011247703532163533e-01 1.461955371790917280e-01 1.507989860223223622e-01 1.444943380517134113e-01 1.497457421730412908e-01 2.322078217553174839e-01 1.074237840640831637e-01 1.793155560593768794e-01 1.621969636207954424e-01 2.036987418281852869e-01 1.770774496440911394e-01 2.275347760152430510e-01
1.291348685429160315e-01 1.964699714162558564e-01 1.214387833341261380e-01 2.278179918598876863e-01 1.561221894104727059e-01 1.740278793281268277e-01 2.003461325774872348e-01 2.106689266312826159e-01 1.433408053876765731e-01 1.434925371350000145e-01 2.267342900833889396e-01 1.763460007875123636e-01 1.831406738393623612e-01 1.649984392968015245e-01 1.461082046317699057e-01 1.107372895737150087e-01 1.484828103388056986e-01 2.175644494911029014e-01 1.041535576208040270e-01 1.817559466114001820e-01 1.757395246833688418e-01 1.952586461901795190e-01 1.630357202172669218e-01 2.273829987252624085e-01
1.150834481575990081e-01 2.322471946193173931e-01 1.169952280680607026e-01 2.038030788263915649e-01 1.514263836796876372e-01 1.666484607757793279e-01 1.878997118771732200e-01 1.921277324561476429e-01 1.460575237747627486e-01 1.495141899663142704e-01 2.406559115254963688e-01 1.650610575966505178e-01 1.692017381814471810e-01 1.619754682552833336e-01 1.267512034192929127e-01 1.271091690373111205e-01 1.531444195471794445e-01 2.086425860472252702e-01 1.033270380908812014e-01 1.688127454779041470e-01 1.680281371527599377e-01 1.894714858784539713e-01 1.505523539882273054e-01 2.202725079663264696e-01
1.152178657419054703e-01 2.125353144712218145e-01 1.103844470200232158e-01 2.268205350818071064e-01 1.588616892254809954e-01 1.708069439459180272e-01 1.946021053764998288e-01 1.978473260259927258e-01 1.510750710724655943e-01 1.430697782972033538e-01 2.289985934113699939e-01 1.724889311420294002e-01 1.769254755380368915e-01 1.635382570239815314e-01 1.268198796908781845e-01 1.033585815371541455e-01 1.541915180510370631e-01 2.256562851888105625e-01 9.647471874577842610e-02 1.834015199613116542e-01 1.735453622944027607e-01 1.893958980587171492e-01 1.514158142381033800e-01 2.189192157081694956e-01
1.278517025903459503e-01 2.068279643551299285e-01 1.091831419247978469e-01 2.257767744108296337e-01 1.678119161224195244e-01 1.707650720202522343e-01 1.941939435970282679e-01 1.995238755152986265e-01 1.514431892453449446e-01 1.548075030454318657e-01 2.407704106737110217e-01 1.669210573990673185e-01 1.893655810433884368e-01 1.588048460254794791e-01 1.459135188688203688e-01 1.186765006501282332e-01 1.511741953386518955e-01 2.176710331192516779e-01 1.069519460927315369e-01 1.789657302648896831e-01 1.727589977582834335e-01 1.810829049178116767e-01 1.617608469650136382e-01 2.180383466280737259e-01
1.281530582187173639e-01 1.966355980369307588e-01 1.052795128258351698e-01 2.232071352527285057e-01 1.636458925603332115e-01 1.695866518869832140e-01 1.962659856129469749e-01 2.037928773732666510e-01 1.511051648060202368e-01 1.545334163345178091e-01 2.378735966589475836e-01 1.710529523040153765e-01 1.888216069293821298e-01 1.629833564176788319e-01 1.438631702463664397e-01 1.156109178645163132e-01 1.500153028622624729e-01 2.185679620951828384e-01 9.911016832113908603e-02 1.702215258602555181e-01 1.704249176978542557e-01 1.868660802427864198e-01 1.599435198553088022e-01 2.243548752754792319e-01
1.362117680049926560e-01 1.872895411591170289e-01 1.331373989497683652e-01 2.377322669095526253e-01 1.692220523022300027e-01 1.971077318505594644e-01 2.132683826020451701e-01 2.182181595563811860e-01 1.302263824775010403e-01 1.535795317838135610e-01 2.294863575717668858e-01 1.812284231239928711e-01 2.008215799683347735e-01 1.609166777997440012e-01 1.514890294606924814e-01 1.028609706113210592e-01 1.577843792285317792e-01 2.363963199938778348e-01 1.099244707055243853e-01 1.889089910980022158e-01 1.632378024958411888e-01 2.000737346929402916e-01 1.632364058116871908e-01 2.323724576113657958e-01
1.264504178030017856e-01 1.994222012284226908e-01 1.313951846257990497e-01 2.437592124627024071e-01 1.599685574251834830e-01 1.854445280244124417e-01 2.054563178377211141e-01 2.206722596266187941e-01 1.633376909659373655e-01 1.561249524682269407e-01 2.359614754448223495e-01 1.714901367948210853e-01 1.921232860861705471e-01 1.592465468978816190e-01 1.463348437306279670e-01 1.057146371866888035e-01 1.537572540865729531e-01 2.296045967705476198e-01 1.069301307970930426e-01 1.897677579030026818e-01 1.687139751384871544e-01 2.008245268466142264e-01 1.609503114274517532e-01 2.316637812815080244e-01
1.686548844611152620e-01 1.818319886013465003e-01 1.331411632345217977e-01 2.582752172996810591e-01 1.669280997530043220e-01 2.056591003529641970e-01 2.271331128196591442e-01 2.228768268825799814e-01 1.964404892632111987e-01 1.618456605050088426e-01 2.395751845562711924e-01 1.824229488088724427e-01 2.091324750852475989e-01 1.571340019128387167e-01 1.821323170726144580e-01 1.192853700739982536e-01 1.601106149438122073e-01 2.371811446091856845e-01 1.092626496273417375e-01 1.976668010030812606e-01 1.707211944617589294e-01 2.133920883020186676e-01 1.735274856473613125e-01 2.482898129274413446e-01
1.208460481146219484e-01 1.929786362995240812e-01 1.192097596480294341e-01 2.495661833512843042e-01 1.697178990210571614e-01 1.821820009885790903e-01 2.185758451907627020e-01 2.148375249237218232e-01 1.330879629531599717e-01 1.686206684195756533e-01 2.287948655381745466e-01 1.657013044203883567e-01 2.032188694844371812e-01 1.502689213950405001e-01 1.300713333706369490e-01 1.139869209385177690e-01 1.706398593503561101e-01 2.402450102248164798e-01 1.121174767047452697e-01 1.968419212909644223e-01 1.656485461202497900e-01 2.092862245795697740e-01 1.593733639740777808e-01 2.389054927032393805e-01
1.508671266720109372e-01 1.838853258307780458e-01 1.294776911098954875e-01 2.507975860543412150e-01 1.847407454443269759e-01 1.776005278549513122e-01 2.201093814367400814e-01 2.205232294043303343e-01 1.416233532553532182e-01 1.646149271701425332e-01 2.443436722435972375e-01 1.785386129645096798e-01 2.051572968847690248e-01 1.515179251435200547e-01 1.622982086994592399e-01 1.024415200702839118e-01 1.548517824354415096e-01 2.301914568332720235e-01 1.134727030319581664e-01 1.923995787660398860e-01 1.765191070264537643e-01 2.040726485843852300e-01 1.680655517594843995e-01 2.324380828906766061e-01
1.420069441058184889e-01 1.849224664027867004e-01 1.336917754472465858e-01 2.706232977281630148e-01 1.677752115611690076e-01 1.953968908592869369e-01 2.219164957053815779e-01 2.241809836781299414e-01 1.588898689703856781e-01 1.588540292732431303e-01 2.297715188244584261e-01 1.787446130867972605e-01 2.031296722580357705e-01 1.598502804886990647e-01 1.556650495834940029e-01 1.143625154504037261e-01 1.575852206862960181e-01 2.279860494204792309e-01 1.040971037777895652e-01 1.912581766076753009e-01 1.768322197129501838e-01 2.056892281384352095e-01 1.642071831400333248e-01 2.419932999007057550e-01
1.438889698332268818e-01 1.758077060526770929e-01 1.291695220922023657e-01 2.662496346236434830e-01 1.688388301848136874e-01 1.924450601311812059e-01 2.216944651825520918e-01 2.179208663575315508e-01 1.488161527118789240e-01 1.747781109777713782e-01 2.286958341082734048e-01 1.778590393266220038e-01 2.035763997482295806e-01 1.733361440465799042e-01 1.551393353374601880e-01 1.138184233939996265e-01 1.559785355105587912e-01 2.337782789025873165e-01 1.061837538358614275e-01 1.880208795024676804e-01 1.714947111732715301e-01 2.053998928481005903e-01 1.620014054205036191e-01 2.396058355460674583e-01
1.272266598714299202e-01 1.881845710646272429e-01 1.059852895967336173e-01 2.022794223433571070e-01 1.501916511297853030e-01 1.611098828755977153e-01 1.955457281082397802e-01 2.036431231303118539e-01 1.330812984661366438e-01 1.409293690523089337e-01 2.353134508396206304e-01 1.591486172506221541e-01 1.919062569095306148e-01 1.513531244118195562e-01 1.406691994141494872e-01 9.902753080852462475e-02 1.557562373981619397e-01 2.269198279795037743e-01 1.048632709356675102e-01 1.755804052901194789e-01 1.571847942706512957e-01 1.772745516686795031e-01 1.576631873844991927e-01 2.187477831153156749e-01
1.445407545271701066e-01 1.752782719057873750e-01 1.130936990808327491e-01 2.420824679781174993e-01 1.797832578744119891e-01 1.711168404877063121e-01 2.158725594722381846e-01 2.156380611649206802e-01 1.442017997379962946e-01 1.552079087674806679e-01 2.225524471884616495e-01 1.658866932275953887e-01 1.983413578609408701e-01 1.491385637976004597e-01 1.539103830898151393e-01 1.178984911882856451e-01 1.647973862833553294e-01 2.260218211361339491e-01 1.158770026101388628e-01 1.857854546512939797e-01 1.667206706161754037e-01 1.884070086157468016e-01 1.586580136049447476e-01 2.259492439914366768e-01
1.455467134422559206e-01 1.811967788728007511e-01 1.128150105899871913e-01 2.510403348834808757e-01 1.785542608943546106e-01 1.735621279263251659e-01 2.185718401069690342e-01 2.139878567076096139e-01 1.647274442932955274e-01 1.685088762451838473e-01 2.322310622985321593e-01 1.699877679173998624e-01 2.009959682626832611e-01 1.529599986701919434e-01 1.575434352799989224e-01 1.177413179819137706e-01 1.624677933099592519e-01 2.267426867620804531e-01 9.941290747049352783e-02 1.888978870351372963e-01 1.679776378004632365e-01 1.903594614748596592e-01 1.634328837709586035e-01 2.266340658359951299e-01
1.536863741351219004e-01 1.751375864229656187e-01 1.195679511006765700e-01 2.642453281185410119e-01 1.653186631583549449e-01 1.945743702202387404e-01 2.299219612705932225e-01 2.187519022866954710e-01 1.450113149719517436e-01 1.689438347251562555e-01 2.355727278562743665e-01 1.754488978918719300e-01 2.043008654760513354e-01 1.516378183537339663e-01 1.642490697956526524e-01 1.168603467986246008e-01 1.574990922378042002e-01 2.342697005473015348e-01 1.068486666773613425e-01 1.996514799517028205e-01 1.644828614998725680e-01 2.049577859617177922e-01 1.630005485229142348e-01 2.368268005188047531e-01
1.414357050339936639e-01 2.026252604368610211e-01 1.271259114792259726e-01 2.477538483300018579e-01 1.771276802926272376e-01 2.027149078134875826e-01 2.139103809908696474e-01 2.150158325663202585e-01 1.378039098075893865e-01 1.561240952091347833e-01 2.472683296323799074e-01 1.807891671331193495e-01 1.998499024825061143e-01 1.561438346950937972e-01 1.577142026493161264e-01 1.332013961048147399e-01 1.444991366431645219e-01 2.375516711916067503e-01 1.050733935405614439e-01 1.750663590057791319e-01 1.763599087348895478e-01 2.004525110279062328e-01 1.723022208945209910e-01 2.452828152808724238e-01
1.486186002145975238e-01 2.002367419203507359e-01 1.328692485866120598e-01 2.495192512013391928e-01 1.774950313105471411e-01 1.847878364015954900e-01 2.069402970445706202e-01 2.159898092562254346e-01 1.585331690756739687e-01 1.588498003913929868e-01 2.470021680090318528e-01 1.840920445886071455e-01 2.125505466005315758e-01 1.832552290136925943e-01 1.656859836149133791e-01 1.064866166028877598e-01 1.578724486684645878e-01 2.313036480141122953e-01 1.113278446017546691e-01 1.936534838049258078e-01 1.749529042934407363e-01 1.979414465963093006e-01 1.709538612724089413e-01 2.362932639158348280e-01
