9.263942659203414087e-02 2.348398444478034391e-02 1.639276514264460805e-02 1.217647471417549268e-02 1.202936378466557960e-01 1.272974526489926983e-02 6.472628601415607308e-02 4.069013932390106586e-02 5.955607175119369961e-02 1.825197440559634537e-02 3.764871105829608461e-02 2.244360795856564783e-02 4.787587342915592542e-02 1.234983248524608619e-02 8.947652853177430476e-02 1.522585060617911712e-01 2.088304666271258853e-02 3.718705971605072019e-02 3.799285987168846829e-02 4.730148270181219056e-02 5.367939251662316724e-02 3.300703495664503162e-02 1.297098654810244223e-01 5.075511121690602645e-02
9.254418943272822717e-02 2.697460972178592278e-02 1.613481040564374025e-02 1.488261598658468382e-02 1.200837137683123806e-01 1.279930465990018577e-02 6.487558370114501760e-02 3.737214791502753430e-02 5.702317498605869589e-02 1.802177052093746623e-02 3.832254584681769188e-02 2.353074109122752638e-02 4.974030103879584219e-02 1.247546958228202933e-02 9.140785616096736010e-02 1.792883253059040227e-01 2.120000000000000009e-02 3.701445623162486626e-02 3.487940630797773528e-02 4.755434782608695954e-02 5.393505778756191305e-02 3.286532170119956658e-02 1.300179748352306708e-01 5.090837021866948670e-02
8.574081348426954019e-02 3.170345079868308602e-02 1.344305373072401597e-02 1.412389875541882230e-02 1.070726037195994240e-01 1.194687780772686440e-02 5.533782724564979133e-02 3.821569795785710599e-02 5.773447331888890283e-02 1.755604322342287429e-02 3.869308157465892878e-02 1.972479018446725990e-02 5.149101685497314146e-02 1.235191026989134258e-02 8.485937727692233201e-02 1.906229805962589841e-01 2.114570258079644799e-02 3.683925182976416357e-02 2.935846321130844427e-02 4.725022430991713401e-02 5.275716495791488853e-02 3.059100618940680319e-02 1.276927069815728122e-01 4.960078386716629262e-02
8.637613808801214432e-02 2.288238207936595450e-02 1.387679506848557738e-02 1.208251473477406704e-02 1.024390243902438963e-01 1.182102795209816204e-02 5.241813767307566124e-02 3.784223366766061025e-02 5.492303488478003648e-02 1.789035392088827309e-02 3.657563337797075514e-02 1.881613380361816038e-02 4.649769707941748403e-02 1.200493660944687568e-02 8.497870692992644248e-02 1.480313097655710786e-01 2.075456075952860496e-02 3.724377125360718577e-02 3.798785547754843922e-02 4.682437238218171288e-02 5.213214159152655680e-02 2.903305512848671291e-02 1.241776596107304759e-01 4.853274634346863015e-02
8.516799791115278739e-02 2.865864460827734564e-02 1.307705081368316230e-02 1.350177876130984056e-02 1.021249640080621884e-01 1.194536853778021060e-02 5.163825620671073924e-02 3.610446787694314430e-02 5.761802296943457913e-02 1.794544141341185631e-02 3.761865539637316430e-02 1.866048443300288850e-02 4.860170504342283676e-02 1.215869409735369569e-02 8.441079355096214876e-02 1.884416815930881894e-01 2.109925897304980313e-02 3.705309950397094043e-02 3.220856849324207211e-02 4.715550103544247085e-02 5.177433314973640954e-02 2.918856609625228304e-02 1.254987713879934241e-01 4.891945250493567182e-02
8.508288604949412748e-02 2.297695421129436477e-02 1.394070021277183692e-02 1.332717371522965620e-02 1.030298168817179727e-01 1.164096947229477375e-02 5.261225346202266090e-02 3.773789513636609944e-02 5.674926131356591158e-02 1.808742486708588351e-02 3.682102357303310147e-02 1.806379980356151438e-02 4.665530464422667362e-02 1.225376796354714359e-02 8.713002592079088782e-02 1.413834522716032049e-01 2.123285781297425470e-02 3.715447154471544777e-02 3.732573629301362550e-02 4.703032218140643095e-02 5.182910827691177003e-02 2.901773458518640617e-02 1.233390119250425826e-01 4.882703777335983819e-02
8.828154337213668656e-02 2.426857590457474900e-02 1.414657732955722919e-02 1.415542997817937666e-02 1.051646281966915480e-01 1.226907743275871751e-02 5.395965779766109111e-02 3.768646596148630262e-02 5.735751295336787708e-02 1.789507295470006004e-02 3.723735092890559373e-02 2.081857090218531062e-02 4.707837532407099790e-02 1.207421223127515438e-02 8.845545096452499256e-02 1.661890317658224203e-01 2.098278335724533886e-02 3.707116145466370083e-02 3.709417939182952512e-02 4.742895537725781707e-02 5.221473341900290804e-02 2.946340392845385805e-02 1.244969053336490022e-01 4.895827811058686002e-02
8.257088396473671876e-02 2.604409146925920973e-02 1.252872608466926857e-02 1.428471493529205952e-02 9.567131499759973234e-02 1.171348314606741534e-02 4.762535252293881999e-02 3.641327230499680906e-02 5.802144917786775796e-02 1.803340135771104927e-02 3.684367138258446556e-02 1.675961716755338185e-02 4.591680328415104206e-02 1.212758499824745893e-02 8.113237387316146743e-02 1.654320061514225060e-01 2.095952975590909678e-02 3.679550970051112535e-02 3.424266938981207486e-02 4.651622597738117038e-02 5.164571563397082204e-02 2.823057258308364625e-02 1.229315223542727792e-01 4.823590246748252902e-02
8.495070673476659562e-02 1.971589178412206170e-02 1.334476511830514495e-02 1.100059006996543902e-02 9.769158236615717306e-02 1.186414500933687111e-02 4.876535877842446548e-02 3.521624486911137386e-02 5.441098098345313605e-02 1.786656301191104357e-02 3.578259159285433061e-02 1.674153297682709485e-02 4.516335255650413827e-02 1.172707889125799638e-02 8.410390301096323795e-02 9.993834490317866914e-02 2.069536423841059763e-02 3.674586930886319242e-02 4.026485559873853315e-02 4.668763902965527429e-02 5.069771715872244816e-02 2.777243105012786387e-02 1.178530695943688644e-01 4.784415791360696613e-02
8.416433041153577321e-02 1.015571153278100464e-02 1.508002207505518798e-02 1.021556818821410528e-02 9.828080559169996566e-02 1.182783615216047648e-02 5.053795930163818007e-02 3.476190476190476469e-02 5.573592373659634613e-02 1.842710961981087678e-02 3.243597444438377220e-02 1.626526652208652030e-02 4.503785308479357069e-02 1.195682646481637315e-02 8.131349782293179063e-02 2.655398037077426332e-02 2.064587358542644205e-02 3.677516355804787140e-02 4.929198781143574043e-02 4.741254697889563802e-02 5.033116063919260141e-02 2.802980314527658487e-02 1.074380165289256228e-01 4.717219379278261154e-02
8.475016223231668366e-02 9.428253802963568186e-03 1.502255452400987762e-02 9.276882516319135200e-03 9.917194014080463194e-02 1.166872612895978462e-02 5.010704388142427773e-02 3.386204453165454070e-02 5.677121008577038636e-02 1.838056792486856064e-02 3.238838767794505191e-02 1.672035806939019958e-02 4.494755896289197999e-02 1.217837322719883368e-02 8.305360043313481100e-02 2.367139820338750450e-02 2.072696160958242481e-02 3.720709738588649784e-02 4.960327617097517322e-02 4.682634573189158045e-02 5.139107611548556637e-02 2.810339851855923540e-02 1.072284297677508075e-01 4.745834772672920254e-02
8.856975381008205805e-02 1.852597664115988862e-02 1.341427998506451377e-02 1.237148107107289598e-02 9.968858091724985826e-02 1.162529484443446115e-02 5.104116095679214760e-02 3.374003135437256967e-02 5.806643171578688978e-02 1.791836111535205153e-02 3.533084492704445523e-02 1.826925813152727521e-02 4.886174347584675004e-02 1.182062931179538902e-02 8.553927456161422582e-02 1.206657420249653279e-01 2.078936114444950370e-02 3.717794235117315160e-02 3.943948911496219373e-02 4.656762766951327154e-02 5.128979323925172279e-02 2.742195132018877476e-02 1.191478199381850178e-01 4.741865682539261190e-02
8.832285042452885093e-02 7.658984087434169905e-03 1.201982994987121564e-02 1.021643072246770402e-02 9.333178303587000291e-02 1.148957089683264217e-02 4.649013965521792829e-02 3.085195167667701896e-02 6.125203748981255386e-02 1.832202943175356008e-02 3.023281322839827673e-02 1.692331799598284850e-02 4.556139563138850157e-02 1.155372341171356787e-02 7.975173438454810637e-02 5.545202194622913389e-02 2.091640337201120317e-02 3.663385081408557231e-02 5.482582816384961449e-02 4.611261462466170746e-02 4.860873456708873774e-02 2.705230295278568745e-02 1.045433824646710280e-01 4.471880749846670472e-02
8.420819593815177806e-02 2.187032833176457552e-02 1.123439667128987504e-02 1.306108720938380270e-02 9.285176647692525154e-02 1.133649874975416541e-02 4.554064615262342491e-02 3.332014893820155893e-02 5.657622739018088043e-02 1.802539374176091030e-02 3.503526629792207137e-02 1.690012397224161661e-02 5.132877951568707436e-02 1.151908857491616700e-02 7.972673338526997666e-02 1.644640653185227286e-01 2.140048292514660361e-02 3.715287650459671992e-02 3.690745514810332695e-02 4.669342633414489546e-02 4.958363386007474949e-02 2.829501573472220297e-02 1.186226361840248406e-01 4.713071200850159348e-02
9.023691137759579095e-02 1.745555942837225677e-02 1.115179760319573964e-02 1.137416800067402554e-02 8.321435855598613429e-02 1.069751750119486006e-02 4.052191368350618883e-02 3.544431150750489146e-02 5.614003382085275273e-02 1.809251602519632712e-02 3.339876765363433003e-02 1.653045797498324185e-02 4.456787498671202497e-02 1.153182474993336148e-02 8.554635960177521536e-02 1.067453644921816935e-01 2.085259656918894353e-02 3.621951219512194869e-02 4.130844768160239072e-02 4.675109480411883400e-02 4.942770688067359836e-02 2.603664416586306748e-02 1.132752375331273348e-01 4.565347522447622125e-02
9.078349646419707486e-02 1.724282129913576669e-02 1.089249042570905254e-02 1.230600847528975916e-02 8.244981496686062949e-02 1.104692836362103185e-02 4.090635652697012514e-02 3.222502901618078813e-02 5.469731304629329993e-02 1.800063841894161340e-02 3.332924552725885503e-02 1.711923597747844195e-02 4.537419757844791957e-02 1.164372992158018046e-02 8.783654306793139965e-02 1.057068890467135619e-01 2.104609439690863920e-02 3.633407843934159664e-02 4.108840706007830385e-02 4.668841075280130704e-02 5.008281410205852463e-02 2.617072296794465541e-02 1.121803779877709878e-01 4.580162826584366353e-02
8.521306201049751172e-02 2.224183339998069692e-02 1.429321106998839887e-02 1.322295527447437356e-02 1.057186876925865493e-01 1.192982456140350908e-02 5.459267573281825076e-02 3.622066492829204704e-02 5.749699188780064973e-02 1.749198284119778471e-02 3.650297195932680760e-02 1.954938455641211381e-02 4.686876745113681408e-02 1.214364842314865495e-02 8.271596058404660778e-02 1.416620526501233268e-01 2.088736824678549819e-02 3.689446718533980624e-02 3.812984687495885733e-02 4.688899425741530763e-02 5.172684869765735438e-02 2.917695473251028654e-02 1.229452673410404567e-01 4.872811145428757040e-02
8.620891195586104228e-02 1.937962988652442917e-02 1.483802398928901756e-02 1.283992150266330227e-02 1.058530370169919604e-01 1.219905945111251534e-02 5.533756566854818731e-02 3.558660812592602529e-02 5.872416149789165540e-02 1.796565023168058758e-02 3.585138562960350772e-02 2.089205535332360614e-02 4.654934070608252039e-02 1.203112949589847831e-02 8.527389533433873958e-02 1.101430821298126916e-01 2.105059868675164189e-02 3.675813310940759249e-02 4.156274891294412660e-02 4.718234806520794911e-02 5.153544700315870752e-02 2.878507237428826193e-02 1.195629931106614169e-01 4.807590233545647879e-02
8.263903164564614934e-02 2.932687071125149661e-02 1.609055937788685456e-02 1.366621392665611813e-02 1.106411250138412128e-01 1.248702191542497980e-02 5.988302882873557109e-02 3.769133777133017865e-02 5.833462994657953593e-02 1.827491466156023689e-02 3.842008837159176932e-02 1.990339536866032183e-02 4.936489225022847732e-02 1.248808656164153083e-02 8.782211392019494134e-02 1.674817199658334699e-01 2.086409361244118132e-02 3.709926560255819711e-02 3.299952058807862493e-02 4.746902188241497456e-02 5.341071358390211271e-02 2.980391082121764540e-02 1.287211550420025441e-01 5.026720990528599220e-02
8.488341020785165891e-02 2.905882673793874771e-02 1.198243499702170665e-02 1.393552719946272722e-02 1.045432947937642854e-01 1.201707097933512984e-02 5.288448948595071697e-02 3.680149701004786778e-02 5.570512570395515228e-02 1.760719840035547545e-02 3.813170810635888031e-02 2.274455679801706820e-02 5.020831955558494736e-02 1.186169765289812363e-02 8.386204940984652578e-02 2.000792493234299918e-01 2.091092168059808382e-02 3.647301105571211510e-02 3.143043831926498055e-02 4.668434313453902890e-02 5.068116321718627026e-02 3.138069595167154030e-02 1.234969380000894013e-01 4.876692744529605855e-02
9.107693031350690138e-02 2.377485990550488870e-02 1.378118736609302598e-02 1.346183478784652651e-02 9.653070792311298221e-02 1.225091215268032593e-02 5.052195919228132798e-02 3.653867043232674611e-02 5.793630243397203394e-02 1.795060460079687947e-02 3.655186413153799219e-02 2.233380480905233431e-02 4.643052061286157689e-02 1.193548387096774258e-02 9.160688665710187140e-02 1.674383704544206708e-01 2.080803620708687393e-02 3.644180432364987898e-02 3.749637557002398480e-02 4.696190852774482366e-02 5.186667368753620361e-02 2.968055326856578260e-02 1.235551514462692457e-01 4.847301372228642741e-02
9.139973365108292058e-02 2.831051474904107412e-02 1.643858248203320868e-02 1.479442868917729519e-02 1.105199489235869914e-01 1.249842191642469395e-02 5.930536504567923695e-02 3.845580563422268394e-02 5.813004443638342122e-02 1.810105496946140882e-02 3.803138027332946675e-02 2.545674463087720454e-02 4.876788553259141235e-02 1.256936270388431080e-02 9.081304383955175752e-02 1.968219635360339281e-01 2.129713923142707507e-02 3.735052342194715436e-02 3.290077859852266057e-02 4.681524462613741167e-02 5.270197616019092757e-02 3.048346473937801199e-02 1.280388797437878590e-01 4.959476639474520721e-02
9.085915953816668666e-02 2.798606842860069596e-02 1.586185987542031856e-02 1.492224504338349363e-02 1.105285022961274566e-01 1.284712482468443155e-02 5.823342621994685719e-02 3.899706371865824250e-02 6.077604549499013298e-02 1.799400199933355593e-02 3.792805677739698178e-02 2.543243585593446890e-02 4.877370115673569650e-02 1.260963376019278749e-02 8.998729563183453795e-02 1.964539429465964604e-01 2.105117947303076359e-02 3.731545442232155063e-02 3.350721243412998346e-02 4.722716782063963309e-02 5.299436508976543281e-02 3.102938762108028298e-02 1.271453393868056669e-01 5.026675668877503972e-02
9.143856236394794224e-02 1.590354728552512489e-02 1.128111314374410923e-02 1.075374623970311305e-02 1.081479510967756213e-01 1.125426777008135121e-02 5.049722160188116482e-02 3.346813174843075306e-02 5.934523579994601533e-02 1.770550036077038480e-02 3.441851610095735675e-02 2.094226040754034596e-02 4.589719029374202119e-02 1.085843352365988175e-02 8.453586171617553935e-02 9.639450170224138359e-02 2.045855865798476905e-02 3.640378805327119244e-02 4.484461450954030370e-02 4.631445911610210936e-02 5.003074588201431028e-02 3.110315812479510361e-02 1.161652627356598438e-01 4.763230459221550611e-02
8.191959236639403952e-02 3.015246392594609151e-02 1.036586213125460267e-02 1.468531468531468487e-02 9.117931538842624639e-02 1.136666994506343661e-02 4.378608285222863883e-02 3.494305425154100447e-02 5.441316451734884430e-02 1.792532733508282392e-02 3.729871393061709450e-02 1.793064160079755123e-02 4.838516825869192822e-02 1.158940397350993398e-02 7.920574978681933775e-02 1.885038188159463279e-01 2.097882794600712184e-02 3.661497971863850176e-02 2.967696986749199586e-02 4.680036944187887515e-02 5.056760897175703595e-02 2.749580479216527651e-02 1.241221752048257826e-01 4.859206254555091531e-02
8.218508046717487581e-02 3.002815139192993588e-02 9.912414847768663897e-03 1.340223510629358870e-02 8.993380777018626648e-02 1.110236663106414085e-02 4.250571241498189712e-02 3.684453370969492658e-02 5.469229063107492600e-02 1.741811817651470889e-02 3.760129659643435956e-02 1.710912771963842699e-02 4.904031347545991654e-02 1.170214258653832703e-02 7.988122474808936890e-02 1.880443808413278795e-01 2.078875805805944013e-02 3.664012371637478255e-02 2.947292166937203958e-02 4.693188413443782209e-02 5.112394119110273000e-02 2.744229552394839011e-02 1.233688670528047537e-01 4.800477263688187474e-02
8.634323573413121844e-02 2.869528470357293748e-02 1.287143786417173016e-02 1.439764936336924636e-02 1.034913001066219002e-01 1.209977400654117796e-02 5.343631365361958124e-02 3.682596542647018772e-02 5.655426819764119289e-02 1.785466359370227463e-02 3.795419600226591916e-02 2.063507821474663481e-02 4.932509480495372162e-02 1.194599066193687692e-02 8.629938383472272878e-02 1.884957074190912185e-01 2.111636759858212878e-02 3.667710324075956763e-02 3.220002399008409927e-02 4.739236500296696575e-02 5.215876798973324846e-02 3.082838455433622657e-02 1.271861345434531221e-01 4.951320175670670398e-02
8.318888756974950061e-02 1.354303801013977127e-02 1.537803767964030649e-02 1.148940951738861710e-02 8.928867517824573552e-02 1.196074852947369947e-02 4.733633923494955792e-02 3.541785724004680586e-02 6.035966602440590717e-02 1.864672503017606245e-02 3.388884350407101592e-02 1.831845937059652443e-02 4.628953205732729698e-02 1.252592052905901476e-02 8.151746024055524231e-02 5.059144676979071553e-02 2.115445651123959783e-02 3.706411089452025381e-02 4.657837496943253996e-02 4.704366461995608539e-02 5.072759060376217516e-02 2.708023569579822570e-02 1.078037575828965228e-01 4.769378092248763301e-02
8.321984087162211108e-02 2.293350249606972494e-02 1.478914082134276040e-02 1.426772975241292520e-02 8.769165146093509111e-02 1.235607975287840443e-02 4.613691218205447780e-02 3.671944010328191677e-02 5.935807448197412406e-02 1.822168561000319167e-02 3.604690571409204652e-02 1.977356989644445118e-02 4.661670121724339338e-02 1.243446322931561314e-02 8.114853374766023419e-02 1.340973143236074139e-01 2.123959756551981048e-02 3.716147562082559863e-02 4.062772904419911096e-02 4.723994999671030787e-02 5.149656558227499320e-02 2.633609878448774783e-02 1.191509390641502519e-01 4.892933902937352669e-02
