1.000000000000000000e+00
1.000000000000000000e+00
1.000000000000000000e+00
1.000000000000000000e+00
1.000000000000000000e+00
1.000000000000000000e+00
1.000000000000000000e+00
1.000000000000000000e+00
3.448275862068961306e-02
1.000000000000000000e+00
1.000000000000000000e+00
1.000000000000000000e+00
1.000000000000000000e+00
3.448275862068965747e-01
1.000000000000000000e+00
5.862068965517241992e-01
1.000000000000000000e+00
1.000000000000000000e+00
3.448275862068961306e-02
1.000000000000000000e+00
7.931034482758620996e-01
1.000000000000000000e+00
1.000000000000000000e+00
1.000000000000000000e+00
