4.135579448550422144e-01 3.659307234243325269e-01 4.154234571108947338e-01 5.099694937334656730e-01 3.143006211776576131e-01 4.497591965974842010e-01 3.963618305247652573e-01 5.144738444298702085e-01 3.049493402303019018e-01 4.189192402086551192e-01 4.474986186657017306e-01 5.357338669481090943e-01 4.580359611917445561e-01 3.501359352017145987e-01 4.432894197760115507e-01 2.470639048685421002e-01 4.308865804359685026e-01 4.605714384572311970e-01 2.515055610626853455e-01 4.084583944005478751e-01 3.558527681425572853e-01 5.159193157155077536e-01 3.806568956419092431e-01 4.701530012651201074e-01
3.982706044116511857e-01 3.715922178546288701e-01 3.870396195442111775e-01 5.107610569938945133e-01 3.178569106406033962e-01 5.239263222087562344e-01 4.029844628314382393e-01 5.039788639715012675e-01 2.784682574260615162e-01 4.593888802743463784e-01 4.484030746550139446e-01 5.076526549555024914e-01 4.465168928560906969e-01 3.288877486507305603e-01 4.119861401497260656e-01 2.571536646858476605e-01 4.381136789361617101e-01 4.765053460531218921e-01 2.580847103751135463e-01 3.893785295270537627e-01 3.425450188059966927e-01 5.215107652703447894e-01 3.787238399868027572e-01 4.562197011984822081e-01
3.647134084725897618e-01 3.717314580655698975e-01 3.630125098572309916e-01 5.384456275986156948e-01 3.307372972776462805e-01 4.922442624374699371e-01 4.390592559745307710e-01 5.171572011590158668e-01 3.333071017716005002e-01 3.977212629301178359e-01 4.389447923892705328e-01 4.882643922296503458e-01 4.716919153272072229e-01 3.404326489668058620e-01 3.785441383584898789e-01 2.582777793455677262e-01 3.962713181298325171e-01 4.426757753906126469e-01 2.318524434673898404e-01 4.163085817410211442e-01 3.482653602377773217e-01 5.201503215673070057e-01 3.695593913795783281e-01 4.418809559328222836e-01
3.641473835084843014e-01 4.077903079083559090e-01 3.803756270088161640e-01 5.908406875635536792e-01 3.500976108279758026e-01 5.094906822602706109e-01 4.041478245217809961e-01 5.020591818287645225e-01 2.923661574825148213e-01 4.552663936798155842e-01 4.383015423445422165e-01 4.993753551263621082e-01 4.436232220502434598e-01 3.312126058157832675e-01 4.007759725444564602e-01 2.452857406244734473e-01 4.116402939101111436e-01 4.689574607583097410e-01 2.431856211476619567e-01 3.901344939276315538e-01 3.443212626754423300e-01 5.203260432128999913e-01 3.721402563466447710e-01 4.444232319970993772e-01
3.567606073248449361e-01 3.579772812682403549e-01 3.625801200549356729e-01 4.933155662323733814e-01 3.583202119392827623e-01 5.097968331465454472e-01 3.974331983205997010e-01 5.211797038325712839e-01 3.220063821305579332e-01 3.863113607904293811e-01 4.483359822297135477e-01 4.910422512070975465e-01 4.655392232794038909e-01 3.809715639533184373e-01 3.864654406827129907e-01 2.546498241465415813e-01 3.858651334103067598e-01 4.462785932490292429e-01 2.521330532229085764e-01 3.824891673968187633e-01 3.537345420416775910e-01 5.231874990445622986e-01 3.622630400849866650e-01 4.432611508571582815e-01
3.613281698458208346e-01 4.108511486694533810e-01 3.382115796839429422e-01 5.169725241226210688e-01 3.538036235401791352e-01 4.973464467846162584e-01 3.988144682721855849e-01 5.104520644623218306e-01 3.167543147131550718e-01 4.270514858671156100e-01 4.634500396539075751e-01 4.807146122676311806e-01 4.674529269362245332e-01 3.289558014004639319e-01 4.011665843491915573e-01 2.636100919958438982e-01 4.087966288489438549e-01 4.552358293463305561e-01 2.372378541589445222e-01 3.807984970320832940e-01 3.442361420944126671e-01 5.121742138666812716e-01 3.694125599084215894e-01 4.484909771748611385e-01
3.349632516284824502e-01 4.081974630505698642e-01 3.705945643277525070e-01 5.086849191580976592e-01 3.418635368044666278e-01 5.269634149662093536e-01 4.027750095127625718e-01 5.125096128051543909e-01 3.210933232203817544e-01 4.027694562288437474e-01 4.414645352212135943e-01 4.402013062702177515e-01 4.273229513223682496e-01 3.438343595818119103e-01 3.513822063817618746e-01 2.395277597367210520e-01 3.798622670794754019e-01 4.634537854309209171e-01 2.247315625130033301e-01 3.848916346863510696e-01 3.402288859974677004e-01 5.148961665551968769e-01 3.614254091915914402e-01 4.358650175501831980e-01
3.570725265468425169e-01 3.820773066722687461e-01 3.595476871731843604e-01 4.680521142812810176e-01 3.620636128544957866e-01 5.577350792423839687e-01 4.085378228965992897e-01 5.250585711414870183e-01 3.252585251229827001e-01 4.331765436794388080e-01 4.517916167245795700e-01 5.068181956837739532e-01 4.542217244813935850e-01 3.205646809800864472e-01 3.878081892088182103e-01 2.437003698055777434e-01 3.577846702461062733e-01 4.515190986149308361e-01 2.420425113847254062e-01 3.917955369100885044e-01 3.430228313480040980e-01 5.277921290739208127e-01 3.502199576132529191e-01 4.618228613823374129e-01
3.464347617568753201e-01 3.800622151464392862e-01 3.695798681285768494e-01 4.837917151679255734e-01 3.519647512517425358e-01 5.335650659870372348e-01 4.080413571869263567e-01 4.949602084395198776e-01 2.947418141328233543e-01 4.121314824761320716e-01 4.504757404026545897e-01 4.881490727401662788e-01 4.337112776652017332e-01 3.211008032342235752e-01 3.857819906988825820e-01 3.002108249871354162e-01 3.860716939620500443e-01 4.478535864808659284e-01 2.566264955442585927e-01 3.732890412728517293e-01 3.547817461075012391e-01 5.474145064541616756e-01 3.778695783152880572e-01 4.414794431911918671e-01
3.286669878540268153e-01 4.649729014506239211e-01 4.064540834584287610e-01 5.477228164826258849e-01 3.399989714620157422e-01 4.860517850539132212e-01 4.210050052329439296e-01 5.394830147811700005e-01 3.066029378407741923e-01 3.868429468315899844e-01 4.962926791771252732e-01 5.377836828300509575e-01 4.336714777776803365e-01 3.216806610339802419e-01 3.881950417673059039e-01 5.136227267031748811e-01 3.529216442078858540e-01 4.312965870560279136e-01 2.361544530851963641e-01 3.842477895118965314e-01 3.450140241919690265e-01 5.391292742132500759e-01 3.867125066785524479e-01 4.587475889862329681e-01
3.225897608631290714e-01 4.262324255963998443e-01 3.928175694047827959e-01 5.662644519736939053e-01 3.366857153510569023e-01 4.426464224133580538e-01 4.057094158155357122e-01 5.131458163997549837e-01 2.805438064413623978e-01 4.218656898278981271e-01 5.029045059918584304e-01 4.883021553225102562e-01 4.306131100065567763e-01 3.180594068377004535e-01 3.536713380385438366e-01 3.999286440079136695e-01 3.777501461468075195e-01 4.288807369563433225e-01 2.398462123715373318e-01 3.658449108127720950e-01 3.574823099143045746e-01 5.385286175832115774e-01 3.969794073182696947e-01 4.519708577345256661e-01
3.097603260868416197e-01 4.519941101056487720e-01 3.699456759215581925e-01 4.826626344981478911e-01 3.268203584028152586e-01 4.438115645699147183e-01 3.872095249342568657e-01 4.816425545136939768e-01 2.964940006600912392e-01 4.438246717159127774e-01 4.491484395845770083e-01 4.571282308308233233e-01 4.266776159668359547e-01 4.617706805749154375e-01 3.502505127681764807e-01 2.881170334197156180e-01 3.551715018919335276e-01 4.636301245168406582e-01 2.491219565499500632e-01 3.399710382401133768e-01 3.559479223242306145e-01 5.013405977344493891e-01 3.665823774035540938e-01 4.085376313383835001e-01
2.646594754027351559e-01 6.299884877889992962e-01 3.407143495236898412e-01 4.859539393763530057e-01 3.032177726540548623e-01 4.547592477574074477e-01 3.615134613540892383e-01 4.690443557654582207e-01 2.844308814992095868e-01 3.736367801907197750e-01 4.916940524223629150e-01 4.328661074263394637e-01 4.128638586169962599e-01 3.985744915917845965e-01 3.184025917526668303e-01 4.812229060778864254e-01 3.606598616289233283e-01 4.098676191760888265e-01 2.386125721388220045e-01 3.496361286654384171e-01 3.584949812824860804e-01 4.981526478030211535e-01 3.491483132404989420e-01 4.178452441164627329e-01
2.485883128480554927e-01 4.485779467598428605e-01 3.072986176551361637e-01 4.470132133700104871e-01 3.180387296471342551e-01 4.916978969481710648e-01 3.688591711695205499e-01 4.733267492143979349e-01 3.187028061639651244e-01 3.509804299417306206e-01 4.435350295292346812e-01 4.803837206911992785e-01 3.955018327701173564e-01 4.997238359187360368e-01 3.156022190800942262e-01 2.392791314963644833e-01 3.613006878683512335e-01 4.422767483764924457e-01 2.707047382429350058e-01 3.653332052001877495e-01 3.667908945417832078e-01 4.910215782051845501e-01 3.330356601849941978e-01 4.216543579319020352e-01
3.113416243070372125e-01 5.201955024225357604e-01 3.350550047169546519e-01 4.887666842272200829e-01 3.623858997326701581e-01 5.345458310615879283e-01 3.887223725379023165e-01 4.997977478640301952e-01 3.204416190647100260e-01 3.969367147055067879e-01 4.894848683266903033e-01 4.778683177775249757e-01 4.297877796587429300e-01 3.746749545788957692e-01 3.586775835846821581e-01 3.027908953291203464e-01 3.765531025227215056e-01 4.325606610436881772e-01 2.286895915891637709e-01 3.799161461921486960e-01 3.497540361051498792e-01 5.011050429106621573e-01 3.590426773683940143e-01 4.337364747701882295e-01
3.048116630265044757e-01 4.474227813295527101e-01 3.160762842736382638e-01 5.053656727647238833e-01 3.576801491833082602e-01 4.891903567349605297e-01 4.173108377598040986e-01 4.865869360594862192e-01 3.016599094677112070e-01 4.247885989678413243e-01 4.950682462815724216e-01 4.956335673231421768e-01 4.639641639777900561e-01 3.339565139251398085e-01 3.580382530771587524e-01 3.412838394877381054e-01 3.977974100717264760e-01 4.449055881467938733e-01 2.278442153690941052e-01 3.757108509109012284e-01 3.538206762678748341e-01 5.284146326193125409e-01 3.602348337230173447e-01 4.497496422007752903e-01
3.187614236514370036e-01 3.967659606786144710e-01 3.751124391465496810e-01 4.707993155537090746e-01 3.367126395221159973e-01 4.857844012852834403e-01 3.999058641124231261e-01 4.985176709811594553e-01 2.856623533022809025e-01 3.865080096086067618e-01 4.427038488109101833e-01 4.906167907458850452e-01 4.306192154798777483e-01 3.277823800532179699e-01 3.463993482122894596e-01 2.697106756382818271e-01 4.050690581225325770e-01 4.567802456439546965e-01 2.434807437492200743e-01 3.752867256957556630e-01 3.398724491718601026e-01 5.193645353222002825e-01 3.489922604278638540e-01 4.329672890382778028e-01
3.088700645837120784e-01 4.470558732532793345e-01 3.875046285600958207e-01 4.839238071601137947e-01 3.267904941086702264e-01 4.790306637726731709e-01 4.127038512315183150e-01 5.300352689368447168e-01 3.105065869113660670e-01 4.192987160128210378e-01 4.624178120404610626e-01 4.554291334846981565e-01 4.498580747979081251e-01 3.205098511256682658e-01 3.237302282733122705e-01 3.266778897330612219e-01 4.061827096577702023e-01 4.354514634151063213e-01 2.406534569034439741e-01 3.798986329081471824e-01 3.547125453070996137e-01 5.241553172114856718e-01 3.673421246275648255e-01 4.346829730304261341e-01
3.843299501580615396e-01 4.007688130075034993e-01 4.061846153607109322e-01 5.502604191229979458e-01 3.157690473790878416e-01 5.214896937015316425e-01 4.022665763285991902e-01 5.383284710386061489e-01 3.338185406711111081e-01 4.497769375009676440e-01 4.405681983920632372e-01 5.068103352693459351e-01 4.341687738464126145e-01 3.457999254706462522e-01 4.059309642269415264e-01 2.569506031317647099e-01 4.190708967884102520e-01 4.849680290560578477e-01 2.593024692853042046e-01 3.941764639368068313e-01 3.692267017964796505e-01 5.509728127925308527e-01 3.719953253871819965e-01 4.596395590508401963e-01
2.784725916720361405e-01 3.654995547120277744e-01 3.477640023874232211e-01 4.422497841541700447e-01 3.336953722394893629e-01 4.944914381965619388e-01 3.831690947919867973e-01 4.758849275607576756e-01 2.699751918861753586e-01 3.993968385456858061e-01 4.338165700603096586e-01 4.160044511909898324e-01 4.461613031913941874e-01 3.937209383773058180e-01 2.855938295509349856e-01 2.560809934672420018e-01 3.567448269102398428e-01 4.511661302575683541e-01 2.281276399640187191e-01 3.988809442953134554e-01 3.549784154920938017e-01 4.960538107006752795e-01 3.410692355771253736e-01 4.309114058848925732e-01
3.584777201750027342e-01 3.903905769327004061e-01 3.899588860923762224e-01 4.784682331459683136e-01 3.765887662112827883e-01 4.687456987719335055e-01 4.319823858655926219e-01 5.245931139841042423e-01 2.990639970371793965e-01 4.367452668708675101e-01 4.770410264287340274e-01 4.911319595736173271e-01 4.787458306243767003e-01 4.278915686051596445e-01 3.624734890783701258e-01 2.386551809031571825e-01 4.144129382608101042e-01 4.696894349017609049e-01 2.414877452592721074e-01 3.834663861005904728e-01 3.697484477779377499e-01 5.206070831589102443e-01 3.627698448070201254e-01 4.691147770466655986e-01
3.400517746586894097e-01 3.888026814283844779e-01 3.940329866053207675e-01 4.761844853218421547e-01 3.352902471399461515e-01 4.655797029856642566e-01 3.901300085983274157e-01 5.220905551744253748e-01 3.012065680844980275e-01 4.199461151894067767e-01 4.348503141245487202e-01 4.843342359508380768e-01 4.488916349925124449e-01 3.661401487852011805e-01 3.517120707906459254e-01 2.554791151481963229e-01 3.925982356965723730e-01 4.505722360927290060e-01 2.411293434120371781e-01 4.186642422636229766e-01 3.510709298407460599e-01 5.197285407135483482e-01 3.501001790565719807e-01 4.640543403302415104e-01
3.312152410903227429e-01 3.667254914671729815e-01 3.709344809002125820e-01 4.845600407305297730e-01 3.325358080217151735e-01 4.099840964129878307e-01 4.004668222863687621e-01 5.234766035403811690e-01 3.205673485236513742e-01 4.216846163554348603e-01 4.661558954988723746e-01 4.684851415308668443e-01 4.465773744305958637e-01 4.338323836098024189e-01 3.456838573405088266e-01 2.551813149245160117e-01 3.769142221943828641e-01 4.668783693807206370e-01 2.510252046664008252e-01 4.128021466972001674e-01 3.512375152684673041e-01 5.260164964933808918e-01 3.563926593433747736e-01 4.713623633415239267e-01
3.025089476127670318e-01 4.305852350100660142e-01 3.309303787530402663e-01 4.404358785273575494e-01 3.149477813735312437e-01 4.660717808595742362e-01 3.987150986420179288e-01 4.850212197705766060e-01 2.814671023963805641e-01 4.203238995875001049e-01 4.432325867666067620e-01 4.102211221513034078e-01 4.183679788287565926e-01 3.503766218986647529e-01 3.103399334911625673e-01 3.548067362811050396e-01 4.113523722039427732e-01 4.561143140646761185e-01 2.332001308851937016e-01 3.809592748161732545e-01 3.242566466745814280e-01 4.736161864814008027e-01 3.644892586604850382e-01 4.191413208975309779e-01
3.447874276758809975e-01 3.879328799956781593e-01 3.959793684421328841e-01 5.543184818556757820e-01 3.758463153257663447e-01 5.251935856314109419e-01 4.333148077565039391e-01 5.425206487125704413e-01 3.086844519268184817e-01 4.855116280188878086e-01 4.553520228033306472e-01 5.214930406643588645e-01 4.592811800844796011e-01 3.633778050603213017e-01 3.878905450037190561e-01 2.579802296383114646e-01 4.371633814876534907e-01 4.897625483834140425e-01 2.674000815161304279e-01 4.123668612090249375e-01 3.231130049681881222e-01 5.330563002699886255e-01 3.568457969703835997e-01 4.558464017445586491e-01
3.589908703909461818e-01 3.722702117574472336e-01 3.776564208632109954e-01 4.958217498541487855e-01 3.745620038198240742e-01 4.297315480590935266e-01 4.111003639893663353e-01 5.085609325822051385e-01 3.455152587173820899e-01 4.219203666473911873e-01 4.805914177773518703e-01 5.146355663671665637e-01 4.419698262358628393e-01 3.459935286673627708e-01 3.987888990087888330e-01 2.580977687903349138e-01 4.435044318120385798e-01 4.632669025658660567e-01 2.565953411483605784e-01 3.964395106254675616e-01 3.412973274136369972e-01 5.150961502588258245e-01 3.600897924709855480e-01 4.408268095956715538e-01
3.594399786876801284e-01 3.929015211443679378e-01 3.828055059561687457e-01 4.932033914509395545e-01 3.312404809586574350e-01 4.590231897596929178e-01 4.200352408051281627e-01 5.194553793406991860e-01 3.243173542798498121e-01 4.239238550610110456e-01 4.385049420770043005e-01 5.089402247363089549e-01 4.471226769230898790e-01 3.624880316872126640e-01 4.059724805898843880e-01 2.594700332473138804e-01 4.061099272152146056e-01 4.499510491190121253e-01 2.285246087425264749e-01 3.948098698494657555e-01 3.490475499174557350e-01 5.202607132789015543e-01 3.619995722138785732e-01 4.355565827800623180e-01
3.284410992889938430e-01 4.426593359451622689e-01 3.562649145455857869e-01 4.617256934452738659e-01 3.619388474983280535e-01 4.862109288710293464e-01 4.128351201068323206e-01 5.182179300188775040e-01 3.124598005456041827e-01 4.405517923235869882e-01 4.867068546053635592e-01 5.098546043501610558e-01 4.548949376999493199e-01 3.678480372487938910e-01 3.700990166328179676e-01 4.062881098437816640e-01 3.608672654548836234e-01 4.348213901600210818e-01 2.623038102767449864e-01 3.900666062048867566e-01 3.679864231059681301e-01 5.298532882466747695e-01 3.897633980346798532e-01 4.832023924418792915e-01
3.508678787226428564e-01 4.237274323418633859e-01 3.893333544037274607e-01 5.535875467510933401e-01 3.666745096933520798e-01 5.235131626665879834e-01 4.093633520103099332e-01 5.421998291173513174e-01 3.182708286894295191e-01 4.098781593814887492e-01 5.019473034930688193e-01 5.307790559634159022e-01 4.552909078766994022e-01 3.812036949520916096e-01 3.906159508384059453e-01 2.953626674284978160e-01 4.299442630202364724e-01 4.572343140936011574e-01 2.459578709740075364e-01 3.860329300777989858e-01 3.473651197698943704e-01 5.633201771022633420e-01 3.684188632163982180e-01 4.638659805898240340e-01
