5.743906064209274298e-01 6.107934238741958843e-01 4.545454545454545303e-01 6.625954198473282819e-01 5.033447098976109313e-01 6.706056129985229486e-01 6.201864115771400510e-01 7.356602391994142565e-01 6.141051230871590327e-01 6.346525096525096332e-01 6.836684649337910757e-01 7.205815538391640018e-01 6.796153120874975917e-01 6.468428781204111910e-01 6.366337498907629344e-01 4.820616003714595088e-01 5.998415213946117763e-01 7.146576412392605659e-01 4.860128075497134881e-01 6.083050847457627253e-01 6.523748804590372430e-01 7.177586718055143367e-01 6.286625254246605010e-01 6.801346801346801474e-01
5.613958876339415482e-01 6.091918568784701060e-01 4.502114571318723835e-01 6.719242902208202306e-01 4.978421147275670089e-01 6.728076639646278778e-01 6.191697191697191904e-01 7.360406091370558235e-01 6.163442668909447919e-01 6.334797462176671168e-01 6.790919952210274779e-01 7.131849315068493622e-01 6.829179552483172211e-01 6.520146520146520297e-01 6.144913313706248381e-01 4.908124751688517917e-01 6.087128712871286984e-01 7.125717266562336949e-01 4.798541476754785706e-01 6.180353163037888287e-01 6.493137718883104093e-01 7.122599704579024582e-01 6.222811384049344863e-01 6.747810858143608037e-01
5.132535271483540384e-01 6.103286384976526202e-01 4.171673819742489076e-01 6.579804560260585911e-01 4.913576447658614121e-01 6.770087509944311410e-01 6.444545869465997390e-01 7.293874386146290689e-01 6.265840608279358293e-01 6.248146317350469214e-01 6.718896164639850399e-01 7.108495394063459871e-01 6.936374977722331581e-01 6.525925925925926130e-01 5.647781459629839240e-01 4.901097914187566018e-01 6.078509119746232647e-01 7.143232588699079955e-01 4.840637450199203329e-01 6.160330294168243626e-01 6.388315605651690987e-01 7.317392728463806284e-01 6.069512980047200301e-01 6.751982696467195844e-01
5.067816651596299682e-01 6.156978896704924376e-01 4.225589225589225784e-01 6.700389105058365269e-01 5.204081632653061451e-01 6.714513556618819656e-01 6.421221864951768277e-01 7.337713534822601913e-01 6.136958418144810024e-01 6.212048192771084665e-01 6.838644410723317968e-01 7.162966973470492604e-01 6.786477559743540056e-01 6.440933032355153909e-01 5.538995347370081479e-01 4.772590026380192363e-01 6.037735849056603543e-01 7.166319082377476946e-01 4.851951547779272955e-01 5.977803934757019988e-01 6.389961389961390514e-01 7.361642882004872934e-01 6.059547571523619114e-01 6.730415593968370747e-01
5.024506371656630721e-01 6.174398120963006109e-01 4.128440366972477293e-01 6.774420238931834204e-01 5.262314540059347401e-01 6.721958925750395331e-01 6.428337696335078011e-01 7.345866740392590355e-01 6.198577604239297045e-01 6.392874814448292753e-01 6.821743388834475841e-01 7.114967462039045731e-01 6.865503657850309249e-01 6.509009009009009139e-01 5.493545340050377535e-01 4.886945829633171923e-01 6.135634028892456016e-01 7.173970086591445749e-01 4.853236831523924377e-01 6.123672490578965233e-01 6.287625418060200921e-01 7.344613259668508753e-01 5.940351064397374481e-01 6.717612809315866018e-01
5.032661375289737560e-01 6.267367630491926800e-01 4.198918019142738323e-01 6.529492455418380858e-01 5.199814932623908481e-01 6.690879741727199237e-01 6.387517911160642825e-01 7.332104292862786643e-01 6.091250521630268144e-01 6.312984496124031120e-01 6.936018353301045547e-01 7.105263157894736725e-01 6.831741080132579524e-01 6.474074074074074314e-01 5.572089437162682790e-01 4.814063788836953628e-01 6.138811328280813218e-01 7.168627450980392668e-01 4.842573579739904432e-01 5.977242302543507302e-01 6.333172999839666861e-01 7.347931873479318643e-01 6.008298755186721740e-01 6.728767123287671126e-01
4.936027819696870433e-01 6.320687186828919391e-01 4.248962655601659644e-01 6.671061305207646175e-01 5.103231844959532637e-01 6.931007137192704004e-01 6.374594343996291546e-01 7.381142098273572039e-01 6.128719723183391199e-01 6.269455252918287869e-01 6.914386141099673200e-01 7.005245588936576118e-01 6.757633587786259222e-01 6.454272863568215612e-01 5.288133181559476759e-01 4.763060348275954259e-01 6.052526860326302716e-01 7.145468790806999149e-01 4.801160607612220410e-01 6.072874493927125084e-01 6.333704469540321069e-01 7.333560942301127206e-01 5.897148349887856300e-01 6.744568194266934436e-01
4.963122090941639586e-01 6.225859247135843155e-01 4.006197432492253352e-01 6.806666666666666421e-01 5.294841886988076451e-01 6.808163265306121925e-01 6.478746397694524761e-01 7.341182913472069638e-01 6.123702894593118229e-01 6.311953352769679171e-01 6.880525385198282828e-01 7.147201946472019340e-01 6.819081551860649570e-01 6.407407407407407218e-01 5.455660994764397476e-01 4.811410805356314824e-01 6.080864691753402607e-01 7.172304439746299831e-01 4.756816507000736771e-01 5.990493973858428411e-01 6.240101362052581369e-01 7.380524613726194838e-01 5.910748299319728005e-01 6.680132207124495070e-01
5.031304959549771638e-01 6.326077298978232122e-01 4.127459366980325006e-01 6.508728179551122039e-01 5.268709191361125033e-01 6.770833333333333703e-01 6.375086266390613821e-01 7.199222006112808714e-01 6.016096579476861717e-01 6.250607090820786693e-01 7.038420490928495310e-01 7.072289156626505591e-01 6.638606108065778777e-01 6.367098248286366946e-01 5.454687989965506523e-01 4.970753591913226188e-01 5.988023952095807845e-01 7.130457653866386636e-01 4.774984481688392401e-01 5.913637879293097699e-01 6.227023540793292788e-01 7.321493294671982399e-01 6.079153791300213605e-01 6.757314328582145757e-01
4.886004669688229773e-01 6.457960644007155748e-01 4.363273453093812204e-01 6.642268984446477731e-01 5.059876689589756227e-01 6.941467436108821332e-01 6.259355678490075015e-01 7.248226950354610398e-01 5.873773173391494407e-01 6.190032603632976693e-01 7.250534025022886686e-01 7.024029574861367919e-01 6.529706790123457338e-01 6.249084249084249088e-01 5.291617473435655805e-01 5.754800590841949726e-01 6.020120724346076369e-01 7.048286604361371221e-01 4.734964948960767583e-01 5.892536338396211493e-01 6.257147524914229431e-01 7.363669194655110273e-01 6.309009887202339240e-01 6.747148288973383590e-01
4.859945872801082478e-01 6.158088235294117974e-01 4.328298887122416505e-01 6.897274633123690046e-01 5.050889096864763506e-01 6.696212731668009788e-01 6.191171697500811311e-01 7.285253591322192745e-01 5.906464184921381699e-01 6.273674242424241987e-01 7.208383961117861283e-01 6.944937833037300168e-01 6.548380841574559241e-01 6.292541636495293522e-01 5.253424657534246922e-01 5.870748299319727970e-01 6.029706945002006879e-01 7.125810635538262217e-01 4.747091243110839187e-01 5.808344198174706374e-01 6.290763052208835360e-01 7.324498567335243626e-01 6.308003628497662607e-01 6.751086751086751159e-01
4.929853181076672142e-01 6.564960629921260393e-01 4.152397260273972823e-01 6.691957511380880463e-01 5.089170479877976883e-01 6.629303442754203024e-01 6.235973068291118526e-01 7.322485207100591920e-01 6.006944444444444198e-01 6.224686595949855406e-01 7.035135135135135442e-01 7.066593285635662802e-01 6.521969295923769616e-01 6.286353467561521802e-01 5.360933383515242845e-01 5.117173027047055012e-01 5.994431185361972503e-01 7.066392177045804912e-01 4.577144589269475650e-01 5.876785121222185548e-01 6.301612903225806139e-01 7.370562130177514826e-01 5.900259798938213285e-01 6.671647366454986905e-01
4.661897774516997051e-01 8.184568835098335882e-01 3.876730683340777195e-01 6.678932842686292615e-01 5.007485963817841501e-01 6.704918032786885140e-01 6.090264568563029668e-01 7.236842105263158187e-01 5.623757745820180398e-01 6.219397363465160034e-01 7.451841838458939105e-01 6.851211072664359358e-01 6.003132068905515650e-01 6.130952380952381375e-01 4.936220706021952065e-01 6.296241491565551796e-01 6.054313099041533919e-01 6.818525044047319961e-01 4.520136660109742022e-01 5.713820608823050318e-01 6.156026004334055335e-01 7.189327485380117011e-01 5.741430222108101500e-01 6.671971354684702593e-01
4.560196870267541613e-01 6.963420008814455997e-01 3.811764705882352833e-01 6.743849493487699132e-01 5.244801700657676369e-01 6.663914120561519328e-01 6.230518303733236785e-01 7.305622009569378017e-01 5.897643097643097132e-01 6.215311004784689342e-01 7.145232815964522866e-01 6.927570093457944278e-01 6.216259129882502066e-01 6.325115562403698100e-01 4.942050520059435570e-01 4.899731296846273620e-01 6.203999999999999515e-01 7.068521380731581649e-01 4.635717825871468745e-01 5.903494176372712232e-01 6.020700636942675210e-01 7.369362920544022533e-01 5.648924731182796144e-01 6.688030160226201559e-01
4.976129032258064244e-01 7.154285714285714137e-01 3.790664780763790542e-01 6.537530266343826169e-01 5.185406698564593020e-01 6.543422184006878473e-01 6.374736842105263035e-01 7.288230360637405481e-01 5.804858515750133119e-01 6.212482134349690543e-01 7.246376811594202882e-01 7.032766990291262621e-01 6.351069873130088528e-01 6.294027565084227005e-01 5.324374766703994233e-01 5.348464007336084514e-01 6.078037007240546519e-01 6.988235294117647323e-01 4.596237337192474737e-01 5.860534124629079855e-01 6.225352112676055816e-01 7.227533460803059473e-01 5.955944992089570178e-01 6.600000000000000311e-01
5.022996696249271142e-01 7.008498583569404694e-01 3.750597228858098542e-01 6.793183578621223573e-01 4.926763367463026233e-01 6.683673469387755306e-01 6.335403726708074279e-01 7.239263803680981990e-01 5.826206896551724412e-01 6.241578440808469574e-01 7.164616285881664215e-01 7.106508875739645514e-01 6.483099126471705276e-01 6.345565749235474451e-01 5.424155018119961591e-01 5.327021878427523616e-01 6.136820925553320150e-01 6.984375000000000444e-01 4.572958888245512443e-01 5.857119287246328465e-01 6.246925725528774676e-01 7.340548898337843076e-01 5.915002747755999657e-01 6.624975947662112841e-01
4.778114300763761091e-01 6.335428122545169183e-01 4.247025030775543608e-01 6.666666666666666297e-01 5.100289664972399439e-01 6.666666666666666297e-01 6.293064540394163187e-01 7.292863002461034139e-01 6.074357572443958020e-01 6.122448979591836871e-01 6.944873776403915899e-01 6.982758620689655249e-01 6.733524355300859465e-01 6.472346786248132089e-01 5.132782860968533312e-01 4.792915531335150137e-01 6.034276604224790841e-01 7.157507231133315440e-01 4.846050870147255440e-01 5.984199025046226250e-01 6.218302094818081160e-01 7.271794871794872162e-01 5.854523950325251080e-01 6.727672035139091733e-01
4.735760611314454582e-01 6.617716721932733748e-01 4.345189975747776878e-01 6.710622710622710096e-01 5.016565138399059487e-01 6.896825396825396748e-01 6.301959619952494096e-01 7.288418708240534949e-01 6.012674940586215655e-01 6.146179401993355773e-01 7.055525894287240085e-01 6.905430711610487382e-01 6.661594065056115621e-01 6.402985074626865725e-01 5.044254003933689168e-01 5.042957962565204344e-01 6.062773142630115686e-01 7.032910080331692404e-01 4.816888619854721720e-01 5.948905109489051046e-01 6.219550775071179816e-01 7.209621993127147688e-01 5.847000611552788385e-01 6.727948003714020464e-01
5.371796887281874433e-01 6.202130722718111056e-01 4.572884012539185083e-01 6.768377253814147343e-01 4.913695598721416480e-01 6.851424172440339078e-01 6.331919551238199828e-01 7.350608143839238995e-01 6.293187858441740001e-01 6.298421807747489609e-01 6.699553676297862470e-01 7.277922077922077682e-01 6.746922519913106653e-01 6.489439184268026573e-01 5.957024793388430162e-01 4.880203489962255947e-01 6.062550120288693334e-01 7.154429056702378276e-01 4.842681258549931811e-01 6.118946474086660592e-01 6.412393834539162896e-01 7.245169886742172105e-01 6.163382416630576177e-01 6.760362924746486923e-01
4.539015904572564764e-01 6.344150044656147180e-01 3.906955736224028697e-01 6.653306613226452892e-01 5.017101905640913850e-01 6.809864757358791154e-01 6.311923738084075364e-01 7.195121951219511924e-01 6.196469907407406996e-01 6.212640862322390545e-01 6.751014561947958903e-01 6.355765446674537245e-01 6.742451154529307544e-01 6.280623608017816828e-01 4.840425531914893664e-01 4.879312471729922995e-01 6.008719778042013182e-01 7.023219410383512162e-01 4.698963317384369787e-01 6.068244170096022128e-01 6.078554595443833586e-01 7.195236602945784821e-01 5.664565072530627354e-01 6.616379310344827624e-01
5.141738033592245793e-01 6.110130603600423260e-01 4.206751054852320704e-01 6.805949008498584085e-01 5.367220593027044462e-01 6.793774319066148148e-01 6.504327167826234879e-01 7.326436155731009814e-01 6.159669649002064151e-01 6.288910505836575737e-01 6.890306122448979220e-01 7.064876957494407028e-01 6.775446775446775094e-01 6.422641509433961726e-01 5.607025246981338640e-01 4.655150482102424769e-01 6.039247096515818480e-01 7.148177706836924550e-01 4.822851330734022612e-01 6.044105173876166415e-01 6.578727667390215084e-01 7.456049638055842754e-01 6.036091060521932006e-01 6.879713423831070873e-01
5.006719139950086550e-01 6.315468940316687485e-01 4.490409928544565887e-01 6.594022415940223869e-01 5.111640677614878170e-01 6.780821917808219634e-01 6.275503217855675775e-01 7.421548117154811441e-01 6.219850291100638140e-01 6.314769975786924672e-01 6.796046287367405458e-01 6.866464339908953107e-01 6.686648501362397745e-01 6.457883369330453815e-01 5.363151991026360310e-01 4.870406271072151294e-01 6.119698771304002971e-01 7.133988618727367115e-01 4.790697674418604723e-01 6.063193851409052204e-01 6.395607893061744376e-01 7.228172671210646438e-01 5.916382075959847331e-01 6.763590391908975707e-01
4.984932999935884901e-01 6.324074074074074181e-01 4.445731942835071671e-01 6.691729323308270860e-01 5.157166806370494516e-01 6.913207547169811784e-01 6.257660167130919548e-01 7.337067209775967047e-01 6.224247226624405327e-01 6.325036603221083631e-01 6.791495530321333129e-01 6.987625676720804480e-01 6.697598253275108826e-01 6.433166547533952784e-01 5.319343065693430406e-01 4.854722058699856846e-01 6.067594433399602361e-01 7.146562905317769276e-01 4.867581674076937870e-01 6.121367521367521158e-01 6.383583267561168118e-01 7.276227141482194405e-01 5.898075923036921742e-01 6.826681049982020744e-01
4.818475806943681716e-01 6.446327683615818982e-01 3.732232920678587584e-01 6.577815993121237659e-01 4.819699664098004432e-01 6.686143572621034981e-01 6.252439817826935808e-01 7.087658592848904426e-01 5.901073619631901357e-01 6.096512183468705270e-01 7.107554057848919360e-01 6.440677966101694407e-01 6.643558636626227809e-01 5.926493108728942971e-01 5.045441635898891830e-01 5.156638488314271296e-01 5.901313171508157929e-01 7.004692387904066786e-01 4.699905161902181439e-01 5.879010695187165680e-01 5.921337875503251968e-01 7.042994123105474902e-01 5.865740740740740256e-01 6.584203774967931633e-01
4.907288546569676391e-01 6.355810616929699064e-01 3.744979919678714797e-01 6.885245901639344135e-01 5.221914476795244120e-01 6.752921535893154914e-01 6.534023079984082605e-01 7.303754266211603952e-01 6.213519952352590803e-01 6.309872922776148529e-01 6.818967646332427801e-01 7.194285714285714173e-01 6.876888217522658664e-01 6.368542791056284180e-01 5.366900536524968901e-01 4.932763401109057089e-01 6.131504638967325560e-01 7.220438737292670384e-01 4.751179751179750999e-01 6.099742046431642084e-01 6.036261331666146202e-01 7.330399706637330537e-01 5.841321963879031465e-01 6.679417122040073318e-01
4.974725592143269814e-01 6.209223847019122999e-01 3.647058823529411575e-01 6.687631027253668758e-01 5.246615087040619185e-01 6.689246401354783655e-01 6.542575071986836965e-01 7.312146512254241726e-01 6.282973621103117301e-01 6.210995542347697018e-01 6.848708487084871344e-01 7.172743574417214107e-01 6.952919020715631060e-01 6.445131375579598032e-01 5.381651225711240327e-01 4.924468503481620463e-01 6.102106969205834952e-01 7.218065205772313808e-01 4.809544658493870584e-01 6.095597053280794597e-01 6.093945068664169407e-01 7.326478149100257298e-01 5.833644162625886143e-01 6.637946837763519792e-01
5.104232469993682519e-01 6.224127735068006873e-01 4.082528533801580428e-01 6.882943143812708664e-01 5.016770220487161147e-01 6.808846761453396512e-01 6.363211223694466012e-01 7.289820037604082259e-01 6.208469984314843870e-01 6.270112140419307201e-01 6.753059755219582572e-01 7.111436950146627911e-01 6.834466286974094640e-01 6.329866270430906106e-01 5.582649472450176287e-01 4.894583124172865451e-01 6.056170886075948889e-01 7.113564668769716270e-01 4.778481012658227778e-01 6.133105802047781330e-01 6.235128365685660423e-01 7.251367878982941662e-01 5.943208062145706183e-01 6.658957480875289381e-01
4.915468256752016929e-01 6.776454099509460205e-01 4.405373370209403339e-01 6.699426699426699328e-01 5.214053530672937420e-01 6.772655007949125450e-01 6.331800495224619851e-01 7.396987780619493913e-01 5.966984126984127279e-01 6.393910561370124146e-01 7.170844137136271890e-01 7.181919642857143016e-01 6.560617469879518326e-01 6.399427344309234211e-01 5.348061029879211947e-01 5.595974119338604780e-01 6.151685393258427004e-01 7.025917372337695532e-01 4.686609686609686798e-01 5.882933245642880671e-01 6.328304362085930279e-01 7.391957910559939782e-01 6.134048257372654023e-01 6.878956455016305149e-01
5.073192047192484067e-01 6.549822764868058478e-01 4.383954154727793817e-01 6.732673267326733102e-01 5.131387367399292687e-01 7.068273092369478094e-01 6.405818449640949819e-01 7.484764542936288567e-01 6.217167614405632037e-01 6.306436119116234362e-01 7.015831134564644023e-01 7.204968944099379158e-01 6.647716505590297587e-01 6.526857983811625852e-01 5.638388303298197402e-01 4.876964238610242419e-01 6.195652173913043237e-01 7.146951537258988685e-01 4.620515861251111578e-01 5.963455149501660779e-01 6.359065844956210967e-01 7.386934673366833959e-01 6.057899959143173696e-01 6.830894610112984155e-01
