8.231472713979216538e-01 6.351394060984155709e-01 6.587274255093465980e-01 4.990250403310654281e-01 7.610114192495921470e-01 4.742951674634440229e-01 8.949429789194792706e-01 8.429906037369045979e-01 8.178861788617886042e-01 7.233194997709828655e-01 8.793971885001282685e-01 7.796535816375625982e-01 8.916150801030845452e-01 5.080112704487153019e-01 8.033113070819720702e-01 6.446128275322643431e-01 7.878315562973282615e-01 9.028530399913298199e-01 6.736355372880685755e-01 9.169291598023063816e-01 8.898477357080092354e-01 8.027076402901237584e-01 7.873556699861624653e-01 9.064508450368959913e-01
8.187427643906572960e-01 7.005613450428179734e-01 6.594879850088183337e-01 5.903856903297931558e-01 7.587915722356564086e-01 4.870464868502215050e-01 8.940062687903793659e-01 8.189858650533112794e-01 7.846943936505466066e-01 7.160390980784182569e-01 8.840884573894283172e-01 8.058360757616417347e-01 8.965576637693448703e-01 5.100224278104850129e-01 8.035594807975378062e-01 6.341941277313668524e-01 7.851310344827586718e-01 9.006489723475457065e-01 6.383646965279617946e-01 9.152859856479527156e-01 8.892208506958094727e-01 8.021537622682660684e-01 7.858394474151282338e-01 9.043667833784765353e-01
8.160911330928829477e-01 7.645544581284124952e-01 5.725053592420994431e-01 5.598238008670115562e-01 7.820882510729614268e-01 4.844171159029649343e-01 9.109970214767204588e-01 8.286929202101728231e-01 8.268614502380736697e-01 7.044084557904386479e-01 8.874897307780366118e-01 7.310100967068546840e-01 8.916466012224486537e-01 5.064283210655450285e-01 8.038932335940156548e-01 6.110606563389628931e-01 7.860601128322550757e-01 9.000135538086202480e-01 5.318083578322795324e-01 9.186942523882408729e-01 8.911555707056140196e-01 7.966259516897628012e-01 7.849558221148963399e-01 9.067304000105927964e-01
8.136380880121396597e-01 6.348175463701909438e-01 5.822725325151000275e-01 4.909205725512209018e-01 8.031563845050214701e-01 4.761403360990607569e-01 9.155325152569065983e-01 8.087828679859040415e-01 7.822596385307014621e-01 7.221512838306731741e-01 8.668722693395014556e-01 7.081579246785755233e-01 8.899257208274540254e-01 4.987237742623134573e-01 7.999298296554394616e-01 5.970543583272540644e-01 7.764192862859824462e-01 8.993104008887564671e-01 6.554485701866462621e-01 9.167566713205658191e-01 8.899738814295651279e-01 7.769877004173072477e-01 7.920714456147527338e-01 9.038096879848301901e-01
8.123360670330062039e-01 7.307886237581935340e-01 5.575805380272335077e-01 5.350850163870136678e-01 8.059314713504175387e-01 4.726632135989107253e-01 9.153994769145846755e-01 8.020844657027937918e-01 8.235942239390247055e-01 7.073309628312683950e-01 8.748970415479550011e-01 7.047319688802287097e-01 8.918811250099594190e-01 5.017740193809864246e-01 8.008563238549087915e-01 6.136076282794226122e-01 7.870340982792167761e-01 9.028948581031631671e-01 5.819824147086685162e-01 9.171382216770210816e-01 8.898811865607050287e-01 7.776344499183488468e-01 7.857819157329967164e-01 9.050496217090008289e-01
8.147294922338859102e-01 6.345026019438860798e-01 5.901655199093647219e-01 5.312530623101368032e-01 8.018586849402974392e-01 4.592776701210435908e-01 9.142362568191355621e-01 8.208127744943881643e-01 8.089005235602094723e-01 7.224558919474173280e-01 8.734471839562640838e-01 6.888727562596973497e-01 8.890072432893054710e-01 5.040308447248510459e-01 7.988908312737356132e-01 5.962491546466675008e-01 7.837532076929444314e-01 9.036043360433604343e-01 6.546248301876838038e-01 9.166962910297428158e-01 8.884296436256757801e-01 7.748448910119145605e-01 7.914139693356048166e-01 9.032471835652750025e-01
8.061866316184753689e-01 6.492599870824115049e-01 5.832700145057677643e-01 5.673222178705309426e-01 7.939254351131180831e-01 4.714750968611376436e-01 9.136645475237422653e-01 8.262408462164361200e-01 8.101813471502590236e-01 7.123044244839027428e-01 8.813515779226047675e-01 7.449335336299991450e-01 8.870836934122182660e-01 5.036951857409303068e-01 7.949566231509800351e-01 6.106593222546848887e-01 7.761422580289151218e-01 9.021462251368489449e-01 6.511591106891367886e-01 9.161693213706968431e-01 8.892239909784689367e-01 7.837155711620761300e-01 7.853462756902402919e-01 9.050522186290621551e-01
8.159637836549916701e-01 6.820758592359303929e-01 5.315640833956308819e-01 5.660860440713536557e-01 8.193122343601813018e-01 4.660112359550561689e-01 9.182146781945529357e-01 7.950751762261126787e-01 8.490924850256794665e-01 7.212111115738619738e-01 8.730083588065030709e-01 6.522415096492604203e-01 8.853346128726992115e-01 5.003995793901157008e-01 7.987445102738476299e-01 6.253258566043397026e-01 7.791177403998730266e-01 8.995105682018466053e-01 6.183706218585467429e-01 9.184483167690401517e-01 8.896171138696273850e-01 7.753374199400753231e-01 7.883078664402942692e-01 9.051457816788427424e-01
8.140040384843805210e-01 5.801650375211142574e-01 5.625821083346009832e-01 4.543117255331703408e-01 8.145815629256254464e-01 4.649762015079398347e-01 9.185308363358013484e-01 7.839318237420828117e-01 7.832269637216798808e-01 7.152039314768026124e-01 8.717225289258440091e-01 6.591229946524064243e-01 8.856598697441497858e-01 4.924812030075187974e-01 7.926291233032357608e-01 4.881256850566313421e-01 7.864514348785871523e-01 8.998603900944739387e-01 6.759182925712191592e-01 9.153515064562410819e-01 8.897830053690746199e-01 7.721010806500399060e-01 8.018386461297420942e-01 9.065956683973601660e-01
8.137383630836202419e-01 3.558156217911749297e-01 6.040286975717439333e-01 4.239460798108853345e-01 8.057644254574346521e-01 4.634769905040175275e-01 9.166852773873175320e-01 7.864489795918366832e-01 7.809884751199699382e-01 7.462216799312276772e-01 8.236635177196527380e-01 6.434339687250313355e-01 8.783778389813595711e-01 4.942949257078777525e-01 7.977624576681180413e-01 2.823200654307524426e-01 7.785812862268838286e-01 9.006054695436629398e-01 7.304688500243259330e-01 9.164104181450235531e-01 8.840937762825904489e-01 7.792807654239525261e-01 8.221539774950495927e-01 8.989167275868944484e-01
8.118577075098813989e-01 3.324374146883751213e-01 6.073305651736077282e-01 3.996108784841179151e-01 8.036544888654086893e-01 4.583380139294540578e-01 9.172018860737880530e-01 7.811162892104761557e-01 7.907150976542316467e-01 7.321985933663489599e-01 8.204239289175208061e-01 6.546597485531829852e-01 8.865463450992918659e-01 5.032933460395762060e-01 8.044155687902303509e-01 2.819721593636426160e-01 7.817597218005685189e-01 9.000812677773263326e-01 7.299846429485539190e-01 9.146641089986993212e-01 8.857349081364829235e-01 7.797765470611678351e-01 8.230849524351766533e-01 9.044322801796296218e-01
8.084056271981242547e-01 5.941505686947102793e-01 5.517002945609934539e-01 4.983378452302469896e-01 8.041162478022546578e-01 4.551836459620352549e-01 9.147258341752719790e-01 7.844046077295344643e-01 8.089281334314446514e-01 7.198850782106621660e-01 8.643773328808957990e-01 6.909165931532966765e-01 9.017477063007324212e-01 5.023837568007178955e-01 8.041676675474417335e-01 5.273952406434632145e-01 7.882851191215218822e-01 9.041307320507440126e-01 6.594230342287751290e-01 9.151413871600194705e-01 8.904890055792582526e-01 7.628888674857936536e-01 7.948586352801633170e-01 9.050033851504732940e-01
8.004193163521794441e-01 3.261084999150574704e-01 5.260475808015065979e-01 4.352818665390785768e-01 8.136154874716585716e-01 4.453964463796614703e-01 9.171176641410807573e-01 7.423348975934109806e-01 8.285197636511817398e-01 7.427010083357605819e-01 8.109386568678531582e-01 6.548668784455619063e-01 8.923166318903357208e-01 4.919867076094729397e-01 7.970260846643262287e-01 3.457443342499315619e-01 7.811504021854606128e-01 8.996997890409477172e-01 7.202325639802094059e-01 9.132925195091831094e-01 8.805907284070866314e-01 7.694159068091485087e-01 8.110177316984793494e-01 8.962294338817631267e-01
8.032345641611222664e-01 6.464758319029954015e-01 4.839112343966712748e-01 5.290441021903947716e-01 8.229524391964999630e-01 4.425027393026718658e-01 9.196746718238777429e-01 7.879130921043658864e-01 8.063695090439276791e-01 7.187400263650870480e-01 8.642213554761289940e-01 6.489020619291220315e-01 8.927405503913573570e-01 4.863131901280989822e-01 7.983699886138910795e-01 6.095129592708630195e-01 7.833597792342187338e-01 9.010249536266027315e-01 6.048692586941653015e-01 9.138645785352371709e-01 8.843747950954036208e-01 7.782434828017424921e-01 7.860231442280553038e-01 9.063363443145590059e-01
8.044457443696987342e-01 5.529871035203903773e-01 4.802346870838881676e-01 4.659055803634116755e-01 8.395220213314776858e-01 4.405943377660322402e-01 9.183405821344930997e-01 7.790814661735914193e-01 8.109259426594549458e-01 7.269195549019064062e-01 8.436528709308032115e-01 6.488097785004207640e-01 8.883411289465291683e-01 4.832143207867454215e-01 7.969413458078445922e-01 4.587122381981858510e-01 7.784187355956997401e-01 8.944444444444444864e-01 6.646940235416530784e-01 9.129680041030496795e-01 8.874490198658071538e-01 7.521834963493594373e-01 8.050550289900357814e-01 9.065912869970069732e-01
8.038683089027303108e-01 5.631168107053248217e-01 4.720264194927013546e-01 4.970953891056043572e-01 8.326491271909470804e-01 4.436199069584405019e-01 9.179466613194304792e-01 7.494913634191302521e-01 7.863386209129168414e-01 7.255353697972325433e-01 8.435187834689121811e-01 6.537951678426341395e-01 8.902194282372642986e-01 4.821205617047543135e-01 8.017749353262432210e-01 4.604916492932255023e-01 7.823350814242340245e-01 9.026078710289237028e-01 6.637227995785804913e-01 9.150139407649008350e-01 8.871624996713726174e-01 7.547476640665913283e-01 8.048221234018899661e-01 9.036742404086628433e-01
8.070053896645257296e-01 6.389873278084968744e-01 5.960199966856322140e-01 5.425333725539633889e-01 7.926749139024832358e-01 4.639859649122807239e-01 9.114745112369815327e-01 8.031019122120817144e-01 7.952413605723822609e-01 7.122152346841030823e-01 8.763015015502931826e-01 7.251444553288755035e-01 8.924611088950937798e-01 5.008063046008441876e-01 8.078472272171474122e-01 5.826647203905974681e-01 7.826416864411456231e-01 8.999430724606251042e-01 6.652710300061881465e-01 9.158500605869026590e-01 8.882527121220061828e-01 7.807681755829903869e-01 7.872561416184971073e-01 9.060830604859555493e-01
8.063192593631645089e-01 5.794328995921538272e-01 6.013333517370840209e-01 5.226520885898514601e-01 7.889929980042620361e-01 4.484312486839334699e-01 9.113686433497151240e-01 8.064349504533282476e-01 8.234664534681298553e-01 7.307927083044311045e-01 8.635531259749595900e-01 7.493519921814139062e-01 8.846767333049766480e-01 4.965435041716328990e-01 8.007386208452577092e-01 5.012677456466619885e-01 7.919080726149092531e-01 9.014139827179890041e-01 6.877244297037201637e-01 9.152533452626869792e-01 8.904675151054431970e-01 7.755093640666803623e-01 7.927855210204406422e-01 9.057324840764331420e-01
8.266079785240093569e-01 7.277257379370438706e-01 6.446840486991051167e-01 5.420138062366103293e-01 7.748311371941092318e-01 4.819850155737014918e-01 9.039775373945447834e-01 8.181596323060862375e-01 8.296250194491986418e-01 7.309410817861404785e-01 8.794185795883177059e-01 7.376758062224747503e-01 8.914952515927363486e-01 5.121517071256377340e-01 7.962229667986597814e-01 6.558378779203468678e-01 7.816169672549642122e-01 9.010189425760819493e-01 6.403877909764023046e-01 9.161218033219087342e-01 8.880169782400796352e-01 7.739698809213861885e-01 7.870136918154374550e-01 9.062384253135086221e-01
7.963193177725366168e-01 7.298251834074235278e-01 5.172533211431104005e-01 5.611288336691291345e-01 7.916261284702581502e-01 4.585158355795148077e-01 9.144996988503940605e-01 8.218639402280770723e-01 7.817966626347757630e-01 7.093284825594312615e-01 8.854700393722021445e-01 7.703292679491874351e-01 8.958137689306262530e-01 4.922744735144836126e-01 7.914672904925624808e-01 5.896233970981258343e-01 7.790835609258186523e-01 9.021515282896163113e-01 5.752290274832979611e-01 9.159840120305512423e-01 8.900445375949698201e-01 8.063034742913375297e-01 7.803517947342542005e-01 9.063844432971950305e-01
8.043815705919706849e-01 6.481430612020656623e-01 5.800400857004630595e-01 5.438104977096670511e-01 8.201476793248945185e-01 4.782065674992983517e-01 9.155375125217483090e-01 8.085216163371714559e-01 8.385422061108234182e-01 7.154697283114215267e-01 8.675553149739495540e-01 7.659688826025459196e-01 8.919771574617627596e-01 4.998176718092566806e-01 7.986131037780965780e-01 5.889533500484983586e-01 7.855723589800198692e-01 9.000596739631648857e-01 6.600416479953606919e-01 9.161987610386186365e-01 8.864198831025222880e-01 7.921263516109555702e-01 7.917144967892254526e-01 9.031336760583961176e-01
8.031938506109670417e-01 7.180551195075007831e-01 6.632844122587218116e-01 5.835906176219947117e-01 7.837877192589439712e-01 4.750803069197211403e-01 9.046817981831828392e-01 8.207970297700510898e-01 8.127971602171293330e-01 7.122848417545807331e-01 8.829782928375807804e-01 8.345592888988903058e-01 8.877450980392156410e-01 5.126254133736898311e-01 8.032621469865501851e-01 5.958818369936388359e-01 7.953460785125107124e-01 9.004753456751669605e-01 6.239701869967392289e-01 9.170117367796386532e-01 8.879345388741001210e-01 7.926248357424441338e-01 7.808423197948510808e-01 9.042138997775187592e-01
8.031715981863226661e-01 7.123267090077169961e-01 6.445206989691858457e-01 5.832669656704531080e-01 7.856797996923525762e-01 4.788639551192145905e-01 9.057481692696519593e-01 8.274494946077967095e-01 8.360607115684681734e-01 7.110685327113184240e-01 8.751652859108940419e-01 8.304035129695570561e-01 8.929920101760940865e-01 5.133662117858043272e-01 7.981667715469645819e-01 5.952577442380826422e-01 7.887570699406815100e-01 9.013680075849925810e-01 6.231569702453824133e-01 9.173491592482689860e-01 8.889136417245445676e-01 7.998276145132162673e-01 7.805392074435290040e-01 9.029482240491414347e-01
8.013408364596359412e-01 5.142936790020210536e-01 4.857530905260823983e-01 4.500267086507914183e-01 7.756126758221660866e-01 4.291936548972222765e-01 9.173837079463499355e-01 7.880260882589218419e-01 8.297535958045733073e-01 7.278403729810734024e-01 8.535819190600522077e-01 7.329932453438091633e-01 8.837537249893572255e-01 4.596456278671735562e-01 8.030431006792847493e-01 4.330548551642401378e-01 7.807361218408563897e-01 8.972781834685886748e-01 6.935079373287139637e-01 9.135454653168156858e-01 8.867112372927923314e-01 7.779750846901978267e-01 7.992321356942295729e-01 9.058754905080071973e-01
8.113980261199804644e-01 7.399401034576640335e-01 4.622535328692317091e-01 5.570489510489510243e-01 8.253910212555144454e-01 4.500723589001447422e-01 9.163744483406888186e-01 7.986556176946837393e-01 8.188966110756151773e-01 7.101262131878202100e-01 8.754187830973738649e-01 6.692302214626504320e-01 8.878053965006443837e-01 4.848608149062745287e-01 7.951638445608478767e-01 6.178535164010419134e-01 7.820548209898694481e-01 8.955136814401801759e-01 5.419296059595106740e-01 9.176672384219554113e-01 8.895813965668495360e-01 7.496079887760996874e-01 7.837737462861258386e-01 9.080765917975219814e-01
8.117103897498300080e-01 7.387224435952183255e-01 4.510218267760322530e-01 5.305716606447637984e-01 8.285869912730459141e-01 4.436590027545112003e-01 9.139997594772639733e-01 8.080827271740310680e-01 8.229284903518728767e-01 7.098508209017417858e-01 8.846029173419772684e-01 6.589723117283070586e-01 8.895663146709171798e-01 4.842638454306921747e-01 7.987757386944458471e-01 6.177364357520185312e-01 7.795784271772290275e-01 8.985715642253483404e-01 5.388567672350187410e-01 9.175856065002901962e-01 8.874225940327036266e-01 7.508872321109246739e-01 7.848031371841969195e-01 9.078350788810818361e-01
8.137541260003324783e-01 7.196722875799174135e-01 5.506899367500311948e-01 5.621239680985028464e-01 7.937093078650665490e-01 4.604511447059979612e-01 9.128681764628877593e-01 8.110260794051399325e-01 8.069958954642282301e-01 7.133257434815205578e-01 8.816864934854737879e-01 7.405936662364737133e-01 8.930361452173221082e-01 4.921131223622776107e-01 8.023800894043735532e-01 6.145025087653008811e-01 7.879260168544749421e-01 8.981146396671139120e-01 5.877703882395276525e-01 9.151842816641392320e-01 8.858478582559616843e-01 8.004159711009550815e-01 7.831332067799656738e-01 9.060929149690459816e-01
8.133800308678618141e-01 4.377888574549732570e-01 6.261964527073621278e-01 4.487049834260351533e-01 8.287538195513655115e-01 4.704701472632066839e-01 9.182456465112589505e-01 7.727025335401529471e-01 8.348362235067436909e-01 7.262233444788213088e-01 8.396781308716607661e-01 6.993466843161535440e-01 8.929961347908669245e-01 5.103121672364512307e-01 7.984592836638040314e-01 3.689717925386715169e-01 7.868823050491947635e-01 9.013157894736841813e-01 7.207228078304181995e-01 9.144720407063123835e-01 8.841244594008386137e-01 7.565807588523597582e-01 8.172919488780258090e-01 9.016997393201042765e-01
8.165961818746565459e-01 6.622031607689549126e-01 5.965505813471788654e-01 5.474611833822912166e-01 8.291073248181236588e-01 4.678601516427969842e-01 9.184680264169959862e-01 7.968471835292518790e-01 8.346195111231757835e-01 7.259253091302718675e-01 8.629973564698705246e-01 7.253718198218673807e-01 8.841492584914686370e-01 5.131914655003224635e-01 8.121582108907620112e-01 5.550605106100795494e-01 7.910542513697401690e-01 9.013452914798206761e-01 6.666623219196829986e-01 9.162576485295085282e-01 8.850028237086458027e-01 7.427303547311264742e-01 7.979749276759884324e-01 9.039323904794757114e-01
