chr1	4044	4060	1
chr1	3538	3558	1
chr1	513	524	1
chr1	4595	4615	1
chr1	2883	2968	1
chr1	2953	2958	1
chr1	3306	3353	1
chr1	1052	1074	1
chr1	122	135	1
chr1	945	985	1
chr1	4075	4090	1
chr1	938	986	1
chr1	3229	3266	1
chr1	3140	3228	1
chr1	122	134	1
chr1	4037	4060	1
chr1	3728	3861	1
chr1	239	246	1
chr1	1888	1906	1
chr1	126	135	1
chr1	223	243	1
chr1	831	872	1
chr1	1422	1522	1
chr1	1259	1360	1
chr1	3144	3228	1
chr1	43	76	1
chr1	4120	4144	1
chr1	2081	2166	1
chr1	2038	2184	1
chr1	483	499	1
chr1	1867	1898	1
chr1	3005	3023	1
chr1	318	345	1
chr1	2991	2992	1
chr1	4031	4036	1
chr1	1036	1051	1
chr1	2875	2876	1
chr1	1037	1050	1
chr1	564	579	1
chr1	1282	1310	1
chr1	537	544	1
chr1	1345	1420	1
chr1	3140	3200	1
chr1	879	903	1
chr1	4145	4160	1
chr1	572	591	1
chr1	1259	1281	1
chr1	546	563	1
chr1	2328	2344	1
chr1	1	16	1
chr1	17	30	1
chr1	2971	2990	1
chr1	4594	4615	1
chr1	1360	1379	1
chr1	3862	3949	1
chr1	1259	1359	1
chr1	4577	4594	1
chr1	1523	1552	1
chr1	4107	4127	1
chr1	4819	4870	1
chr1	4867	4893	1
chr1	2877	2878	1
chr1	2879	2882	1
chr1	3267	3311	1
chr1	3611	3623	1
chr1	4091	4106	1
chr1	4128	4154	1
chr1	3201	3228	1
chr1	4594	4629	1
chr1	3501	3558	1
chr1	500	512	1
chr1	3337	3353	1
chr1	3127	3143	1
chr1	922	937	1
chr1	1017	1036	1
chr1	4091	4114	1
chr1	3024	3040	1
chr1	3127	3138	1
chr1	3140	3227	1
chr1	4029	4043	1
chr1	1867	1887	1
chr1	2863	2872	1
chr1	592	598	1
chr1	11	12	1
chr1	4145	4199	1
chr1	2959	2968	1
chr1	4061	4074	1
chr1	2887	2890	1
chr1	4554	4576	1
chr1	13	29	1
chr1	3862	3947	1
chr1	1380	1420	1
chr1	561	571	1
chr1	4170	4199	1
chr1	4804	4870	1
chr1	2891	2907	1
chr1	31	42	1
chr1	3597	3610	1
chr1	3267	3305	1
chr1	2167	2190	1
chr1	3312	3336	1
chr1	2191	2212	1
chr1	3022	3040	1
chr1	3950	3974	1
chr1	4145	4169	1
chr1	323	345	1
chr1	2887	2888	1
chr1	4091	4119	1
chr1	11	29	1
chr1	830	872	1
chr1	3005	3021	1
chr1	2993	2996	1
chr1	3139	3227	1
chr1	3810	3862	1
chr1	1907	2005	1
chr1	4143	4160	1
chr1	2345	2370	1
chr1	830	878	1
chr1	986	1016	1
chr1	1899	1911	1
chr1	2190	2200	1
chr1	135	160	1
chr1	77	125	1
chr1	545	560	1
chr1	244	317	1
chr1	2889	2907	1
chr1	4513	4525	1
chr1	4526	4553	1
chr1	2873	2874	1
chr1	4155	4199	1
chr1	4115	4142	1
chr1	223	238	1
chr1	4012	4030	1
chr1	2185	2200	1
chr1	3863	3947	1
chr1	4819	4866	1
chr1	2040	2076	2
chr1	580	590	2
chr1	625	640	2
chr1	651	666	2
chr1	4091	4127	2
chr1	356	384	2
chr1	1981	2005	2
chr1	4871	4893	2
chr1	4576	4594	2
chr1	3354	3364	2
chr1	1912	1980	2
chr1	3862	3948	2
chr1	2908	2922	2
chr1	122	131	2
chr1	2190	2212	2
chr1	3365	3396	2
chr1	811	829	2
chr1	3430	3500	2
chr1	3070	3085	2
chr1	3041	3069	2
chr1	4317	4369	2
chr1	3948	3974	2
chr1	2908	2918	2
chr1	4458	4478	2
chr1	1281	1310	2
chr1	2291	2306	2
chr1	4595	4629	2
chr1	1206	1258	2
chr1	4804	4818	2
chr1	1421	1523	2
chr1	4370	4401	2
chr1	4012	4028	2
chr1	641	650	2
chr1	1752	1787	2
chr1	4616	4635	2
chr1	2259	2273	2
chr1	2201	2212	2
chr1	4804	4865	2
chr1	3257	3266	2
chr1	2274	2290	2
chr1	180	193	2
chr1	2919	2922	2
chr1	580	598	2
chr1	4128	4144	2
chr1	2887	2907	2
chr1	1422	1523	2
chr1	1738	1751	2
chr1	4420	4457	2
chr1	4636	4669	2
chr1	2213	2258	2
chr1	874	903	2
chr1	3992	4010	2
chr1	27	42	2
chr1	1259	1266	2
chr1	3229	3256	2
chr1	211	222	2
chr1	707	726	2
chr1	591	598	2
chr1	2038	2076	2
chr1	4866	4893	2
chr1	680	706	2
chr1	194	210	2
chr1	905	921	2
chr1	3975	3991	2
chr1	1267	1280	2
chr1	3559	3587	2
chr1	2006	2027	2
chr1	873	888	2
chr1	346	355	2
chr1	3228	3266	2
chr1	2028	2039	2
chr1	4576	4593	2
chr1	4011	4028	2
chr1	4402	4419	2
chr1	1345	1360	2
chr1	3119	3126	2
chr1	136	160	2
chr1	3949	3974	2
chr1	831	873	2
chr1	30	42	2
chr1	3104	3118	2
chr1	11	26	2
chr1	1184	1205	2
chr1	132	160	2
chr1	4161	4199	2
chr1	1912	2005	2
chr1	889	904	2
chr1	1184	1206	3
chr1	2266	2306	3
chr1	3975	4011	3
chr1	1361	1379	3
chr1	1207	1258	3
chr1	223	246	3
chr1	337	347	3
chr1	3538	3559	3
chr1	2006	2037	3
chr1	562	579	3
chr1	3067	3085	3
chr1	180	192	3
chr1	3430	3454	3
chr1	1036	1050	3
chr1	680	705	3
chr1	1311	1344	3
chr1	2953	2954	3
chr1	323	336	3
chr1	1738	1787	3
chr1	3005	3025	3
chr1	4459	4478	3
chr1	348	384	3
chr1	4317	4368	3
chr1	3267	3306	3
chr1	2955	2968	3
chr1	3127	3139	3
chr1	945	986	3
chr1	2081	2189	3
chr1	4420	4458	3
chr1	811	830	3
chr1	706	726	3
chr1	193	208	3
chr1	4029	4042	3
chr1	209	222	3
chr1	3810	3861	3
chr1	3104	3126	3
chr1	2213	2265	3
chr1	3364	3396	3
chr1	3455	3484	3
chr1	904	921	3
chr1	4043	4060	3
chr1	1867	1899	3
chr1	3485	3500	3
chr1	3041	3066	3
chr1	1900	1911	3
chr1	3307	3363	3
chr1	546	561	3
chr1	4369	4402	3
chr1	1380	1421	3
chr1	652	666	3
chr1	4630	4669	3
chr1	4403	4419	3
chr1	3026	3040	3
chr1	3560	3587	3
chr1	625	651	3
chr1	1	4	4
chr1	2885	2886	4
chr1	537	545	4
chr1	247	255	4
chr1	4061	4076	4
chr1	2077	2078	4
chr1	2925	2952	4
chr1	2883	2884	4
chr1	2877	2882	4
chr1	2971	2996	4
chr1	922	934	4
chr1	4513	4524	4
chr1	7	8	4
chr1	987	1016	4
chr1	1524	1552	4
chr1	5	6	4
chr1	3728	3809	4
chr1	4525	4532	4
chr1	2873	2876	4
chr1	310	322	4
chr1	4554	4575	4
chr1	43	79	4
chr1	80	121	4
chr1	2328	2352	4
chr1	1017	1035	4
chr1	3597	3623	4
chr1	483	511	4
chr1	256	309	4
chr1	3501	3537	4
chr1	4533	4553	4
chr1	2353	2370	4
chr1	2923	2924	4
chr1	4077	4090	4
chr1	1051	1074	4
chr1	2079	2080	4
chr1	512	524	4
chr1	2863	2866	4
chr1	935	944	4
chr1	2867	2872	4
chr1	9	10	4
chr1	2577	2578	5
chr1	2785	2786	5
chr1	667	679	5
chr1	2509	2510	5
chr1	2503	2504	5
chr1	4707	4725	5
chr1	2751	2752	5
chr1	2743	2744	5
chr1	759	770	5
chr1	2695	2696	5
chr1	2477	2478	5
chr1	2655	2656	5
chr1	2671	2672	5
chr1	3673	3694	5
chr1	2861	2862	5
chr1	2571	2572	5
chr1	2625	2626	5
chr1	2715	2716	5
chr1	1811	1839	5
chr1	2645	2646	5
chr1	2601	2602	5
chr1	2543	2544	5
chr1	2453	2454	5
chr1	2787	2788	5
chr1	2575	2576	5
chr1	2587	2588	5
chr1	2609	2610	5
chr1	2753	2754	5
chr1	2507	2508	5
chr1	2629	2630	5
chr1	2747	2748	5
chr1	2677	2678	5
chr1	2699	2700	5
chr1	787	810	5
chr1	1709	1737	5
chr1	2815	2816	5
chr1	2771	2772	5
chr1	467	482	5
chr1	2653	2654	5
chr1	2803	2804	5
chr1	2447	2448	5
chr1	2513	2514	5
chr1	2501	2502	5
chr1	2527	2528	5
chr1	2635	2636	5
chr1	441	466	5
chr1	2517	2518	5
chr1	2765	2766	5
chr1	2579	2580	5
chr1	2611	2612	5
chr1	2519	2520	5
chr1	2721	2722	5
chr1	4200	4229	5
chr1	2727	2728	5
chr1	2777	2778	5
chr1	2749	2750	5
chr1	4494	4512	5
chr1	2473	2474	5
chr1	2707	2708	5
chr1	2745	2746	5
chr1	2641	2642	5
chr1	2639	2640	5
chr1	2545	2546	5
chr1	2651	2652	5
chr1	2505	2506	5
chr1	2843	2844	5
chr1	2551	2552	5
chr1	2775	2776	5
chr1	2515	2516	5
chr1	2735	2736	5
chr1	2467	2468	5
chr1	2415	2430	5
chr1	2631	2632	5
chr1	2789	2790	5
chr1	4266	4287	5
chr1	2465	2466	5
chr1	2833	2834	5
chr1	2673	2674	5
chr1	2431	2432	5
chr1	2523	2524	5
chr1	2731	2732	5
chr1	3397	3429	5
chr1	2471	2472	5
chr1	2683	2684	5
chr1	2583	2584	5
chr1	4230	4265	5
chr1	2573	2574	5
chr1	2647	2648	5
chr1	2593	2594	5
chr1	2997	3004	5
chr1	2469	2470	5
chr1	771	786	5
chr1	2813	2814	5
chr1	2659	2660	5
chr1	2619	2620	5
chr1	2541	2542	5
chr1	2719	2720	5
chr1	2493	2494	5
chr1	2839	2840	5
chr1	2825	2826	5
chr1	2555	2556	5
chr1	2553	2554	5
chr1	2759	2760	5
chr1	2741	2742	5
chr1	2549	2550	5
chr1	4670	4692	5
chr1	2491	2492	5
chr1	2567	2568	5
chr1	2717	2718	5
chr1	4479	4493	5
chr1	2597	2598	5
chr1	2591	2592	5
chr1	2757	2758	5
chr1	2711	2712	5
chr1	2475	2476	5
chr1	4726	4755	5
chr1	2495	2496	5
chr1	2613	2614	5
chr1	2485	2486	5
chr1	2841	2842	5
chr1	2547	2548	5
chr1	2697	2698	5
chr1	2845	2846	5
chr1	2483	2484	5
chr1	2585	2586	5
chr1	601	624	5
chr1	2497	2498	5
chr1	2657	2658	5
chr1	3086	3103	5
chr1	1688	1708	5
chr1	2371	2402	5
chr1	2445	2446	5
chr1	1111	1146	5
chr1	2623	2624	5
chr1	1840	1866	5
chr1	2835	2836	5
chr1	2615	2616	5
chr1	2733	2734	5
chr1	2823	2824	5
chr1	2511	2512	5
chr1	525	536	5
chr1	2837	2838	5
chr1	2769	2770	5
chr1	2799	2800	5
chr1	1573	1687	5
chr1	2709	2710	5
chr1	4756	4803	5
chr1	2561	2562	5
chr1	2531	2532	5
chr1	3588	3596	5
chr1	385	392	5
chr1	2557	2558	5
chr1	2529	2530	5
chr1	4941	4984	5
chr1	2589	2590	5
chr1	1147	1183	5
chr1	2795	2796	5
chr1	2661	2662	5
chr1	2569	2570	5
chr1	401	420	5
chr1	2535	2536	5
chr1	2457	2458	5
chr1	2487	2488	5
chr1	2755	2756	5
chr1	2637	2638	5
chr1	2703	2704	5
chr1	2489	2490	5
chr1	2821	2822	5
chr1	1075	1086	5
chr1	2617	2618	5
chr1	2633	2634	5
chr1	2439	2440	5
chr1	4693	4706	5
chr1	2643	2644	5
chr1	2829	2830	5
chr1	2499	2500	5
chr1	2831	2832	5
chr1	2669	2670	5
chr1	2691	2692	5
chr1	2737	2738	5
chr1	2689	2690	5
chr1	2763	2764	5
chr1	393	400	5
chr1	2403	2414	5
chr1	2539	2540	5
chr1	3657	3672	5
chr1	2793	2794	5
chr1	2807	2808	5
chr1	2847	2848	5
chr1	2599	2600	5
chr1	2649	2650	5
chr1	2565	2566	5
chr1	1087	1110	5
chr1	2621	2622	5
chr1	2603	2604	5
chr1	2533	2534	5
chr1	2817	2818	5
chr1	2779	2780	5
chr1	2461	2462	5
chr1	2435	2436	5
chr1	727	739	5
chr1	2797	2798	5
chr1	2443	2444	5
chr1	2679	2680	5
chr1	2809	2810	5
chr1	2675	2676	5
chr1	2681	2682	5
chr1	2627	2628	5
chr1	2773	2774	5
chr1	2307	2327	5
chr1	4894	4940	5
chr1	2537	2538	5
chr1	2729	2730	5
chr1	421	440	5
chr1	3695	3727	5
chr1	2607	2608	5
chr1	2801	2802	5
chr1	4288	4316	5
chr1	2581	2582	5
chr1	2819	2820	5
chr1	2791	2792	5
chr1	2463	2464	5
chr1	2563	2564	5
chr1	2521	2522	5
chr1	2455	2456	5
chr1	2781	2782	5
chr1	2713	2714	5
chr1	2479	2480	5
chr1	2723	2724	5
chr1	599	600	5
chr1	2805	2806	5
chr1	2827	2828	5
chr1	740	758	5
chr1	2687	2688	5
chr1	2851	2860	5
chr1	2451	2452	5
chr1	2685	2686	5
chr1	2481	2482	5
chr1	1553	1572	5
chr1	2441	2442	5
chr1	2783	2784	5
chr1	3624	3656	5
chr1	2595	2596	5
chr1	2605	2606	5
chr1	2559	2560	5
chr1	2437	2438	5
chr1	2665	2666	5
chr1	2739	2740	5
chr1	2849	2850	5
chr1	2449	2450	5
chr1	2725	2726	5
chr1	2525	2526	5
chr1	2693	2694	5
chr1	1788	1810	5
chr1	2701	2702	5
chr1	2433	2434	5
chr1	2459	2460	5
chr1	2663	2664	5
chr1	2705	2706	5
chr1	2969	2970	5
chr1	2811	2812	5
chr1	2767	2768	5
chr1	161	179	5
chr1	2761	2762	5
chr1	2667	2668	5
chr10	2366	2416	1
chr10	1642	1768	1
chr10	2072	2088	1
chr10	1886	1906	1
chr10	882	908	1
chr10	1439	1472	1
chr10	2079	2089	1
chr10	2057	2071	1
chr10	1853	1874	1
chr10	424	468	1
chr10	1643	1718	1
chr10	987	1023	1
chr10	237	245	1
chr10	274	300	1
chr10	1251	1280	1
chr10	242	263	1
chr10	2042	2055	1
chr10	911	929	1
chr10	1512	1520	1
chr10	372	424	1
chr10	930	933	1
chr10	231	245	1
chr10	1769	1814	1
chr10	1719	1763	1
chr10	1500	1509	1
chr10	962	983	1
chr10	539	552	1
chr10	2029	2041	1
chr10	1991	2023	1
chr10	509	538	1
chr10	1510	1520	1
chr10	982	983	1
chr10	2090	2103	1
chr10	98	119	1
chr10	2339	2366	1
chr10	1040	1053	1
chr10	1035	1053	1
chr10	1022	1035	1
chr10	1886	1909	1
chr10	372	423	1
chr10	964	986	1
chr10	989	1021	1
chr10	188	230	1
chr10	540	552	1
chr10	1642	1717	1
chr10	2089	2103	1
chr10	619	647	1
chr10	188	236	1
chr10	1990	2028	1
chr10	1512	1541	1
chr10	1963	1980	1
chr10	964	981	1
chr10	338	379	1
chr10	964	983	1
chr10	1780	1812	1
chr10	380	424	1
chr10	1036	1053	1
chr10	1907	1927	1
chr10	597	618	1
chr10	120	151	1
chr10	958	963	1
chr10	1981	1990	1
chr10	909	927	1
chr10	930	935	1
chr10	1498	1511	1
chr10	1541	1578	1
chr10	1718	1768	1
chr10	540	551	1
chr10	2056	2078	1
chr10	552	576	1
chr10	1875	1909	1
chr10	911	988	1
chr10	1521	1541	1
chr10	1831	1852	1
chr10	1521	1540	1
chr10	1282	1312	1
chr10	1500	1511	1
chr10	1313	1392	1
chr10	1764	1779	1
chr10	1813	1830	1
chr10	1024	1039	1
chr10	1473	1499	1
chr10	1282	1298	1
chr10	2339	2365	1
chr10	2057	2077	1
chr10	1484	1499	1
chr10	1623	1642	1
chr10	1815	1830	2
chr10	2041	2056	2
chr10	1831	1853	2
chr10	1642	1718	2
chr10	299	309	2
chr10	2042	2057	2
chr10	338	372	2
chr10	273	300	2
chr10	1963	1982	2
chr10	1815	1831	2
chr10	2104	2123	2
chr10	469	544	2
chr10	2058	2071	2
chr10	545	576	2
chr10	2475	2522	2
chr10	2435	2474	2
chr10	2072	2077	2
chr10	932	933	2
chr10	310	337	2
chr10	1888	1909	2
chr10	1251	1281	2
chr10	2024	2041	2
chr10	110	129	2
chr10	1963	1983	2
chr10	120	129	2
chr10	1199	1251	2
chr10	962	963	2
chr10	246	263	2
chr10	110	119	2
chr10	1832	1853	2
chr10	338	371	2
chr10	1719	1768	2
chr10	2242	2282	2
chr10	1984	1989	2
chr10	553	576	2
chr10	620	647	2
chr10	577	595	2
chr10	2024	2040	2
chr10	1622	1641	2
chr10	1983	1989	2
chr10	620	643	2
chr10	373	424	2
chr10	2124	2241	2
chr10	274	298	2
chr10	644	669	2
chr10	242	272	2
chr10	1252	1280	2
chr10	670	707	2
chr10	509	539	2
chr10	1510	1518	2
chr10	2309	2338	2
chr10	1055	1081	2
chr10	596	619	2
chr10	1035	1054	2
chr10	911	927	2
chr10	930	931	2
chr10	1519	1541	2
chr10	1498	1509	2
chr10	1592	1621	2
chr10	1875	1885	2
chr10	1623	1641	2
chr10	597	619	2
chr10	1875	1887	2
chr10	2108	2123	3
chr10	1990	2023	3
chr10	2124	2232	3
chr10	1199	1250	3
chr10	498	508	3
chr10	928	929	3
chr10	2340	2366	3
chr10	2309	2339	3
chr10	1024	1034	3
chr10	469	497	3
chr10	1054	1081	3
chr10	577	596	3
chr10	1484	1497	3
chr10	2078	2089	3
chr10	2233	2282	3
chr10	934	935	3
chr10	1780	1814	3
chr10	1769	1779	3
chr10	984	1023	3
chr10	301	337	3
chr10	648	707	3
chr10	1592	1622	3
chr10	2435	2522	3
chr10	958	961	3
chr10	2090	2107	3
chr10	264	273	3
chr10	188	241	3
chr10	1281	1298	3
chr10	2367	2416	4
chr10	1854	1874	4
chr10	98	109	4
chr10	882	910	4
chr10	425	468	4
chr10	1454	1472	4
chr10	1473	1483	4
chr10	1910	1927	4
chr10	938	957	4
chr10	1312	1392	4
chr10	1542	1578	4
chr10	936	937	4
chr10	1299	1311	4
chr10	130	151	4
chr10	1439	1453	4
chr10	822	823	5
chr10	848	881	5
chr10	824	825	5
chr10	798	799	5
chr10	802	803	5
chr10	786	787	5
chr10	2576	2599	5
chr10	1928	1962	5
chr10	745	785	5
chr10	804	805	5
chr10	2551	2573	5
chr10	846	847	5
chr10	796	797	5
chr10	790	791	5
chr10	1082	1198	5
chr10	792	793	5
chr10	816	817	5
chr10	708	744	5
chr10	826	827	5
chr10	806	807	5
chr10	832	833	5
chr10	2	23	5
chr10	820	821	5
chr10	844	845	5
chr10	24	62	5
chr10	1416	1438	5
chr10	808	809	5
chr10	1404	1415	5
chr10	830	831	5
chr10	1579	1591	5
chr10	1393	1403	5
chr10	834	835	5
chr10	814	815	5
chr10	800	801	5
chr10	2675	2711	5
chr10	2417	2434	5
chr10	152	187	5
chr10	842	843	5
chr10	810	811	5
chr10	2523	2550	5
chr10	2283	2308	5
chr10	840	841	5
chr10	818	819	5
chr10	2574	2575	5
chr10	812	813	5
chr10	838	839	5
chr10	828	829	5
chr10	836	837	5
chr10	63	97	5
chr10	788	789	5
chr10	2600	2674	5
chr10	794	795	5
chr11	247	260	1
chr11	1269	1279	1
chr11	732	882	1
chr11	2370	2387	1
chr11	1244	1253	1
chr11	1687	1706	1
chr11	1042	1043	1
chr11	2240	2274	1
chr11	1366	1377	1
chr11	1169	1210	1
chr11	1058	1059	1
chr11	2158	2196	1
chr11	248	259	1
chr11	75	172	1
chr11	33	59	1
chr11	1034	1035	1
chr11	1022	1033	1
chr11	1211	1221	1
chr11	271	286	1
chr11	337	380	1
chr11	1734	1798	1
chr11	1052	1053	1
chr11	380	413	1
chr11	1054	1055	1
chr11	2595	2616	1
chr11	1280	1291	1
chr11	2578	2594	1
chr11	1911	1923	1
chr11	958	963	1
chr11	1924	2025	1
chr11	2	11	1
chr11	2388	2404	1
chr11	1070	1071	1
chr11	1308	1321	1
chr11	621	658	1
chr11	1040	1041	1
chr11	292	306	1
chr11	1062	1063	1
chr11	185	216	1
chr11	1567	1625	1
chr11	1036	1037	1
chr11	3	17	1
chr11	1048	1049	1
chr11	1790	1868	1
chr11	1292	1299	1
chr11	1734	1797	1
chr11	1082	1083	1
chr11	18	33	1
chr11	1269	1282	1
chr11	1018	1019	1
chr11	1291	1306	1
chr11	589	620	1
chr11	1056	1057	1
chr11	1407	1430	1
chr11	1222	1231	1
chr11	964	1017	1
chr11	1050	1051	1
chr11	1648	1706	1
chr11	1084	1085	1
chr11	12	17	1
chr11	1060	1061	1
chr11	1044	1045	1
chr11	136	172	1
chr11	1046	1047	1
chr11	34	74	1
chr11	1076	1077	1
chr11	173	184	1
chr11	2661	2699	1
chr11	1444	1461	1
chr11	60	69	1
chr11	287	306	1
chr11	2496	2523	1
chr11	337	378	1
chr11	2197	2235	1
chr11	1078	1079	1
chr11	1626	1706	1
chr11	260	270	1
chr11	70	83	1
chr11	271	306	1
chr11	2236	2274	1
chr11	1038	1039	1
chr11	1232	1243	1
chr11	1086	1087	1
chr11	84	135	1
chr11	1169	1192	1
chr11	1094	1141	1
chr11	1020	1021	1
chr11	45	73	1
chr11	74	83	1
chr11	2405	2449	1
chr11	1798	1868	1
chr11	1064	1065	1
chr11	84	172	1
chr11	1431	1443	1
chr11	1066	1067	1
chr11	18	32	1
chr11	883	916	1
chr11	1080	1081	1
chr11	1799	1868	1
chr11	237	247	1
chr11	1378	1390	1
chr11	2228	2239	1
chr11	1092	1093	1
chr11	1734	1789	1
chr11	337	379	1
chr11	659	709	1
chr11	2228	2241	1
chr11	929	957	1
chr11	381	413	1
chr11	2026	2038	1
chr11	1474	1502	1
chr11	1088	1089	1
chr11	1072	1073	1
chr11	1648	1686	1
chr11	1929	2038	1
chr11	1074	1075	1
chr11	1090	1091	1
chr11	1300	1307	1
chr11	1068	1069	1
chr11	1462	1473	1
chr11	917	928	1
chr11	379	413	1
chr11	271	291	1
chr11	261	270	1
chr11	1270	1282	1
chr11	2473	2495	1
chr11	156	172	2
chr11	1431	1448	2
chr11	382	413	2
chr11	1734	1790	2
chr11	271	305	2
chr11	1501	1528	2
chr11	1254	1268	2
chr11	2660	2698	2
chr11	2227	2241	2
chr11	2207	2227	2
chr11	1791	1868	2
chr11	1270	1280	2
chr11	1427	1448	2
chr11	129	155	2
chr11	448	526	2
chr11	1586	1617	2
chr11	1407	1426	2
chr11	2661	2698	2
chr11	337	381	2
chr11	1493	1502	2
chr11	2524	2558	2
chr11	237	246	2
chr11	2491	2507	2
chr11	1406	1430	2
chr11	75	83	2
chr11	2275	2332	2
chr11	59	74	2
chr11	1567	1585	2
chr11	1463	1492	2
chr11	1391	1405	2
chr11	1283	1290	2
chr11	1618	1647	2
chr11	45	58	2
chr11	527	551	2
chr11	217	246	2
chr11	1142	1168	2
chr11	2559	2577	2
chr11	2617	2659	2
chr11	1463	1500	2
chr11	84	128	2
chr11	2039	2059	2
chr11	1567	1624	2
chr11	2491	2523	2
chr11	414	447	2
chr11	2207	2226	2
chr11	1625	1706	2
chr11	1281	1290	2
chr11	306	336	2
chr11	2508	2523	2
chr11	2026	2059	3
chr11	1299	1306	3
chr11	3	16	3
chr11	1254	1269	3
chr11	414	446	3
chr11	1291	1298	3
chr11	2524	2557	3
chr11	217	236	3
chr11	307	336	3
chr11	17	32	3
chr11	2276	2332	3
chr11	447	551	3
chr11	33	44	3
chr11	1142	1167	3
chr11	2617	2660	3
chr11	247	270	3
chr11	2558	2577	3
chr11	1391	1406	3
chr11	1503	1528	3
chr11	1168	1192	3
chr11	2242	2275	3
chr11	1929	2025	3
chr11	1366	1390	4
chr11	2578	2595	4
chr11	1065	1066	4
chr11	1093	1094	4
chr11	883	917	4
chr11	1021	1032	4
chr11	1051	1052	4
chr11	1089	1090	4
chr11	1083	1084	4
chr11	1039	1040	4
chr11	1019	1020	4
chr11	1055	1056	4
chr11	1925	1926	4
chr11	173	191	4
chr11	929	944	4
chr11	2473	2490	4
chr11	1045	1046	4
chr11	2370	2379	4
chr11	1225	1253	4
chr11	622	658	4
chr11	1211	1224	4
chr11	732	867	4
chr11	1067	1068	4
chr11	1017	1018	4
chr11	1043	1044	4
chr11	192	216	4
chr11	1087	1088	4
chr11	1085	1086	4
chr11	2158	2206	4
chr11	1033	1034	4
chr11	659	677	4
chr11	1053	1054	4
chr11	1049	1050	4
chr11	1077	1078	4
chr11	1075	1076	4
chr11	1927	1928	4
chr11	1091	1092	4
chr11	1069	1070	4
chr11	868	882	4
chr11	1041	1042	4
chr11	589	621	4
chr11	1449	1462	4
chr11	1035	1036	4
chr11	1073	1074	4
chr11	1911	1924	4
chr11	964	1016	4
chr11	678	709	4
chr11	1037	1038	4
chr11	1307	1321	4
chr11	1071	1072	4
chr11	1047	1048	4
chr11	2430	2449	4
chr11	2405	2429	4
chr11	1095	1141	4
chr11	1193	1210	4
chr11	1061	1062	4
chr11	1059	1060	4
chr11	918	928	4
chr11	1081	1082	4
chr11	945	963	4
chr11	1057	1058	4
chr11	2596	2616	4
chr11	2380	2404	4
chr11	1063	1064	4
chr11	1079	1080	4
chr11	2333	2345	5
chr11	2120	2157	5
chr11	1322	1346	5
chr11	1895	1910	5
chr11	710	731	5
chr11	552	588	5
chr11	1707	1733	5
chr11	1347	1365	5
chr11	2450	2472	5
chr11	1548	1566	5
chr11	2346	2369	5
chr11	2060	2119	5
chr11	1529	1547	5
chr11	1869	1894	5
chr12	2208	2218	1
chr12	2344	2411	1
chr12	1123	1131	1
chr12	174	234	1
chr12	2210	2218	1
chr12	2237	2259	1
chr12	2111	2133	1
chr12	288	323	1
chr12	2652	2671	1
chr12	2259	2300	1
chr12	324	366	1
chr12	1304	1346	1
chr12	1098	1122	1
chr12	1437	1518	1
chr12	501	525	1
chr12	2111	2147	1
chr12	2301	2328	1
chr12	1891	1925	1
chr12	1142	1163	1
chr12	2353	2411	1
chr12	175	234	1
chr12	2652	2665	1
chr12	501	557	1
chr12	2117	2147	1
chr12	2198	2207	1
chr12	1051	1068	1
chr12	2260	2288	1
chr12	1349	1372	1
chr12	2353	2369	1
chr12	2448	2460	1
chr12	1568	1636	1
chr12	968	981	1
chr12	2111	2134	1
chr12	199	234	1
chr12	148	174	1
chr12	2084	2116	1
chr12	1304	1345	1
chr12	929	967	1
chr12	2134	2147	1
chr12	1891	1919	1
chr12	2666	2671	1
chr12	1036	1050	1
chr12	2329	2343	1
chr12	1727	1769	1
chr12	2	35	1
chr12	458	506	1
chr12	2135	2147	1
chr12	2112	2147	1
chr12	1004	1035	1
chr12	507	525	1
chr12	2198	2209	1
chr12	2065	2083	1
chr12	124	139	1
chr12	1385	1443	1
chr12	1347	1372	1
chr12	1710	1769	1
chr12	1349	1385	1
chr12	1637	1726	1
chr12	1347	1385	1
chr12	1386	1436	1
chr12	1132	1141	1
chr12	269	321	1
chr12	2084	2111	1
chr12	1332	1346	1
chr12	1637	1709	1
chr12	1926	1939	1
chr12	1386	1443	1
chr12	322	366	1
chr12	1346	1384	1
chr12	269	287	1
chr12	366	432	1
chr12	2037	2064	1
chr12	2510	2677	1
chr12	2466	2483	2
chr12	1049	1068	2
chr12	1123	1140	2
chr12	64	79	2
chr12	1332	1348	2
chr12	80	98	2
chr12	366	431	2
chr12	1426	1518	2
chr12	1084	1098	2
chr12	2354	2369	2
chr12	1878	1890	2
chr12	2037	2065	2
chr12	432	457	2
chr12	2435	2445	2
chr12	2412	2415	2
chr12	2416	2434	2
chr12	1130	1141	2
chr12	2446	2460	2
chr12	758	825	2
chr12	1373	1385	2
chr12	1501	1518	2
chr12	2510	2651	2
chr12	2179	2197	2
chr12	134	147	2
chr12	2329	2353	2
chr12	1141	1153	2
chr12	199	233	2
chr12	2037	2083	2
chr12	2448	2465	2
chr12	1052	1067	2
chr12	2510	2671	2
chr12	1549	1567	2
chr12	2329	2352	2
chr12	1036	1051	2
chr12	1940	2002	2
chr12	1122	1129	2
chr12	234	258	2
chr12	2066	2083	2
chr12	1099	1122	2
chr12	501	541	2
chr12	1036	1048	2
chr12	1142	1153	2
chr12	526	541	2
chr12	398	432	2
chr12	1068	1083	2
chr12	877	910	2
chr12	1098	1121	2
chr12	367	397	2
chr12	826	876	2
chr12	1386	1425	2
chr12	134	139	2
chr12	1519	1548	2
chr12	2003	2036	2
chr12	1444	1500	2
chr12	758	794	3
chr12	1079	1097	3
chr12	2461	2483	3
chr12	2370	2377	3
chr12	2004	2036	3
chr12	1304	1313	3
chr12	235	258	3
chr12	433	457	3
chr12	2378	2402	3
chr12	64	98	3
chr12	2412	2434	3
chr12	174	198	3
chr12	269	322	3
chr12	2259	2288	3
chr12	323	365	3
chr12	2207	2218	3
chr12	2403	2411	3
chr12	140	147	3
chr12	1314	1331	3
chr12	1637	1710	3
chr12	795	910	3
chr12	1069	1078	3
chr12	1711	1769	3
chr12	1878	1919	3
chr12	1519	1549	3
chr12	2435	2447	3
chr12	2084	2110	3
chr12	2179	2206	3
chr12	1550	1567	3
chr12	1940	2003	3
chr12	2289	2328	4
chr12	1920	1939	4
chr12	148	173	4
chr12	2	10	4
chr12	1597	1636	4
chr12	1004	1023	4
chr12	963	981	4
chr12	2672	2673	4
chr12	11	35	4
chr12	124	133	4
chr12	2237	2258	4
chr12	2674	2677	4
chr12	1024	1035	4
chr12	929	962	4
chr12	1568	1596	4
chr12	458	500	4
chr12	542	557	4
chr12	1154	1163	4
chr12	99	123	5
chr12	746	747	5
chr12	706	707	5
chr12	716	717	5
chr12	2162	2178	5
chr12	734	735	5
chr12	718	719	5
chr12	2148	2161	5
chr12	752	753	5
chr12	710	711	5
chr12	744	745	5
chr12	1254	1284	5
chr12	708	709	5
chr12	1164	1253	5
chr12	911	928	5
chr12	1770	1798	5
chr12	1863	1877	5
chr12	558	584	5
chr12	36	63	5
chr12	730	731	5
chr12	259	268	5
chr12	2484	2509	5
chr12	732	733	5
chr12	726	727	5
chr12	585	628	5
chr12	704	705	5
chr12	702	703	5
chr12	748	749	5
chr12	712	713	5
chr12	724	725	5
chr12	750	751	5
chr12	722	723	5
chr12	728	729	5
chr12	740	741	5
chr12	2219	2236	5
chr12	738	739	5
chr12	1799	1835	5
chr12	714	715	5
chr12	736	737	5
chr12	742	743	5
chr12	629	658	5
chr12	720	721	5
chr12	990	1003	5
chr12	1836	1862	5
chr12	659	699	5
chr12	700	701	5
chr12	756	757	5
chr12	982	989	5
chr12	1285	1303	5
chr12	754	755	5
chr13	1996	2026	1
chr13	890	921	1
chr13	381	404	1
chr13	1906	1933	1
chr13	1063	1163	1
chr13	831	857	1
chr13	828	838	1
chr13	2005	2071	1
chr13	1076	1163	1
chr13	2027	2071	1
chr13	1487	1518	1
chr13	1039	1066	1
chr13	479	490	1
chr13	601	635	1
chr13	1850	1902	1
chr13	839	857	1
chr13	1067	1163	1
chr13	412	442	1
chr13	1425	1466	1
chr13	1996	2025	1
chr13	1971	2004	1
chr13	381	411	1
chr13	405	443	1
chr13	1039	1075	1
chr13	1361	1424	1
chr13	1710	1730	1
chr13	444	478	1
chr13	922	947	1
chr13	1035	1066	1
chr13	1903	1933	1
chr13	2217	2248	1
chr13	664	687	1
chr13	792	830	1
chr13	753	791	1
chr13	649	663	1
chr13	636	648	1
chr13	1850	1905	1
chr13	1072	1251	1
chr13	2026	2071	1
chr13	479	519	1
chr13	491	519	1
chr13	1067	1251	1
chr13	1039	1062	1
chr13	1035	1071	1
chr13	1731	1736	1
chr13	732	752	2
chr13	1487	1517	2
chr13	1252	1360	2
chr13	1604	1632	2
chr13	2217	2239	2
chr13	2217	2240	2
chr13	1730	1736	2
chr13	890	922	2
chr13	1518	1529	2
chr13	2178	2191	2
chr13	1530	1552	2
chr13	688	731	2
chr13	1996	2071	2
chr13	520	550	2
chr13	2072	2156	2
chr13	1467	1518	2
chr13	988	1004	2
chr13	890	919	2
chr13	973	987	2
chr13	2240	2248	2
chr13	1553	1603	2
chr13	920	947	2
chr13	1005	1034	2
chr13	1710	1729	2
chr13	1633	1708	2
chr13	923	947	2
chr13	2241	2248	2
chr13	1709	1736	2
chr13	2157	2177	2
chr13	404	415	3
chr13	2072	2191	3
chr13	416	442	3
chr13	1850	1906	3
chr13	479	497	3
chr13	1467	1486	3
chr13	1519	1552	3
chr13	1907	1933	3
chr13	1599	1632	3
chr13	521	550	3
chr13	828	857	3
chr13	381	403	3
chr13	688	752	3
chr13	498	520	3
chr13	1005	1038	3
chr13	1164	1250	3
chr13	973	1004	3
chr13	1251	1360	3
chr13	1553	1598	3
chr13	1633	1709	3
chr13	791	827	4
chr13	615	635	4
chr13	753	790	4
chr13	636	649	4
chr13	1424	1466	4
chr13	1361	1423	4
chr13	601	614	4
chr13	1971	1995	4
chr13	443	478	4
chr13	650	687	4
chr13	551	572	5
chr13	2273	2285	5
chr13	1739	1849	5
chr13	2251	2262	5
chr13	858	889	5
chr13	1934	1953	5
chr13	2192	2216	5
chr13	948	972	5
chr13	2286	2302	5
chr13	2249	2250	5
chr13	589	600	5
chr13	1737	1738	5
chr13	1954	1970	5
chr13	573	588	5
chr13	2263	2272	5
chr14	583	622	1
chr14	469	499	1
chr14	1780	1810	1
chr14	1312	1335	1
chr14	1867	1900	1
chr14	1901	1940	1
chr14	500	582	1
chr14	1035	1053	1
chr14	1141	1178	1
chr14	1297	1310	1
chr14	639	700	1
chr14	1811	1838	1
chr14	1867	1895	1
chr14	415	447	1
chr14	1388	1429	1
chr14	1111	1140	1
chr14	2105	2120	1
chr14	1311	1336	1
chr14	1896	1940	1
chr14	1179	1199	1
chr14	452	471	1
chr14	415	448	1
chr14	447	471	1
chr14	584	620	1
chr14	1851	1866	1
chr14	415	446	1
chr14	448	468	1
chr14	416	451	1
chr14	2091	2104	1
chr14	1336	1357	1
chr14	621	638	1
chr14	1054	1110	1
chr14	1839	1850	1
chr14	416	448	1
chr14	639	661	2
chr14	1236	1277	2
chr14	727	754	2
chr14	1430	1447	2
chr14	2000	2015	2
chr14	791	915	2
chr14	1278	1296	2
chr14	1358	1365	2
chr14	662	700	2
chr14	1459	1472	2
chr14	916	1001	2
chr14	1366	1387	2
chr14	449	471	2
chr14	381	415	2
chr14	1053	1075	2
chr14	623	638	2
chr14	1388	1400	2
chr14	1401	1429	2
chr14	1402	1429	2
chr14	1053	1098	2
chr14	2016	2043	2
chr14	1099	1110	2
chr14	1566	1587	2
chr14	1588	1640	2
chr14	1098	1110	2
chr14	1388	1401	2
chr14	623	700	2
chr14	1076	1097	2
chr14	755	790	2
chr14	1448	1458	2
chr14	727	753	3
chr14	1587	1640	3
chr14	1889	1940	3
chr14	2000	2017	3
chr14	1430	1459	3
chr14	917	1001	3
chr14	1867	1888	3
chr14	1367	1387	3
chr14	791	916	3
chr14	754	790	3
chr14	1312	1336	3
chr14	584	622	3
chr14	381	414	3
chr14	1566	1586	3
chr14	1358	1366	3
chr14	1460	1472	3
chr14	2018	2043	3
chr14	1236	1276	3
chr14	1277	1296	3
chr14	1780	1814	4
chr14	2091	2102	4
chr14	1839	1866	4
chr14	1297	1311	4
chr14	1337	1357	4
chr14	472	499	4
chr14	2103	2120	4
chr14	500	583	4
chr14	1815	1838	4
chr14	1035	1052	4
chr14	1140	1174	4
chr14	1175	1199	4
chr14	1111	1139	4
chr14	1200	1221	5
chr14	2121	2146	5
chr14	1641	1779	5
chr14	2058	2080	5
chr14	1524	1546	5
chr14	701	726	5
chr14	1507	1523	5
chr14	1941	1999	5
chr14	1222	1235	5
chr14	1002	1034	5
chr14	1473	1491	5
chr14	1492	1506	5
chr14	1547	1565	5
chr14	2081	2090	5
chr14	2044	2057	5
chr15	1014	1025	1
chr15	845	856	1
chr15	1506	1524	1
chr15	833	844	1
chr15	437	658	1
chr15	1698	1715	1
chr15	1814	1830	1
chr15	1798	1813	1
chr15	1789	1804	1
chr15	1565	1591	1
chr15	1593	1626	1
chr15	1565	1584	1
chr15	1026	1044	1
chr15	1663	1664	1
chr15	897	908	1
chr15	1781	1797	1
chr15	1789	1802	1
chr15	807	833	1
chr15	834	844	1
chr15	1014	1024	1
chr15	1653	1662	1
chr15	659	670	1
chr15	1592	1626	1
chr15	1565	1577	1
chr15	1717	1728	1
chr15	1815	1830	1
chr15	1485	1505	1
chr15	1525	1545	1
chr15	1043	1062	1
chr15	1627	1652	1
chr15	1665	1701	1
chr15	1697	1716	1
chr15	1578	1592	1
chr15	1675	1696	1
chr15	670	686	1
chr15	1026	1042	1
chr15	1585	1626	1
chr15	1715	1728	1
chr15	857	870	1
chr15	671	686	1
chr15	1244	1267	1
chr15	883	896	1
chr15	835	844	1
chr15	1665	1678	1
chr15	608	658	1
chr15	1371	1395	1
chr15	807	834	1
chr15	909	920	1
chr15	1805	1814	1
chr15	1290	1312	1
chr15	1657	1674	1
chr15	437	607	1
chr15	1702	1714	1
chr15	898	920	1
chr15	1268	1289	1
chr15	1546	1564	1
chr15	920	949	1
chr15	1039	1061	1
chr15	1679	1697	1
chr15	1652	1664	1
chr15	973	1025	1
chr15	1045	1062	1
chr15	1025	1038	1
chr15	871	882	1
chr15	1627	1651	1
chr15	1592	1614	2
chr15	1154	1170	2
chr15	1063	1109	2
chr15	1043	1061	2
chr15	1525	1544	2
chr15	1514	1524	2
chr15	1867	1979	2
chr15	1451	1483	2
chr15	1484	1493	2
chr15	870	882	2
chr15	1494	1513	2
chr15	1781	1802	2
chr15	845	859	2
chr15	1290	1300	2
chr15	1697	1715	2
chr15	1665	1696	2
chr15	1980	1996	2
chr15	1526	1544	2
chr15	833	845	2
chr15	1565	1581	2
chr15	1279	1288	2
chr15	1289	1300	2
chr15	1659	1664	2
chr15	1657	1658	2
chr15	860	882	2
chr15	1485	1513	2
chr15	1244	1289	2
chr15	846	869	2
chr15	1014	1042	2
chr15	1136	1153	2
chr15	920	972	2
chr15	1615	1626	2
chr15	1582	1591	2
chr15	1729	1788	2
chr15	687	705	2
chr15	1244	1278	2
chr15	921	949	2
chr15	1514	1525	2
chr15	1655	1656	3
chr15	609	658	3
chr15	1627	1654	3
chr15	670	687	3
chr15	1716	1728	3
chr15	1136	1157	3
chr15	898	919	3
chr15	1817	1830	3
chr15	1803	1816	3
chr15	688	705	3
chr15	1867	1980	3
chr15	1451	1484	3
chr15	807	816	3
chr15	950	972	3
chr15	1158	1170	3
chr15	1729	1780	3
chr15	1062	1109	3
chr15	437	608	3
chr15	1981	1996	3
chr15	817	832	3
chr15	659	669	4
chr15	1387	1395	4
chr15	1371	1386	4
chr15	973	1013	4
chr15	1301	1312	4
chr15	883	897	4
chr15	1545	1564	4
chr15	401	428	5
chr15	1420	1450	5
chr15	1185	1199	5
chr15	1313	1336	5
chr15	2023	2036	5
chr15	431	432	5
chr15	429	430	5
chr15	1200	1243	5
chr15	781	806	5
chr15	1171	1184	5
chr15	1337	1370	5
chr15	433	434	5
chr15	1997	2006	5
chr15	435	436	5
chr15	2007	2022	5
chr15	1831	1866	5
chr15	2037	2050	5
chr15	706	765	5
chr15	766	780	5
chr15	1110	1135	5
chr15	1396	1419	5
chr16	281	299	1
chr16	1620	1636	1
chr16	296	391	1
chr16	1638	1679	1
chr16	566	580	1
chr16	975	1017	1
chr16	664	665	1
chr16	620	639	1
chr16	941	974	1
chr16	1072	1128	1
chr16	1546	1562	1
chr16	1786	1799	1
chr16	1072	1109	1
chr16	566	619	1
chr16	1177	1266	1
chr16	281	297	1
chr16	1397	1417	1
chr16	298	327	1
chr16	1563	1619	1
chr16	15	37	1
chr16	1110	1128	1
chr16	640	681	1
chr16	1018	1070	1
chr16	642	663	1
chr16	1388	1396	1
chr16	1177	1267	1
chr16	1800	1805	1
chr16	666	681	1
chr16	75	90	1
chr16	930	940	1
chr16	1563	1620	1
chr16	2	14	1
chr16	300	328	1
chr16	1546	1619	1
chr16	62	74	1
chr16	328	414	1
chr16	1267	1328	1
chr16	1515	1562	1
chr16	1620	1637	1
chr16	281	295	1
chr16	581	619	1
chr16	38	53	1
chr16	54	61	1
chr16	392	415	2
chr16	430	454	2
chr16	416	429	2
chr16	1152	1176	2
chr16	72	89	2
chr16	1546	1620	2
chr16	392	414	2
chr16	281	296	2
chr16	1352	1367	2
chr16	1418	1441	2
chr16	297	328	2
chr16	975	989	2
chr16	455	474	2
chr16	1368	1387	2
chr16	1692	1703	2
chr16	1001	1017	2
chr16	975	1000	2
chr16	475	491	2
chr16	990	1017	2
chr16	171	221	2
chr16	1340	1351	2
chr16	1044	1071	2
chr16	72	90	2
chr16	1704	1717	2
chr16	104	170	2
chr16	90	103	2
chr16	1044	1070	2
chr16	1692	1701	3
chr16	1418	1433	3
chr16	642	681	3
chr16	1621	1636	3
chr16	91	103	3
chr16	172	221	3
chr16	1369	1387	3
chr16	415	491	3
chr16	1340	1350	3
chr16	329	391	3
chr16	1152	1175	3
chr16	1434	1441	3
chr16	1071	1128	3
chr16	1702	1717	3
chr16	104	171	3
chr16	1351	1368	3
chr16	580	619	3
chr16	1176	1267	3
chr16	566	579	3
chr16	1404	1417	4
chr16	1796	1805	4
chr16	1515	1545	4
chr16	1786	1795	4
chr16	62	71	4
chr16	2	15	4
chr16	1637	1679	4
chr16	1388	1403	4
chr16	930	974	4
chr16	620	641	4
chr16	16	27	4
chr16	28	37	4
chr16	1018	1043	4
chr16	1268	1328	4
chr16	38	61	4
chr16	874	875	5
chr16	728	729	5
chr16	760	761	5
chr16	684	707	5
chr16	860	861	5
chr16	806	807	5
chr16	720	721	5
chr16	902	903	5
chr16	1129	1151	5
chr16	922	923	5
chr16	862	863	5
chr16	904	905	5
chr16	724	725	5
chr16	928	929	5
chr16	848	849	5
chr16	912	913	5
chr16	1760	1773	5
chr16	804	805	5
chr16	710	711	5
chr16	746	747	5
chr16	726	727	5
chr16	506	550	5
chr16	241	280	5
chr16	832	833	5
chr16	802	803	5
chr16	786	787	5
chr16	716	717	5
chr16	886	887	5
chr16	858	859	5
chr16	762	763	5
chr16	910	911	5
chr16	734	735	5
chr16	736	737	5
chr16	808	809	5
chr16	792	793	5
chr16	1748	1759	5
chr16	842	843	5
chr16	714	715	5
chr16	816	817	5
chr16	888	889	5
chr16	920	921	5
chr16	882	883	5
chr16	732	733	5
chr16	712	713	5
chr16	744	745	5
chr16	846	847	5
chr16	830	831	5
chr16	798	799	5
chr16	852	853	5
chr16	892	893	5
chr16	1774	1785	5
chr16	926	927	5
chr16	916	917	5
chr16	906	907	5
chr16	776	777	5
chr16	810	811	5
chr16	896	897	5
chr16	782	783	5
chr16	778	779	5
chr16	772	773	5
chr16	876	877	5
chr16	828	829	5
chr16	900	901	5
chr16	878	879	5
chr16	780	781	5
chr16	730	731	5
chr16	774	775	5
chr16	770	771	5
chr16	844	845	5
chr16	856	857	5
chr16	812	813	5
chr16	826	827	5
chr16	838	839	5
chr16	870	871	5
chr16	708	709	5
chr16	850	851	5
chr16	1732	1747	5
chr16	866	867	5
chr16	492	505	5
chr16	722	723	5
chr16	222	240	5
chr16	800	801	5
chr16	784	785	5
chr16	894	895	5
chr16	872	873	5
chr16	824	825	5
chr16	854	855	5
chr16	890	891	5
chr16	880	881	5
chr16	756	757	5
chr16	822	823	5
chr16	814	815	5
chr16	718	719	5
chr16	836	837	5
chr16	914	915	5
chr16	908	909	5
chr16	758	759	5
chr16	790	791	5
chr16	924	925	5
chr16	884	885	5
chr16	742	743	5
chr16	796	797	5
chr16	868	869	5
chr16	766	767	5
chr16	820	821	5
chr16	551	565	5
chr16	754	755	5
chr16	794	795	5
chr16	750	751	5
chr16	834	835	5
chr16	1442	1487	5
chr16	1718	1731	5
chr16	818	819	5
chr16	764	765	5
chr16	738	739	5
chr16	918	919	5
chr16	788	789	5
chr16	840	841	5
chr16	752	753	5
chr16	748	749	5
chr16	1329	1339	5
chr16	864	865	5
chr16	682	683	5
chr16	1680	1691	5
chr16	740	741	5
chr16	768	769	5
chr16	1488	1514	5
chr16	898	899	5
chr17	684	696	1
chr17	45	53	1
chr17	72	82	1
chr17	21	35	1
chr17	433	434	1
chr17	1347	1372	1
chr17	110	127	1
chr17	363	418	1
chr17	716	737	1
chr17	697	712	1
chr17	1604	1612	1
chr17	153	166	1
chr17	82	100	1
chr17	904	918	1
chr17	919	934	1
chr17	36	44	1
chr17	319	329	1
chr17	770	797	1
chr17	345	362	1
chr17	1127	1153	1
chr17	1585	1604	1
chr17	1456	1475	1
chr17	1429	1455	1
chr17	101	109	1
chr17	617	697	1
chr17	73	88	1
chr17	698	715	1
chr17	46	72	1
chr17	865	903	1
chr17	54	72	1
chr17	435	446	1
chr17	684	698	1
chr17	1212	1238	1
chr17	616	698	1
chr17	89	100	1
chr17	738	753	1
chr17	1585	1603	1
chr17	1103	1131	1
chr17	73	100	1
chr17	1154	1164	1
chr17	699	712	1
chr17	97	108	1
chr17	699	725	1
chr17	755	762	1
chr17	46	54	1
chr17	935	950	1
chr17	143	152	1
chr17	865	888	1
chr17	969	987	1
chr17	1605	1612	1
chr17	754	762	1
chr17	1176	1211	1
chr17	73	96	1
chr17	128	142	1
chr17	1599	1612	1
chr17	698	725	1
chr17	1103	1126	1
chr17	1585	1598	1
chr17	963	968	1
chr17	72	81	1
chr17	55	72	1
chr17	109	142	1
chr17	889	902	1
chr17	616	697	1
chr17	83	96	1
chr17	951	962	1
chr17	584	594	1
chr17	1331	1346	1
chr17	755	769	1
chr17	419	432	1
chr17	559	583	1
chr17	1165	1175	1
chr17	330	344	1
chr17	108	142	1
chr17	97	107	1
chr17	1495	1510	2
chr17	755	764	2
chr17	765	775	2
chr17	1177	1190	2
chr17	725	738	2
chr17	829	837	2
chr17	101	110	2
chr17	46	53	2
chr17	940	950	2
chr17	1062	1102	2
chr17	726	738	2
chr17	605	615	2
chr17	1525	1540	2
chr17	713	724	2
chr17	1605	1624	2
chr17	1476	1494	2
chr17	1164	1176	2
chr17	919	939	2
chr17	838	856	2
chr17	1569	1582	2
chr17	951	969	2
chr17	1176	1210	2
chr17	521	538	2
chr17	655	683	2
chr17	1583	1590	2
chr17	1591	1604	2
chr17	111	126	2
chr17	1154	1175	2
chr17	1132	1153	2
chr17	1147	1163	2
chr17	919	947	2
chr17	1191	1210	2
chr17	127	142	2
chr17	1511	1524	2
chr17	539	558	2
chr17	1132	1146	2
chr17	617	654	2
chr17	54	71	2
chr17	948	969	2
chr17	763	775	2
chr17	1569	1584	3
chr17	1102	1131	3
chr17	1613	1624	3
chr17	865	881	3
chr17	605	616	3
chr17	540	558	3
chr17	882	902	3
chr17	840	856	3
chr17	1523	1540	3
chr17	1496	1522	3
chr17	829	839	3
chr17	521	539	3
chr17	1476	1495	3
chr17	1062	1101	3
chr17	431	446	4
chr17	383	397	4
chr17	345	360	4
chr17	903	918	4
chr17	331	344	4
chr17	970	987	4
chr17	419	430	4
chr17	398	418	4
chr17	1459	1475	4
chr17	583	594	4
chr17	361	382	4
chr17	1211	1238	4
chr17	739	754	4
chr17	21	45	4
chr17	143	166	4
chr17	776	797	4
chr17	1331	1372	4
chr17	319	330	4
chr17	559	582	4
chr17	1429	1458	4
chr17	988	1061	5
chr17	503	504	5
chr17	467	468	5
chr17	304	318	5
chr17	815	828	5
chr17	1541	1554	5
chr17	1373	1411	5
chr17	1239	1250	5
chr17	239	259	5
chr17	489	490	5
chr17	447	448	5
chr17	501	502	5
chr17	1316	1330	5
chr17	475	476	5
chr17	463	464	5
chr17	1555	1568	5
chr17	1285	1294	5
chr17	455	456	5
chr17	493	494	5
chr17	511	520	5
chr17	459	460	5
chr17	1412	1428	5
chr17	449	450	5
chr17	167	238	5
chr17	453	454	5
chr17	479	480	5
chr17	485	486	5
chr17	483	484	5
chr17	505	510	5
chr17	471	472	5
chr17	1265	1284	5
chr17	857	864	5
chr17	798	814	5
chr17	1251	1264	5
chr17	457	458	5
chr17	1	20	5
chr17	469	470	5
chr17	481	482	5
chr17	461	462	5
chr17	473	474	5
chr17	495	496	5
chr17	499	500	5
chr17	497	498	5
chr17	487	488	5
chr17	451	452	5
chr17	260	303	5
chr17	491	492	5
chr17	477	478	5
chr17	1295	1315	5
chr17	595	604	5
chr17	465	466	5
chr18	920	940	1
chr18	941	962	1
chr18	965	1042	1
chr18	422	435	1
chr18	173	191	1
chr18	1045	1057	1
chr18	792	822	1
chr18	616	690	1
chr18	1137	1152	1
chr18	83	104	1
chr18	1365	1406	1
chr18	1106	1135	1
chr18	475	503	1
chr18	583	615	1
chr18	442	474	1
chr18	1136	1152	1
chr18	941	964	1
chr18	875	919	1
chr18	1058	1087	1
chr18	690	791	1
chr18	1154	1197	1
chr18	691	792	1
chr18	1137	1153	1
chr18	261	276	1
chr18	247	276	1
chr18	436	475	1
chr18	1407	1445	1
chr18	247	260	1
chr18	476	582	1
chr18	192	211	1
chr18	617	671	1
chr18	963	1042	1
chr18	572	616	1
chr18	1059	1087	2
chr18	200	211	2
chr18	52	81	2
chr18	1185	1197	2
chr18	82	104	2
chr18	1124	1142	2
chr18	1298	1329	2
chr18	1143	1153	2
chr18	793	823	2
chr18	824	864	2
chr18	1045	1058	2
chr18	1106	1136	2
chr18	200	246	2
chr18	277	310	2
chr18	104	144	2
chr18	1154	1184	2
chr18	1106	1123	2
chr18	83	103	2
chr18	1045	1087	2
chr18	1153	1197	2
chr18	793	822	2
chr18	1235	1297	2
chr18	212	246	3
chr18	442	475	3
chr18	1296	1329	3
chr18	276	310	3
chr18	616	671	3
chr18	105	144	3
chr18	966	1042	3
chr18	823	864	3
chr18	572	615	3
chr18	941	965	3
chr18	690	792	3
chr18	476	503	3
chr18	247	275	3
chr18	52	82	3
chr18	1235	1295	3
chr18	875	920	4
chr18	422	441	4
chr18	173	199	4
chr18	1365	1407	4
chr18	1408	1445	4
chr18	504	571	4
chr18	672	689	4
chr18	921	940	4
chr18	1330	1364	5
chr18	337	338	5
chr18	323	324	5
chr18	349	350	5
chr18	331	332	5
chr18	317	318	5
chr18	1198	1234	5
chr18	313	314	5
chr18	145	172	5
chr18	353	354	5
chr18	347	348	5
chr18	339	340	5
chr18	355	356	5
chr18	365	366	5
chr18	1446	1490	5
chr18	1088	1105	5
chr18	325	326	5
chr18	311	312	5
chr18	390	421	5
chr18	1043	1044	5
chr18	327	328	5
chr18	363	364	5
chr18	371	389	5
chr18	369	370	5
chr18	329	330	5
chr18	341	342	5
chr18	335	336	5
chr18	351	352	5
chr18	1	17	5
chr18	343	344	5
chr18	345	346	5
chr18	18	51	5
chr18	357	358	5
chr18	359	360	5
chr18	865	874	5
chr18	321	322	5
chr18	1491	1542	5
chr18	315	316	5
chr18	361	362	5
chr18	333	334	5
chr18	319	320	5
chr18	1543	1560	5
chr18	367	368	5
chr19	1083	1112	1
chr19	59	93	1
chr19	800	847	1
chr19	884	907	1
chr19	38	58	1
chr19	1048	1082	1
chr19	712	733	1
chr19	802	823	1
chr19	701	732	1
chr19	779	799	1
chr19	94	114	1
chr19	57	85	1
chr19	4	11	1
chr19	38	53	1
chr19	384	395	1
chr19	130	141	1
chr19	983	999	1
chr19	790	798	1
chr19	623	668	1
chr19	967	982	1
chr19	2	3	1
chr19	143	158	1
chr19	130	142	1
chr19	799	823	1
chr19	724	733	1
chr19	38	56	1
chr19	60	85	1
chr19	54	85	1
chr19	694	709	1
chr19	790	801	1
chr19	128	141	1
chr19	1093	1112	1
chr19	60	73	1
chr19	350	361	1
chr19	554	622	1
chr19	694	711	1
chr19	159	174	1
chr19	74	85	1
chr19	115	127	1
chr19	860	883	1
chr19	733	767	1
chr19	372	383	1
chr19	710	723	1
chr19	1048	1112	1
chr19	669	693	2
chr19	220	234	2
chr19	382	393	2
chr19	902	917	2
chr19	1093	1111	2
chr19	724	734	2
chr19	212	219	2
chr19	349	361	2
chr19	115	129	2
chr19	38	59	2
chr19	350	371	2
chr19	1112	1124	2
chr19	734	767	2
chr19	142	174	2
chr19	115	141	2
chr19	142	173	2
chr19	382	395	2
chr19	174	199	2
chr19	394	493	2
chr19	887	907	2
chr19	824	847	2
chr19	779	801	2
chr19	887	901	2
chr19	332	348	2
chr19	778	789	2
chr19	768	777	2
chr19	735	767	2
chr19	802	847	2
chr19	701	723	2
chr19	294	331	2
chr19	1113	1124	3
chr19	908	917	3
chr19	669	700	3
chr19	768	778	3
chr19	396	493	3
chr19	324	335	3
chr19	336	349	3
chr19	362	371	3
chr19	175	199	3
chr19	1048	1092	3
chr19	212	221	3
chr19	222	234	3
chr19	294	323	3
chr19	967	983	4
chr19	624	668	4
chr19	372	381	4
chr19	95	114	4
chr19	554	623	4
chr19	860	886	4
chr19	984	999	4
chr19	2	11	4
chr19	86	94	4
chr19	548	549	5
chr19	528	529	5
chr19	526	527	5
chr19	235	261	5
chr19	943	955	5
chr19	494	495	5
chr19	552	553	5
chr19	12	25	5
chr19	1009	1047	5
chr19	200	211	5
chr19	918	928	5
chr19	506	507	5
chr19	26	37	5
chr19	522	523	5
chr19	510	511	5
chr19	1000	1008	5
chr19	502	503	5
chr19	500	501	5
chr19	518	519	5
chr19	508	509	5
chr19	848	859	5
chr19	496	497	5
chr19	504	505	5
chr19	532	533	5
chr19	262	277	5
chr19	534	535	5
chr19	544	545	5
chr19	512	513	5
chr19	1155	1183	5
chr19	516	517	5
chr19	498	499	5
chr19	550	551	5
chr19	278	293	5
chr19	524	525	5
chr19	530	531	5
chr19	514	515	5
chr19	546	547	5
chr19	538	539	5
chr19	956	966	5
chr19	540	541	5
chr19	929	942	5
chr19	542	543	5
chr19	520	521	5
chr19	1125	1154	5
chr19	536	537	5
chr2	1430	1469	1
chr2	2951	3008	1
chr2	2556	2576	1
chr2	2215	2227	1
chr2	3522	3590	1
chr2	1957	1999	1
chr2	2252	2276	1
chr2	878	916	1
chr2	4820	4829	1
chr2	529	552	1
chr2	1958	1995	1
chr2	4639	4652	1
chr2	576	607	1
chr2	4639	4653	1
chr2	4270	4339	1
chr2	3470	3506	1
chr2	4325	4339	1
chr2	1966	1995	1
chr2	4348	4373	1
chr2	953	976	1
chr2	1375	1392	1
chr2	925	952	1
chr2	4653	4668	1
chr2	783	800	1
chr2	535	552	1
chr2	2227	2251	1
chr2	4639	4649	1
chr2	861	876	1
chr2	1392	1410	1
chr2	510	532	1
chr2	3312	3340	1
chr2	4497	4513	1
chr2	3593	3619	1
chr2	3268	3311	1
chr2	4654	4669	1
chr2	2212	2227	1
chr2	2225	2226	1
chr2	1713	1728	1
chr2	2189	2210	1
chr2	747	782	1
chr2	1411	1428	1
chr2	502	519	1
chr2	4800	4819	1
chr2	3575	3592	1
chr2	4513	4530	1
chr2	510	528	1
chr2	4271	4324	1
chr2	3218	3242	1
chr2	3589	3619	1
chr2	2252	2275	1
chr2	2178	2188	1
chr2	2229	2251	1
chr2	4227	4270	1
chr2	3592	3619	1
chr2	4829	4864	1
chr2	340	359	1
chr2	3469	3506	1
chr2	2215	2224	1
chr2	2146	2177	1
chr2	1704	1728	1
chr2	2285	2375	1
chr2	533	558	1
chr2	1428	1479	1
chr2	3381	3404	1
chr2	1317	1374	1
chr2	3341	3380	1
chr2	3524	3590	1
chr2	4514	4530	1
chr2	520	534	1
chr2	1921	1965	1
chr2	4669	4696	1
chr2	4396	4410	1
chr2	2408	2451	1
chr2	3218	3241	1
chr2	4785	4799	1
chr2	1907	1931	1
chr2	4185	4269	1
chr2	4830	4852	1
chr2	2285	2371	1
chr2	4650	4669	1
chr2	4823	4852	1
chr2	3269	3308	1
chr2	2231	2252	1
chr2	2000	2021	1
chr2	2877	2950	1
chr2	3524	3588	1
chr2	764	780	1
chr2	781	800	1
chr2	2146	2176	1
chr2	2114	2188	1
chr2	4374	4395	1
chr2	559	575	1
chr2	1932	1957	1
chr2	4785	4822	1
chr2	2372	2407	1
chr2	861	877	1
chr2	1411	1429	1
chr2	1367	1391	1
chr2	360	402	1
chr2	3575	3591	1
chr2	877	924	1
chr2	2277	2371	1
chr2	3219	3241	1
chr2	481	501	1
chr2	4036	4063	1
chr2	1729	1767	1
chr2	2253	2275	1
chr2	2452	2555	1
chr2	1768	1794	1
chr2	4497	4512	1
chr2	3243	3267	1
chr2	4497	4530	1
chr2	2211	2230	1
chr2	3405	3436	1
chr2	559	583	1
chr2	2212	2228	1
chr2	3449	3468	1
chr2	1704	1712	1
chr2	3309	3336	1
chr2	2376	2408	1
chr2	1921	1933	1
chr2	3122	3164	1
chr2	1429	1469	1
chr2	4696	4733	2
chr2	193	204	2
chr2	4655	4669	2
chr2	372	402	2
chr2	340	358	2
chr2	4382	4396	2
chr2	3337	3398	2
chr2	842	860	2
chr2	340	371	2
chr2	3768	3788	2
chr2	2661	2693	2
chr2	3954	3968	2
chr2	4380	4391	2
chr2	3399	3436	2
chr2	3166	3194	2
chr2	2271	2284	2
chr2	3591	3619	2
chr2	1243	1283	2
chr2	3507	3523	2
chr2	1729	1770	2
chr2	3522	3574	2
chr2	553	558	2
chr2	3122	3165	2
chr2	3073	3164	2
chr2	2213	2214	2
chr2	4397	4410	2
chr2	38	75	2
chr2	1907	1920	2
chr2	2228	2251	2
chr2	1428	1469	2
chr2	1	37	2
chr2	4497	4560	2
chr2	205	217	2
chr2	3789	3806	2
chr2	2022	2037	2
chr2	1729	1794	2
chr2	1771	1794	2
chr2	1118	1158	2
chr2	3219	3242	2
chr2	2189	2211	2
chr2	801	841	2
chr2	4392	4410	2
chr2	4340	4379	2
chr2	1015	1080	2
chr2	510	558	2
chr2	3195	3217	2
chr2	4348	4381	2
chr2	2189	2212	2
chr2	359	417	2
chr2	4829	4852	2
chr2	4670	4695	2
chr2	3969	4016	2
chr2	3337	3397	2
chr2	1907	1933	2
chr2	4670	4696	2
chr2	1797	1812	2
chr2	2038	2050	2
chr2	1957	1995	2
chr2	3243	3268	2
chr2	2114	2144	2
chr2	2051	2068	2
chr2	3398	3436	2
chr2	2145	2176	2
chr2	1284	1316	2
chr2	2113	2145	2
chr2	3242	3268	2
chr2	2252	2270	2
chr2	2694	2714	2
chr2	1081	1117	2
chr2	2069	2112	2
chr2	2276	2371	2
chr2	1520	1703	2
chr2	4639	4654	2
chr2	3768	3806	3
chr2	1285	1316	3
chr2	1129	1158	3
chr2	2177	2188	3
chr2	1704	1716	3
chr2	1118	1128	3
chr2	764	782	3
chr2	4227	4269	3
chr2	4270	4324	3
chr2	1797	1810	3
chr2	2069	2113	3
chr2	2022	2038	3
chr2	1811	1812	3
chr2	559	574	3
chr2	1015	1081	3
chr2	3073	3121	3
chr2	1411	1427	3
chr2	1604	1703	3
chr2	3470	3505	3
chr2	4325	4336	3
chr2	1082	1117	3
chr2	1717	1728	3
chr2	3269	3311	3
chr2	193	217	3
chr2	3506	3521	3
chr2	2039	2068	3
chr2	2661	2714	3
chr2	1367	1392	3
chr2	877	916	3
chr2	1243	1284	3
chr2	1934	1956	3
chr2	1	75	3
chr2	3954	4016	3
chr2	575	583	3
chr2	862	876	3
chr2	1520	1603	3
chr2	2372	2408	3
chr2	783	841	3
chr2	3165	3194	3
chr2	3312	3336	3
chr2	4531	4560	3
chr2	3195	3218	3
chr2	842	861	3
chr2	4337	4347	3
chr2	4785	4828	3
chr2	4697	4733	3
chr2	403	417	3
chr2	2452	2556	4
chr2	1470	1479	4
chr2	917	937	4
chr2	2409	2451	4
chr2	954	976	4
chr2	3449	3469	4
chr2	1393	1410	4
chr2	747	763	4
chr2	584	607	4
chr2	938	953	4
chr2	2950	3008	4
chr2	1317	1366	4
chr2	4185	4226	4
chr2	2877	2949	4
chr2	4053	4063	4
chr2	481	509	4
chr2	2557	2576	4
chr2	1996	2021	4
chr2	4036	4052	4
chr2	4853	4864	4
chr2	1851	1852	5
chr2	1869	1870	5
chr2	4411	4470	5
chr2	1873	1874	5
chr2	608	619	5
chr2	3059	3072	5
chr2	1825	1826	5
chr2	4017	4035	5
chr2	1899	1900	5
chr2	1863	1864	5
chr2	4734	4760	5
chr2	1897	1898	5
chr2	145	179	5
chr2	2734	2772	5
chr2	418	480	5
chr2	3673	3767	5
chr2	1891	1892	5
chr2	1849	1850	5
chr2	76	144	5
chr2	3009	3047	5
chr2	3807	3838	5
chr2	4561	4612	5
chr2	1813	1814	5
chr2	1887	1888	5
chr2	4471	4496	5
chr2	3048	3058	5
chr2	1859	1860	5
chr2	1877	1878	5
chr2	1879	1880	5
chr2	4064	4096	5
chr2	2616	2660	5
chr2	1855	1856	5
chr2	2773	2792	5
chr2	656	677	5
chr2	1883	1884	5
chr2	4761	4774	5
chr2	180	192	5
chr2	1905	1906	5
chr2	1827	1828	5
chr2	1480	1497	5
chr2	1881	1882	5
chr2	316	339	5
chr2	1823	1824	5
chr2	1853	1854	5
chr2	1871	1872	5
chr2	1795	1796	5
chr2	1815	1816	5
chr2	2793	2876	5
chr2	1226	1242	5
chr2	1867	1868	5
chr2	237	264	5
chr2	4141	4184	5
chr2	1861	1862	5
chr2	642	655	5
chr2	1821	1822	5
chr2	1819	1820	5
chr2	1498	1519	5
chr2	1885	1886	5
chr2	3620	3672	5
chr2	1889	1890	5
chr2	1159	1225	5
chr2	1831	1848	5
chr2	1865	1866	5
chr2	678	746	5
chr2	2577	2615	5
chr2	4613	4638	5
chr2	1817	1818	5
chr2	1857	1858	5
chr2	3839	3953	5
chr2	265	315	5
chr2	2715	2733	5
chr2	1901	1902	5
chr2	218	236	5
chr2	1903	1904	5
chr2	977	1014	5
chr2	1829	1830	5
chr2	4097	4140	5
chr2	620	641	5
chr2	3437	3448	5
chr2	1875	1876	5
chr2	4775	4784	5
chr2	1893	1894	5
chr2	1895	1896	5
chr20	468	499	1
chr20	361	467	1
chr20	588	607	1
chr20	743	792	1
chr20	1044	1051	1
chr20	1120	1163	1
chr20	1067	1098	1
chr20	64	84	1
chr20	50	63	1
chr20	1163	1211	1
chr20	656	669	1
chr20	808	841	1
chr20	2	49	1
chr20	872	892	1
chr20	692	703	1
chr20	670	681	1
chr20	1052	1066	1
chr20	1120	1136	1
chr20	232	257	1
chr20	1099	1119	1
chr20	1017	1043	1
chr20	394	432	1
chr20	361	446	1
chr20	793	807	1
chr20	361	445	1
chr20	394	445	1
chr20	704	716	1
chr20	952	971	1
chr20	608	628	1
chr20	1137	1162	1
chr20	842	871	1
chr20	1100	1119	1
chr20	258	276	1
chr20	433	446	1
chr20	952	959	2
chr20	872	888	2
chr20	960	971	2
chr20	474	499	2
chr20	843	855	2
chr20	588	595	2
chr20	713	742	2
chr20	856	871	2
chr20	105	276	2
chr20	232	258	2
chr20	259	276	2
chr20	807	841	2
chr20	842	870	2
chr20	469	499	2
chr20	952	957	2
chr20	692	716	2
chr20	588	602	2
chr20	447	468	2
chr20	807	842	2
chr20	871	892	2
chr20	446	473	2
chr20	361	393	2
chr20	958	971	2
chr20	889	907	2
chr20	596	602	2
chr20	692	712	2
chr20	189	208	3
chr20	159	174	3
chr20	893	907	3
chr20	717	742	3
chr20	209	231	3
chr20	105	122	3
chr20	123	158	3
chr20	175	188	3
chr20	1100	1163	3
chr20	743	754	4
chr20	1017	1044	4
chr20	74	84	4
chr20	656	667	4
chr20	603	628	4
chr20	2	60	4
chr20	668	681	4
chr20	1164	1211	4
chr20	1052	1099	4
chr20	61	73	4
chr20	1045	1051	4
chr20	793	806	4
chr20	755	792	4
chr20	562	563	5
chr20	564	565	5
chr20	558	559	5
chr20	682	691	5
chr20	572	573	5
chr20	578	579	5
chr20	574	575	5
chr20	584	585	5
chr20	586	587	5
chr20	580	581	5
chr20	576	577	5
chr20	542	543	5
chr20	538	539	5
chr20	1230	1243	5
chr20	85	104	5
chr20	536	537	5
chr20	566	567	5
chr20	550	551	5
chr20	528	529	5
chr20	908	926	5
chr20	927	951	5
chr20	972	992	5
chr20	530	531	5
chr20	993	1016	5
chr20	534	535	5
chr20	540	541	5
chr20	1212	1229	5
chr20	554	555	5
chr20	556	557	5
chr20	532	533	5
chr20	570	571	5
chr20	1244	1259	5
chr20	552	553	5
chr20	640	655	5
chr20	500	527	5
chr20	629	639	5
chr20	277	349	5
chr20	568	569	5
chr20	544	545	5
chr20	350	360	5
chr20	548	549	5
chr20	546	547	5
chr20	582	583	5
chr20	560	561	5
chr21	197	198	1
chr21	609	626	1
chr21	609	660	1
chr21	767	781	1
chr21	782	817	1
chr21	199	202	1
chr21	905	925	1
chr21	674	697	1
chr21	928	947	1
chr21	203	206	1
chr21	563	607	1
chr21	851	886	1
chr21	917	927	1
chr21	767	780	1
chr21	698	721	1
chr21	781	796	1
chr21	661	673	1
chr21	662	680	1
chr21	627	660	1
chr21	904	916	1
chr21	904	925	1
chr21	207	224	1
chr21	608	627	1
chr21	797	817	1
chr21	628	649	1
chr21	650	661	1
chr21	197	207	2
chr21	189	224	2
chr21	887	903	2
chr21	563	608	2
chr21	926	947	2
chr21	563	609	2
chr21	751	766	2
chr21	925	947	2
chr21	610	660	2
chr21	905	924	2
chr21	208	224	2
chr21	189	192	3
chr21	887	904	3
chr21	193	196	3
chr21	751	771	3
chr21	772	817	3
chr21	661	680	3
chr21	699	721	4
chr21	872	886	4
chr21	681	698	4
chr21	851	871	4
chr21	261	262	5
chr21	265	266	5
chr21	225	226	5
chr21	229	230	5
chr21	269	270	5
chr21	227	228	5
chr21	233	234	5
chr21	231	232	5
chr21	281	282	5
chr21	235	236	5
chr21	241	242	5
chr21	245	246	5
chr21	948	962	5
chr21	255	256	5
chr21	267	268	5
chr21	381	562	5
chr21	243	244	5
chr21	249	250	5
chr21	247	248	5
chr21	283	284	5
chr21	251	252	5
chr21	285	286	5
chr21	818	850	5
chr21	259	260	5
chr21	277	278	5
chr21	257	258	5
chr21	313	380	5
chr21	279	280	5
chr21	275	276	5
chr21	237	238	5
chr21	273	274	5
chr21	263	264	5
chr21	287	312	5
chr21	271	272	5
chr21	239	240	5
chr21	253	254	5
chr21	722	750	5
chr22	447	470	1
chr22	765	782	1
chr22	754	764	1
chr22	447	479	1
chr22	842	857	1
chr22	784	799	1
chr22	482	500	1
chr22	447	481	1
chr22	471	500	1
chr22	858	871	1
chr22	480	500	1
chr22	754	769	1
chr22	833	841	1
chr22	770	783	1
chr22	936	1003	1
chr22	816	832	1
chr22	800	815	1
chr22	888	903	2
chr22	617	635	2
chr22	322	361	2
chr22	481	500	2
chr22	378	402	2
chr22	362	377	2
chr22	739	753	2
chr22	636	647	2
chr22	904	919	2
chr22	447	480	2
chr22	715	738	2
chr22	362	378	3
chr22	732	739	3
chr22	769	782	3
chr22	322	347	3
chr22	635	647	3
chr22	888	902	3
chr22	740	753	3
chr22	903	919	3
chr22	754	768	3
chr22	715	731	3
chr22	348	361	3
chr22	379	402	3
chr22	617	634	3
chr22	936	943	4
chr22	861	871	4
chr22	944	1003	4
chr22	783	798	4
chr22	816	841	4
chr22	842	860	4
chr22	799	815	4
chr22	595	616	5
chr22	872	887	5
chr22	1014	1025	5
chr22	542	565	5
chr22	566	594	5
chr22	920	935	5
chr22	1004	1013	5
chr22	501	541	5
chr22	648	669	5
chr22	670	714	5
chr22	403	446	5
chr3	3081	3109	1
chr3	679	740	1
chr3	2030	2105	1
chr3	303	313	1
chr3	1464	1516	1
chr3	1517	1592	1
chr3	406	448	1
chr3	2040	2079	1
chr3	2598	2643	1
chr3	2079	2105	1
chr3	1464	1514	1
chr3	2373	2442	1
chr3	2077	2105	1
chr3	3888	3906	1
chr3	917	939	1
chr3	2372	2390	1
chr3	2312	2371	1
chr3	2040	2078	1
chr3	406	458	1
chr3	2664	2686	1
chr3	3780	3881	1
chr3	3908	3919	1
chr3	976	991	1
chr3	2847	2869	1
chr3	262	312	1
chr3	2992	3007	1
chr3	2391	2425	1
chr3	2139	2166	1
chr3	741	789	1
chr3	3008	3047	1
chr3	262	302	1
chr3	3750	3779	1
chr3	1291	1306	1
chr3	857	887	1
chr3	2313	2371	1
chr3	966	975	1
chr3	1992	2029	1
chr3	902	916	1
chr3	2644	2685	1
chr3	88	194	1
chr3	2003	2028	1
chr3	313	326	1
chr3	3888	3907	1
chr3	1291	1307	1
chr3	3576	3589	1
chr3	314	332	1
chr3	2870	2927	1
chr3	790	852	1
chr3	2508	2555	1
chr3	1307	1324	1
chr3	262	299	1
chr3	195	207	1
chr3	333	405	1
chr3	459	481	1
chr3	902	915	1
chr3	1171	1246	1
chr3	3882	3907	1
chr3	3908	3934	1
chr3	790	856	1
chr3	2671	2685	1
chr3	3916	3934	1
chr3	3916	3939	1
chr3	916	939	1
chr3	3779	3881	1
chr3	1308	1324	1
chr3	1133	1166	1
chr3	2002	2029	1
chr3	1167	1246	1
chr3	570	616	1
chr3	3867	3881	1
chr3	2080	2105	1
chr3	208	238	1
chr3	300	313	1
chr3	2167	2236	1
chr3	2029	2105	1
chr3	1133	1170	1
chr3	1515	1541	1
chr3	3907	3919	1
chr3	3564	3575	1
chr3	3110	3138	1
chr3	2313	2372	1
chr3	482	542	1
chr3	2030	2076	1
chr3	1992	2002	1
chr3	2372	2442	1
chr3	1464	1513	1
chr3	3845	3866	1
chr3	853	887	1
chr3	2650	2663	1
chr3	449	496	1
chr3	543	569	1
chr3	1514	1541	1
chr3	3301	3352	2
chr3	2871	2927	2
chr3	2246	2271	2
chr3	2525	2546	2
chr3	3935	3959	2
chr3	2774	2819	2
chr3	940	949	2
chr3	224	238	2
chr3	1542	1592	2
chr3	2168	2236	2
chr3	1734	1811	2
chr3	679	747	2
chr3	3115	3138	2
chr3	1382	1402	2
chr3	2686	2713	2
chr3	497	543	2
chr3	2547	2555	2
chr3	3732	3749	2
chr3	2557	2567	2
chr3	3882	3887	2
chr3	208	223	2
chr3	88	169	2
chr3	223	238	2
chr3	170	195	2
chr3	497	542	2
chr3	2756	2773	2
chr3	3714	3731	2
chr3	2272	2312	2
chr3	2029	2039	2
chr3	544	570	2
chr3	2508	2556	2
chr3	3650	3691	2
chr3	2168	2245	2
chr3	3920	3939	2
chr3	3007	3046	2
chr3	3882	3906	2
chr3	2911	2973	2
chr3	982	995	2
chr3	88	195	2
chr3	3081	3110	2
chr3	2508	2524	2
chr3	748	789	2
chr3	1516	1592	2
chr3	3007	3047	2
chr3	3907	3915	2
chr3	1403	1435	2
chr3	996	1008	2
chr3	679	748	2
chr3	208	222	2
chr3	543	570	2
chr3	3081	3114	2
chr3	2871	2910	2
chr3	3868	3881	2
chr3	3225	3300	2
chr3	749	789	2
chr3	1067	1132	2
chr3	2378	2425	2
chr3	262	313	2
chr3	2312	2377	2
chr3	1056	1066	2
chr3	2671	2686	2
chr3	1464	1515	2
chr3	2002	2028	2
chr3	3047	3080	2
chr3	1593	1733	2
chr3	3111	3138	2
chr3	982	991	2
chr3	3845	3867	2
chr3	1056	1079	3
chr3	2556	2567	3
chr3	406	447	3
chr3	3650	3681	3
chr3	3810	3844	3
chr3	3779	3809	3
chr3	314	326	3
chr3	2426	2442	3
chr3	3682	3691	3
chr3	1593	1732	3
chr3	3048	3080	3
chr3	859	887	3
chr3	2270	2311	3
chr3	1411	1435	3
chr3	992	1008	3
chr3	3225	3299	3
chr3	1291	1324	3
chr3	2783	2819	3
chr3	2928	2973	3
chr3	1133	1171	3
chr3	1992	2001	3
chr3	902	949	3
chr3	1172	1246	3
chr3	2650	2670	3
chr3	3940	3959	3
chr3	790	858	3
chr3	1733	1811	3
chr3	2756	2782	3
chr3	1382	1410	3
chr3	448	496	3
chr3	1080	1132	3
chr3	3300	3352	3
chr3	3714	3749	3
chr3	2687	2713	3
chr3	2237	2269	3
chr3	327	405	4
chr3	2847	2870	4
chr3	2992	3006	4
chr3	2139	2167	4
chr3	571	616	4
chr3	2598	2649	4
chr3	966	981	4
chr3	3750	3778	4
chr3	196	207	4
chr3	3564	3589	4
chr3	1009	1039	5
chr3	1870	1966	5
chr3	3172	3205	5
chr3	1812	1813	5
chr3	1852	1853	5
chr3	1838	1839	5
chr3	2974	2991	5
chr3	1325	1338	5
chr3	950	957	5
chr3	888	901	5
chr3	1822	1823	5
chr3	1856	1857	5
chr3	2820	2846	5
chr3	3391	3412	5
chr3	1848	1849	5
chr3	958	965	5
chr3	1830	1831	5
chr3	3534	3563	5
chr3	1247	1277	5
chr3	2	87	5
chr3	1846	1847	5
chr3	1836	1837	5
chr3	1826	1827	5
chr3	1339	1381	5
chr3	1850	1851	5
chr3	656	678	5
chr3	1840	1841	5
chr3	1860	1861	5
chr3	2443	2466	5
chr3	1820	1821	5
chr3	1828	1829	5
chr3	1278	1290	5
chr3	3590	3649	5
chr3	3353	3390	5
chr3	3139	3171	5
chr3	2106	2138	5
chr3	1436	1463	5
chr3	1832	1833	5
chr3	1864	1865	5
chr3	1818	1819	5
chr3	2582	2597	5
chr3	1816	1817	5
chr3	1866	1867	5
chr3	2568	2581	5
chr3	1040	1055	5
chr3	1824	1825	5
chr3	1844	1845	5
chr3	3692	3707	5
chr3	3451	3533	5
chr3	1858	1859	5
chr3	2490	2507	5
chr3	1814	1815	5
chr3	3413	3450	5
chr3	3206	3224	5
chr3	1967	1991	5
chr3	1854	1855	5
chr3	1842	1843	5
chr3	1834	1835	5
chr3	2467	2489	5
chr3	1862	1863	5
chr3	1868	1869	5
chr3	617	655	5
chr3	2714	2735	5
chr3	2736	2755	5
chr3	239	261	5
chr3	3708	3713	5
chr4	615	749	1
chr4	1720	1769	1
chr4	3538	3631	1
chr4	305	350	1
chr4	1564	1597	1
chr4	3095	3192	1
chr4	458	516	1
chr4	459	515	1
chr4	2922	2977	1
chr4	516	541	1
chr4	71	132	1
chr4	3383	3414	1
chr4	2603	2680	1
chr4	3546	3569	1
chr4	2083	2132	1
chr4	520	541	1
chr4	1479	1501	1
chr4	784	800	1
chr4	3693	3742	1
chr4	1903	1980	1
chr4	750	783	1
chr4	2083	2143	1
chr4	2083	2191	1
chr4	895	952	1
chr4	89	132	1
chr4	3075	3095	1
chr4	174	272	1
chr4	2575	2602	1
chr4	170	210	1
chr4	1514	1528	1
chr4	1748	1769	1
chr4	60	70	1
chr4	1275	1366	1
chr4	1161	1274	1
chr4	2921	2958	1
chr4	896	952	1
chr4	1161	1273	1
chr4	2010	2082	1
chr4	1145	1158	1
chr4	2283	2307	1
chr4	3383	3413	1
chr4	509	541	1
chr4	1749	1769	1
chr4	1479	1541	1
chr4	2506	2570	1
chr4	2891	2920	1
chr4	458	489	1
chr4	3415	3505	1
chr4	2571	2604	1
chr4	459	516	1
chr4	1542	1563	1
chr4	2261	2282	1
chr4	62	70	1
chr4	3415	3537	1
chr4	1158	1264	1
chr4	1146	1273	1
chr4	3096	3192	1
chr4	71	88	1
chr4	35	61	1
chr4	1720	1747	1
chr4	3538	3569	1
chr4	2133	2191	1
chr4	2525	2570	1
chr4	1502	1513	1
chr4	2959	2977	1
chr4	852	895	1
chr4	2604	2680	1
chr4	1146	1157	1
chr4	1159	1264	1
chr4	1529	1541	1
chr4	826	851	1
chr4	1104	1144	1
chr4	3506	3545	1
chr4	509	519	1
chr4	459	489	1
chr4	143	169	1
chr4	3414	3537	1
chr4	2571	2603	1
chr4	63	132	1
chr4	35	59	1
chr4	174	210	1
chr4	212	272	2
chr4	2067	2082	2
chr4	3041	3074	2
chr4	63	131	2
chr4	3720	3742	2
chr4	1265	1366	2
chr4	953	981	2
chr4	321	350	2
chr4	416	457	2
chr4	3722	3742	2
chr4	1803	1903	2
chr4	749	777	2
chr4	826	894	2
chr4	2575	2604	2
chr4	490	508	2
chr4	826	858	2
chr4	1104	1160	2
chr4	776	800	2
chr4	2385	2398	2
chr4	3018	3040	2
chr4	2399	2420	2
chr4	2478	2505	2
chr4	211	272	2
chr4	305	320	2
chr4	2842	2889	2
chr4	2800	2810	2
chr4	2890	2921	2
chr4	3693	3721	2
chr4	3650	3687	2
chr4	2192	2229	2
chr4	2230	2260	2
chr4	1104	1145	2
chr4	859	894	2
chr4	305	325	2
chr4	3415	3536	2
chr4	3688	3719	2
chr4	1903	1921	2
chr4	326	350	2
chr4	132	142	2
chr4	1274	1366	2
chr4	2010	2066	2
chr4	749	775	2
chr4	1	13	2
chr4	1749	1764	2
chr4	3209	3382	2
chr4	2891	2921	2
chr4	517	541	2
chr4	174	211	2
chr4	1765	1802	2
chr4	778	800	2
chr4	1904	1921	2
chr4	14	34	2
chr4	2010	2083	2
chr4	3537	3631	2
chr4	3570	3649	2
chr4	2456	2477	2
chr4	2811	2841	2
chr4	2084	2143	2
chr4	2144	2191	3
chr4	1514	1529	3
chr4	133	142	3
chr4	3382	3414	3
chr4	2605	2680	3
chr4	1	14	3
chr4	2479	2505	3
chr4	2219	2260	3
chr4	3110	3192	3
chr4	1803	1902	3
chr4	1530	1541	3
chr4	2837	2890	3
chr4	2800	2836	3
chr4	3095	3109	3
chr4	2525	2574	3
chr4	3040	3074	3
chr4	2922	2960	3
chr4	2192	2218	3
chr4	3018	3039	3
chr4	3209	3381	3
chr4	416	458	3
chr4	1770	1802	3
chr4	1479	1513	3
chr4	3632	3692	3
chr4	1720	1748	3
chr4	895	981	3
chr4	2961	2977	3
chr4	2456	2478	3
chr4	2385	2420	3
chr4	15	34	3
chr4	35	62	3
chr4	2284	2307	4
chr4	1922	1980	4
chr4	3075	3094	4
chr4	2506	2524	4
chr4	164	173	4
chr4	1542	1565	4
chr4	143	163	4
chr4	1566	1597	4
chr4	2261	2283	4
chr4	615	748	4
chr4	2308	2384	5
chr4	1430	1452	5
chr4	1981	2009	5
chr4	1037	1038	5
chr4	2978	3017	5
chr4	1453	1478	5
chr4	999	1000	5
chr4	1666	1688	5
chr4	1019	1020	5
chr4	1049	1050	5
chr4	1015	1016	5
chr4	2760	2799	5
chr4	1689	1719	5
chr4	801	825	5
chr4	3193	3208	5
chr4	1023	1024	5
chr4	1005	1006	5
chr4	1053	1077	5
chr4	995	996	5
chr4	1045	1046	5
chr4	273	304	5
chr4	2421	2455	5
chr4	1011	1012	5
chr4	1021	1022	5
chr4	1039	1040	5
chr4	3743	3820	5
chr4	351	373	5
chr4	1047	1048	5
chr4	1001	1002	5
chr4	1033	1034	5
chr4	1025	1026	5
chr4	542	614	5
chr4	1027	1028	5
chr4	997	998	5
chr4	1031	1032	5
chr4	1078	1103	5
chr4	1007	1008	5
chr4	374	415	5
chr4	1041	1042	5
chr4	1043	1044	5
chr4	1029	1030	5
chr4	1003	1004	5
chr4	982	994	5
chr4	2681	2759	5
chr4	1051	1052	5
chr4	1598	1665	5
chr4	1017	1018	5
chr4	1013	1014	5
chr4	1367	1429	5
chr4	1035	1036	5
chr4	1009	1010	5
chr5	324	367	1
chr5	3258	3354	1
chr5	280	288	1
chr5	2918	2980	1
chr5	1367	1457	1
chr5	838	870	1
chr5	871	897	1
chr5	2963	2980	1
chr5	871	898	1
chr5	989	1041	1
chr5	3361	3401	1
chr5	792	837	1
chr5	2793	2802	1
chr5	3529	3540	1
chr5	206	225	1
chr5	1612	1632	1
chr5	2231	2244	1
chr5	840	897	1
chr5	2941	2962	1
chr5	2997	3012	1
chr5	2980	2997	1
chr5	1735	1802	1
chr5	289	301	1
chr5	2981	2997	1
chr5	2759	2780	1
chr5	1042	1089	1
chr5	2202	2230	1
chr5	3517	3528	1
chr5	899	930	1
chr5	816	837	1
chr5	1310	1367	1
chr5	2566	2628	1
chr5	1898	1930	1
chr5	818	837	1
chr5	2946	2979	1
chr5	2759	2775	1
chr5	3013	3024	1
chr5	1368	1415	1
chr5	2776	2791	1
chr5	1368	1444	1
chr5	302	333	1
chr5	792	839	1
chr5	1311	1367	1
chr5	368	478	1
chr5	294	323	1
chr5	3402	3416	1
chr5	2538	2565	1
chr5	2998	3024	1
chr5	3355	3416	1
chr5	1567	1611	1
chr5	1297	1309	1
chr5	1090	1124	1
chr5	793	815	1
chr5	792	817	1
chr5	479	642	1
chr5	792	815	1
chr5	840	870	1
chr5	3087	3133	1
chr5	226	279	1
chr5	2918	2940	1
chr5	1125	1156	1
chr5	2981	2996	1
chr5	3014	3086	1
chr5	1660	1734	1
chr5	768	792	1
chr5	2781	2792	1
chr5	2998	3013	1
chr5	1416	1432	1
chr5	1433	1444	1
chr5	816	839	1
chr5	3581	3618	1
chr5	859	872	2
chr5	1040	1048	2
chr5	1	18	2
chr5	2058	2154	2
chr5	1897	1930	2
chr5	873	897	2
chr5	19	34	2
chr5	1367	1415	2
chr5	1085	1131	2
chr5	3439	3475	2
chr5	2946	2980	2
chr5	1416	1444	2
chr5	3540	3553	2
chr5	1157	1182	2
chr5	989	1048	2
chr5	3581	3616	2
chr5	368	475	2
chr5	1923	1965	2
chr5	1183	1230	2
chr5	2681	2696	2
chr5	3517	3539	2
chr5	1112	1131	2
chr5	3014	3087	2
chr5	3417	3438	2
chr5	3517	3540	2
chr5	632	642	2
chr5	1085	1111	2
chr5	3025	3067	2
chr5	1898	1922	2
chr5	345	367	2
chr5	989	1039	2
chr5	700	722	2
chr5	1803	1896	2
chr5	670	689	2
chr5	2981	3013	2
chr5	3554	3581	2
chr5	838	858	2
chr5	345	631	2
chr5	2038	2057	2
chr5	3582	3616	2
chr5	723	747	2
chr5	2697	2750	2
chr5	3068	3087	2
chr5	690	699	2
chr5	476	642	2
chr5	3554	3580	3
chr5	1931	1965	3
chr5	722	747	3
chr5	3541	3553	3
chr5	1	34	3
chr5	3417	3437	3
chr5	1311	1366	3
chr5	2775	2791	3
chr5	3361	3402	3
chr5	2681	2695	3
chr5	3403	3416	3
chr5	2059	2154	3
chr5	294	333	3
chr5	2038	2058	3
chr5	670	699	3
chr5	2696	2750	3
chr5	2759	2774	3
chr5	1803	1897	3
chr5	3438	3475	3
chr5	2918	2945	3
chr5	1157	1230	3
chr5	700	721	3
chr5	1600	1612	4
chr5	1297	1310	4
chr5	1049	1084	4
chr5	280	293	4
chr5	2202	2231	4
chr5	1445	1457	4
chr5	334	344	4
chr5	2565	2628	4
chr5	1567	1599	4
chr5	206	279	4
chr5	1613	1632	4
chr5	2792	2802	4
chr5	2538	2564	4
chr5	1736	1802	4
chr5	2232	2244	4
chr5	768	791	4
chr5	1132	1156	4
chr5	898	930	4
chr5	1660	1735	4
chr5	3088	3133	4
chr5	3258	3360	4
chr5	3617	3618	4
chr5	941	942	5
chr5	983	984	5
chr5	963	964	5
chr5	971	972	5
chr5	1282	1296	5
chr5	3172	3197	5
chr5	2155	2201	5
chr5	2843	2871	5
chr5	967	968	5
chr5	643	669	5
chr5	947	948	5
chr5	973	974	5
chr5	1966	2037	5
chr5	2460	2519	5
chr5	2821	2842	5
chr5	985	986	5
chr5	1633	1659	5
chr5	2245	2259	5
chr5	2260	2292	5
chr5	975	976	5
chr5	955	956	5
chr5	3145	3171	5
chr5	949	950	5
chr5	158	205	5
chr5	1458	1480	5
chr5	2293	2376	5
chr5	35	157	5
chr5	748	767	5
chr5	939	940	5
chr5	951	952	5
chr5	2427	2459	5
chr5	2377	2426	5
chr5	931	932	5
chr5	3134	3144	5
chr5	935	936	5
chr5	2629	2648	5
chr5	969	970	5
chr5	977	978	5
chr5	1553	1566	5
chr5	1231	1281	5
chr5	933	934	5
chr5	987	988	5
chr5	1518	1552	5
chr5	3198	3257	5
chr5	943	944	5
chr5	979	980	5
chr5	937	938	5
chr5	2872	2917	5
chr5	2668	2680	5
chr5	981	982	5
chr5	3476	3516	5
chr5	961	962	5
chr5	2803	2820	5
chr5	953	954	5
chr5	965	966	5
chr5	2649	2667	5
chr5	1481	1517	5
chr5	957	958	5
chr5	2751	2758	5
chr5	2520	2537	5
chr5	959	960	5
chr5	945	946	5
chr6	66	81	1
chr6	991	1038	1
chr6	3183	3333	1
chr6	2166	2189	1
chr6	1882	1914	1
chr6	273	313	1
chr6	2137	2164	1
chr6	254	276	1
chr6	835	851	1
chr6	2708	2733	1
chr6	1827	1883	1
chr6	775	821	1
chr6	2523	2558	1
chr6	3350	3386	1
chr6	3067	3089	1
chr6	3387	3403	1
chr6	2454	2481	1
chr6	1876	1914	1
chr6	3067	3100	1
chr6	1827	1881	1
chr6	1660	1686	1
chr6	31	60	1
chr6	922	990	1
chr6	3172	3182	1
chr6	948	992	1
chr6	273	325	1
chr6	3173	3189	1
chr6	1039	1060	1
chr6	3334	3421	1
chr6	822	835	1
chr6	3090	3112	1
chr6	775	834	1
chr6	993	1043	1
chr6	3101	3112	1
chr6	2148	2165	1
chr6	63	81	1
chr6	3190	3421	1
chr6	61	81	1
chr6	3155	3171	1
chr6	2167	2189	1
chr6	1827	1875	1
chr6	2386	2453	1
chr6	2734	2775	1
chr6	2165	2190	1
chr6	1941	1997	1
chr6	31	62	1
chr6	277	313	1
chr6	991	1043	1
chr6	2776	2855	1
chr6	888	921	1
chr6	2457	2522	1
chr6	1060	1077	1
chr6	1613	1659	1
chr6	1998	2117	1
chr6	1044	1060	1
chr6	56	65	1
chr6	2148	2166	1
chr6	2504	2558	1
chr6	1078	1124	1
chr6	1044	1059	1
chr6	1884	1914	1
chr6	2191	2231	1
chr6	3404	3421	1
chr6	3220	3349	1
chr6	2457	2503	1
chr6	254	282	2
chr6	630	643	2
chr6	836	870	2
chr6	56	81	2
chr6	218	231	2
chr6	2	3	2
chr6	2856	2876	2
chr6	1457	1483	2
chr6	2386	2456	2
chr6	3386	3421	2
chr6	644	665	2
chr6	3220	3333	2
chr6	2708	2743	2
chr6	593	609	2
chr6	2190	2216	2
chr6	1520	1531	2
chr6	3334	3385	2
chr6	1484	1519	2
chr6	2190	2215	2
chr6	610	629	2
chr6	2287	2481	2
chr6	2744	2782	2
chr6	1419	1456	2
chr6	254	272	2
chr6	3036	3066	2
chr6	2706	2715	2
chr6	1061	1124	2
chr6	1043	1059	2
chr6	283	313	2
chr6	2148	2164	2
chr6	1875	1914	2
chr6	2690	2705	2
chr6	2877	2888	2
chr6	163	217	2
chr6	2217	2231	2
chr6	2216	2231	2
chr6	2716	2733	2
chr6	343	366	2
chr6	1532	1612	2
chr6	1827	1874	2
chr6	367	402	2
chr6	2734	2782	2
chr6	991	1042	2
chr6	732	745	2
chr6	710	731	2
chr6	836	851	2
chr6	871	887	2
chr6	1060	1124	2
chr6	2165	2189	2
chr6	2287	2329	3
chr6	948	990	3
chr6	827	835	3
chr6	2690	2707	3
chr6	775	826	3
chr6	1488	1519	3
chr6	593	608	3
chr6	372	402	3
chr6	852	871	3
chr6	215	231	3
chr6	2343	2385	3
chr6	1419	1457	3
chr6	1520	1529	3
chr6	163	214	3
chr6	2482	2558	3
chr6	3192	3219	3
chr6	609	629	3
chr6	3036	3112	3
chr6	2330	2342	3
chr6	2856	2888	3
chr6	645	665	3
chr6	630	644	3
chr6	710	727	3
chr6	3173	3191	3
chr6	728	745	3
chr6	1458	1487	3
chr6	872	887	3
chr6	31	55	3
chr6	1530	1612	3
chr6	343	371	3
chr6	921	947	4
chr6	3155	3172	4
chr6	1996	2117	4
chr6	1613	1658	4
chr6	314	325	4
chr6	888	920	4
chr6	2783	2855	4
chr6	1941	1995	4
chr6	2137	2147	4
chr6	1659	1686	4
chr6	2955	2977	5
chr6	326	342	5
chr6	1729	1755	5
chr6	1196	1197	5
chr6	1218	1219	5
chr6	82	102	5
chr6	1756	1807	5
chr6	2978	2997	5
chr6	3113	3154	5
chr6	489	520	5
chr6	1224	1225	5
chr6	3008	3023	5
chr6	1210	1211	5
chr6	2926	2942	5
chr6	1198	1199	5
chr6	1212	1213	5
chr6	103	133	5
chr6	1178	1179	5
chr6	521	592	5
chr6	2889	2925	5
chr6	4	30	5
chr6	1204	1205	5
chr6	134	162	5
chr6	232	253	5
chr6	2232	2248	5
chr6	2658	2689	5
chr6	1220	1221	5
chr6	1188	1189	5
chr6	1222	1223	5
chr6	1184	1185	5
chr6	1216	1217	5
chr6	1206	1207	5
chr6	1915	1940	5
chr6	1234	1235	5
chr6	746	774	5
chr6	2249	2286	5
chr6	1228	1229	5
chr6	1190	1191	5
chr6	2998	3007	5
chr6	1192	1193	5
chr6	1230	1231	5
chr6	3024	3035	5
chr6	1200	1201	5
chr6	2559	2607	5
chr6	2118	2136	5
chr6	1687	1728	5
chr6	1214	1215	5
chr6	1232	1233	5
chr6	666	683	5
chr6	1208	1209	5
chr6	2943	2954	5
chr6	1182	1183	5
chr6	1202	1203	5
chr6	1808	1826	5
chr6	1186	1187	5
chr6	1236	1237	5
chr6	1226	1227	5
chr6	1180	1181	5
chr6	684	709	5
chr6	2608	2639	5
chr6	1145	1177	5
chr6	403	488	5
chr6	1194	1195	5
chr6	1238	1418	5
chr6	1125	1144	5
chr6	2640	2657	5
chr7	731	761	1
chr7	1449	1498	1
chr7	1671	1710	1
chr7	652	729	1
chr7	651	729	1
chr7	1478	1501	1
chr7	1522	1551	1
chr7	1004	1029	1
chr7	545	591	1
chr7	2699	2754	1
chr7	1982	2000	1
chr7	2708	2754	1
chr7	1497	1498	1
chr7	2687	2780	1
chr7	1473	1494	1
chr7	1449	1460	1
chr7	1096	1124	1
chr7	651	696	1
chr7	1453	1458	1
chr7	1461	1472	1
chr7	2781	2802	1
chr7	2883	2976	1
chr7	1802	1829	1
chr7	2687	2698	1
chr7	1909	1935	1
chr7	2687	2707	1
chr7	1459	1476	1
chr7	1502	1521	1
chr7	961	1003	1
chr7	697	730	1
chr7	592	614	1
chr7	1802	1842	1
chr7	473	504	1
chr7	615	651	1
chr7	2494	2540	1
chr7	2001	2010	1
chr7	1910	1969	1
chr7	2859	2882	1
chr7	2332	2462	1
chr7	1546	1622	1
chr7	2043	2060	1
chr7	230	251	1
chr7	505	544	1
chr7	1497	1519	1
chr7	252	302	1
chr7	2561	2575	1
chr7	1936	1969	1
chr7	1331	1450	1
chr7	2157	2268	1
chr7	1460	1476	1
chr7	1971	1981	1
chr7	804	839	1
chr7	1499	1519	1
chr7	1830	1842	1
chr7	1649	1670	1
chr7	1499	1500	1
chr7	2977	3014	1
chr7	793	803	1
chr7	1953	1970	1
chr7	2011	2019	1
chr7	1497	1500	1
chr7	1520	1551	1
chr7	2576	2594	1
chr7	1460	1477	1
chr7	881	904	1
chr7	961	1002	1
chr7	2541	2560	1
chr7	2803	2830	1
chr7	1030	1095	1
chr7	2020	2042	1
chr7	762	792	1
chr7	1858	1908	1
chr7	1953	1969	1
chr7	1003	1029	1
chr7	1451	1452	1
chr7	1935	1969	1
chr7	356	395	2
chr7	20	32	2
chr7	2781	2803	2
chr7	730	762	2
chr7	763	792	2
chr7	2359	2407	2
chr7	2879	2974	2
chr7	2157	2242	2
chr7	747	768	2
chr7	2092	2105	2
chr7	2832	2878	2
chr7	2782	2803	2
chr7	2975	3014	2
chr7	651	664	2
chr7	2106	2136	2
chr7	2859	2878	2
chr7	731	746	2
chr7	2687	2699	2
chr7	2243	2268	2
chr7	252	295	2
chr7	3113	3134	2
chr7	688	714	2
chr7	2408	2445	2
chr7	396	451	2
chr7	1730	1757	2
chr7	3135	3144	2
chr7	2879	2977	2
chr7	3094	3112	2
chr7	33	49	2
chr7	1843	1857	2
chr7	2446	2462	2
chr7	1649	1729	2
chr7	1449	1459	2
chr7	1672	1693	2
chr7	2700	2731	2
chr7	769	792	2
chr7	1546	1606	2
chr7	1694	1710	2
chr7	1477	1494	2
chr7	2755	2781	2
chr7	296	333	2
chr7	2978	3014	2
chr7	229	251	2
chr7	168	228	2
chr7	2157	2267	2
chr7	1935	1952	2
chr7	1649	1671	2
chr7	1501	1519	2
chr7	2359	2462	2
chr7	2268	2316	2
chr7	2804	2830	2
chr7	2732	2754	2
chr7	334	355	2
chr7	1552	1622	2
chr7	230	302	2
chr7	1607	1622	2
chr7	2804	2831	2
chr7	665	687	2
chr7	715	730	2
chr7	2755	2780	2
chr7	303	333	3
chr7	168	229	3
chr7	32	49	3
chr7	20	31	3
chr7	2831	2858	3
chr7	1520	1545	3
chr7	415	451	3
chr7	2105	2116	3
chr7	396	414	3
chr7	3094	3144	3
chr7	2117	2136	3
chr7	1802	1843	3
chr7	1731	1757	3
chr7	2092	2104	3
chr7	2269	2316	3
chr7	334	395	3
chr7	1711	1730	3
chr7	1495	1496	3
chr7	1910	1934	3
chr7	1844	1857	3
chr7	961	1029	3
chr7	793	804	4
chr7	2332	2358	4
chr7	1970	1981	4
chr7	594	614	4
chr7	2545	2560	4
chr7	2561	2576	4
chr7	1982	2001	4
chr7	881	892	4
chr7	893	904	4
chr7	580	593	4
chr7	805	839	4
chr7	564	579	4
chr7	2020	2043	4
chr7	615	650	4
chr7	1030	1096	4
chr7	2002	2019	4
chr7	506	544	4
chr7	473	505	4
chr7	2044	2060	4
chr7	2577	2594	4
chr7	1331	1448	4
chr7	1097	1124	4
chr7	1858	1909	4
chr7	2494	2544	4
chr7	545	563	4
chr7	1213	1214	5
chr7	860	880	5
chr7	1183	1184	5
chr7	1193	1194	5
chr7	2611	2624	5
chr7	1187	1188	5
chr7	2137	2156	5
chr7	1181	1182	5
chr7	106	116	5
chr7	50	105	5
chr7	1240	1309	5
chr7	117	130	5
chr7	131	167	5
chr7	1207	1208	5
chr7	1195	1196	5
chr7	1185	1186	5
chr7	1175	1176	5
chr7	1211	1212	5
chr7	1205	1206	5
chr7	1167	1168	5
chr7	2595	2610	5
chr7	1	19	5
chr7	1179	1180	5
chr7	2317	2331	5
chr7	452	472	5
chr7	1191	1192	5
chr7	1209	1210	5
chr7	1163	1164	5
chr7	1125	1162	5
chr7	1215	1216	5
chr7	2463	2493	5
chr7	1171	1172	5
chr7	2625	2686	5
chr7	2061	2091	5
chr7	1219	1220	5
chr7	1197	1198	5
chr7	947	960	5
chr7	919	946	5
chr7	1221	1239	5
chr7	1169	1170	5
chr7	1173	1174	5
chr7	1623	1648	5
chr7	1177	1178	5
chr7	3145	3182	5
chr7	1189	1190	5
chr7	1217	1218	5
chr7	3031	3051	5
chr7	1758	1801	5
chr7	1310	1330	5
chr7	840	859	5
chr7	3052	3093	5
chr7	905	918	5
chr7	1199	1200	5
chr7	1203	1204	5
chr7	1165	1166	5
chr7	3015	3030	5
chr7	1201	1202	5
chr8	2024	2065	1
chr8	224	238	1
chr8	1223	1241	1
chr8	2307	2367	1
chr8	2794	2833	1
chr8	1612	1653	1
chr8	209	247	1
chr8	2677	2690	1
chr8	436	460	1
chr8	2139	2290	1
chr8	1588	1656	1
chr8	2719	2793	1
chr8	963	977	1
chr8	239	247	1
chr8	1657	1732	1
chr8	1841	1894	1
chr8	1227	1242	1
chr8	570	583	1
chr8	1	2	1
chr8	573	584	1
chr8	2291	2367	1
chr8	2902	2926	1
chr8	1331	1388	1
chr8	2317	2366	1
chr8	2719	2791	1
chr8	963	974	1
chr8	461	569	1
chr8	2309	2367	1
chr8	975	997	1
chr8	2830	2849	1
chr8	2418	2485	1
chr8	2792	2829	1
chr8	437	466	1
chr8	1389	1412	1
chr8	2909	2910	1
chr8	2139	2308	1
chr8	2911	2926	1
chr8	467	500	1
chr8	2198	2316	1
chr8	2367	2417	1
chr8	570	584	1
chr8	1227	1285	1
chr8	1912	1945	1
chr8	2440	2485	1
chr8	584	598	1
chr8	134	161	1
chr8	3	42	1
chr8	1190	1223	1
chr8	43	133	1
chr8	467	553	1
chr8	2915	2926	1
chr8	272	356	1
chr8	2474	2510	1
chr8	2888	2914	1
chr8	1653	1732	1
chr8	2310	2367	1
chr8	437	458	1
chr8	1735	1840	1
chr8	2888	2901	1
chr8	1588	1611	1
chr8	501	553	1
chr8	2082	2091	1
chr8	1525	1586	1
chr8	978	997	1
chr8	998	1067	1
chr8	2198	2309	1
chr8	459	569	1
chr8	1223	1242	1
chr8	1587	1611	1
chr8	1068	1139	1
chr8	1069	1139	1
chr8	1224	1242	1
chr8	998	1068	1
chr8	467	572	1
chr8	2139	2306	1
chr8	2636	2676	1
chr8	1242	1285	1
chr8	179	208	1
chr8	1612	1652	1
chr8	2066	2081	1
chr8	224	247	1
chr8	436	466	2
chr8	43	161	2
chr8	2138	2154	2
chr8	796	828	2
chr8	2474	2485	2
chr8	1140	1166	2
chr8	1984	2031	2
chr8	2177	2197	2
chr8	259	271	2
chr8	135	161	2
chr8	1843	1894	2
chr8	1412	1524	2
chr8	600	610	2
chr8	43	134	2
chr8	937	962	2
chr8	1348	1365	2
chr8	2617	2635	2
chr8	207	224	2
chr8	1849	1894	2
chr8	2535	2616	2
chr8	225	247	2
chr8	1366	1388	2
chr8	554	572	2
chr8	2155	2176	2
chr8	1389	1411	2
chr8	2093	2110	2
chr8	2079	2092	2
chr8	1331	1387	2
chr8	2024	2047	2
chr8	179	207	2
chr8	2111	2137	2
chr8	573	599	2
chr8	774	795	2
chr8	1388	1412	2
chr8	1331	1347	2
chr8	1588	1653	2
chr8	208	223	2
chr8	859	878	2
chr8	395	436	2
chr8	1815	1842	2
chr8	179	206	2
chr8	2032	2047	2
chr8	2909	2926	2
chr8	1190	1222	2
chr8	829	858	2
chr8	248	258	2
chr8	1190	1226	2
chr8	2079	2091	2
chr8	1815	1848	2
chr8	585	598	2
chr8	1134	1166	3
chr8	2795	2833	3
chr8	1243	1285	3
chr8	395	435	3
chr8	2535	2622	3
chr8	2092	2110	3
chr8	795	828	3
chr8	2623	2635	3
chr8	774	794	3
chr8	2111	2138	3
chr8	999	1067	3
chr8	248	271	3
chr8	962	977	3
chr8	937	961	3
chr8	1413	1524	3
chr8	829	859	3
chr8	860	878	3
chr8	2907	2908	3
chr8	1984	2023	3
chr8	1068	1133	3
chr8	2888	2906	3
chr8	2440	2473	3
chr8	599	610	3
chr8	1654	1732	3
chr8	2719	2794	3
chr8	978	998	3
chr8	1	42	4
chr8	2368	2417	4
chr8	1525	1587	4
chr8	1927	1945	4
chr8	2676	2690	4
chr8	1753	1814	4
chr8	1912	1926	4
chr8	2418	2439	4
chr8	272	342	4
chr8	343	356	4
chr8	2486	2510	4
chr8	1735	1752	4
chr8	2834	2849	4
chr8	2048	2065	4
chr8	2636	2675	4
chr8	2066	2078	4
chr8	919	920	5
chr8	376	394	5
chr8	917	918	5
chr8	611	670	5
chr8	1946	1972	5
chr8	357	375	5
chr8	671	733	5
chr8	883	884	5
chr8	927	928	5
chr8	909	910	5
chr8	921	922	5
chr8	2691	2718	5
chr8	915	916	5
chr8	887	888	5
chr8	881	882	5
chr8	879	880	5
chr8	1733	1734	5
chr8	891	892	5
chr8	885	886	5
chr8	931	932	5
chr8	929	930	5
chr8	2511	2522	5
chr8	925	926	5
chr8	907	908	5
chr8	897	898	5
chr8	901	902	5
chr8	895	896	5
chr8	913	914	5
chr8	893	894	5
chr8	2523	2534	5
chr8	1286	1330	5
chr8	1167	1189	5
chr8	162	178	5
chr8	935	936	5
chr8	889	890	5
chr8	734	752	5
chr8	911	912	5
chr8	1973	1983	5
chr8	2850	2887	5
chr8	905	906	5
chr8	933	934	5
chr8	1895	1911	5
chr8	923	924	5
chr8	753	773	5
chr8	899	900	5
chr8	903	904	5
chr9	725	735	1
chr9	2741	2754	1
chr9	1419	1433	1
chr9	1403	1406	1
chr9	835	840	1
chr9	919	930	1
chr9	821	824	1
chr9	1341	1344	1
chr9	1339	1340	1
chr9	254	303	1
chr9	2665	2678	1
chr9	1309	1324	1
chr9	2009	2032	1
chr9	839	840	1
chr9	304	350	1
chr9	676	693	1
chr9	1779	1806	1
chr9	661	675	1
chr9	2033	2068	1
chr9	2719	2740	1
chr9	22	57	1
chr9	770	790	1
chr9	736	749	1
chr9	837	844	1
chr9	829	832	1
chr9	303	313	1
chr9	2357	2367	1
chr9	845	852	1
chr9	2290	2319	1
chr9	913	916	1
chr9	1618	1662	1
chr9	713	724	1
chr9	853	854	1
chr9	1309	1310	1
chr9	825	828	1
chr9	917	918	1
chr9	2171	2202	1
chr9	771	788	1
chr9	857	860	1
chr9	2468	2484	1
chr9	843	854	1
chr9	861	864	1
chr9	1363	1437	1
chr9	837	838	1
chr9	1333	1338	1
chr9	2234	2246	1
chr9	1663	1724	1
chr9	933	936	1
chr9	1	21	1
chr9	771	948	1
chr9	929	930	1
chr9	859	864	1
chr9	661	672	1
chr9	2486	2512	1
chr9	1309	1348	1
chr9	750	769	1
chr9	1418	1433	1
chr9	251	302	1
chr9	907	912	1
chr9	2785	2792	1
chr9	2288	2320	1
chr9	1341	1342	1
chr9	935	942	1
chr9	857	858	1
chr9	673	693	1
chr9	2343	2356	1
chr9	825	826	1
chr9	2804	2822	1
chr9	837	842	1
chr9	2485	2496	1
chr9	200	250	1
chr9	933	934	1
chr9	823	824	1
chr9	1333	1342	1
chr9	1401	1402	1
chr9	1618	1656	1
chr9	2793	2803	1
chr9	933	942	1
chr9	2321	2342	1
chr9	1363	1400	1
chr9	252	303	1
chr9	937	942	1
chr9	1657	1724	1
chr9	941	942	1
chr9	831	834	1
chr9	1325	1342	1
chr9	2203	2233	1
chr9	1418	1439	1
chr9	200	251	1
chr9	2679	2688	1
chr9	1333	1340	1
chr9	795	798	1
chr9	1311	1314	1
chr9	2289	2319	1
chr9	2290	2318	1
chr9	2261	2287	1
chr9	137	188	1
chr9	933	940	1
chr9	1779	1839	1
chr9	189	253	1
chr9	907	928	1
chr9	2289	2318	1
chr9	1419	1439	1
chr9	1807	1839	1
chr9	1438	1465	1
chr9	895	904	1
chr9	843	844	2
chr9	1409	1418	2
chr9	2343	2366	2
chr9	2320	2342	2
chr9	1949	1989	2
chr9	535	660	2
chr9	391	424	2
chr9	93	116	2
chr9	1557	1595	2
chr9	1309	1314	2
chr9	137	200	2
chr9	841	842	2
chr9	2592	2604	2
chr9	2204	2232	2
chr9	58	92	2
chr9	137	199	2
chr9	771	786	2
chr9	2703	2718	2
chr9	823	826	2
chr9	2785	2809	2
chr9	2172	2202	2
chr9	2367	2389	2
chr9	2261	2289	2
chr9	2151	2171	2
chr9	351	390	2
chr9	857	864	2
chr9	2785	2793	2
chr9	2331	2342	2
chr9	1440	1465	2
chr9	2203	2232	2
chr9	907	930	2
chr9	2171	2203	2
chr9	2564	2591	2
chr9	845	854	2
chr9	1353	1360	2
chr9	251	303	2
chr9	2794	2809	2
chr9	425	534	2
chr9	2689	2702	2
chr9	1434	1465	2
chr9	1409	1417	2
chr9	1913	1948	2
chr9	2261	2288	2
chr9	2343	2367	2
chr9	1517	1556	2
chr9	2319	2330	2
chr9	831	832	2
chr9	1351	1352	2
chr9	787	788	2
chr9	201	250	2
chr9	2704	2718	3
chr9	2486	2496	3
chr9	1779	1799	3
chr9	1343	1344	3
chr9	661	693	3
chr9	2151	2170	3
chr9	58	93	3
chr9	1319	1322	3
chr9	1351	1360	3
chr9	1323	1324	3
chr9	829	830	3
chr9	1325	1328	3
chr9	795	796	3
chr9	1800	1839	3
chr9	1517	1547	3
chr9	1913	1947	3
chr9	304	313	3
chr9	789	790	3
chr9	1948	1989	3
chr9	2564	2592	3
chr9	1548	1595	3
chr9	351	660	3
chr9	903	904	3
chr9	1317	1318	3
chr9	1363	1406	3
chr9	2593	2604	3
chr9	797	798	3
chr9	1329	1332	3
chr9	835	836	3
chr9	94	116	3
chr9	1618	1724	3
chr9	2368	2389	3
chr9	1315	1316	3
chr9	833	834	3
chr9	821	822	3
chr9	895	902	3
chr9	827	828	3
chr9	2689	2703	3
chr9	893	894	4
chr9	2032	2068	4
chr9	314	350	4
chr9	750	770	4
chr9	791	792	4
chr9	905	906	4
chr9	2810	2822	4
chr9	1407	1408	4
chr9	713	728	4
chr9	931	932	4
chr9	2009	2031	4
chr9	943	946	4
chr9	891	892	4
chr9	799	800	4
chr9	2739	2754	4
chr9	2497	2512	4
chr9	801	820	4
chr9	947	948	4
chr9	1	57	4
chr9	2468	2485	4
chr9	867	890	4
chr9	865	866	4
chr9	855	856	4
chr9	2719	2738	4
chr9	729	749	4
chr9	793	794	4
chr9	2233	2246	4
chr9	2665	2680	4
chr9	1345	1348	4
chr9	2681	2688	4
chr9	1165	1166	5
chr9	2247	2260	5
chr9	2638	2648	5
chr9	1147	1148	5
chr9	1215	1216	5
chr9	1301	1302	5
chr9	1111	1112	5
chr9	1089	1090	5
chr9	1151	1152	5
chr9	1205	1206	5
chr9	951	952	5
chr9	117	136	5
chr9	1053	1054	5
chr9	1227	1228	5
chr9	1015	1016	5
chr9	1299	1300	5
chr9	1183	1184	5
chr9	979	980	5
chr9	1273	1274	5
chr9	1129	1130	5
chr9	1017	1018	5
chr9	967	968	5
chr9	1261	1262	5
chr9	1277	1278	5
chr9	2069	2150	5
chr9	965	966	5
chr9	1297	1298	5
chr9	963	964	5
chr9	1291	1292	5
chr9	1057	1058	5
chr9	1023	1024	5
chr9	1173	1174	5
chr9	1191	1192	5
chr9	1307	1308	5
chr9	1221	1222	5
chr9	1063	1064	5
chr9	955	956	5
chr9	1235	1236	5
chr9	1119	1120	5
chr9	1137	1138	5
chr9	1041	1042	5
chr9	1193	1194	5
chr9	1087	1088	5
chr9	1177	1178	5
chr9	1840	1873	5
chr9	1135	1136	5
chr9	1207	1208	5
chr9	993	994	5
chr9	1189	1190	5
chr9	1027	1028	5
chr9	1123	1124	5
chr9	1257	1258	5
chr9	1065	1066	5
chr9	2513	2523	5
chr9	1047	1048	5
chr9	1009	1010	5
chr9	1361	1362	5
chr9	1245	1246	5
chr9	1139	1140	5
chr9	1107	1108	5
chr9	1031	1032	5
chr9	1061	1062	5
chr9	977	978	5
chr9	983	984	5
chr9	1211	1212	5
chr9	1898	1912	5
chr9	975	976	5
chr9	1231	1232	5
chr9	1209	1210	5
chr9	1187	1188	5
chr9	1037	1038	5
chr9	1071	1072	5
chr9	1197	1198	5
chr9	1181	1182	5
chr9	1237	1238	5
chr9	1103	1104	5
chr9	1185	1186	5
chr9	1019	1020	5
chr9	1145	1146	5
chr9	1305	1306	5
chr9	1143	1144	5
chr9	1219	1220	5
chr9	1225	1226	5
chr9	1213	1214	5
chr9	1131	1132	5
chr9	1283	1284	5
chr9	1287	1288	5
chr9	1075	1076	5
chr9	1093	1094	5
chr9	1085	1086	5
chr9	1043	1044	5
chr9	959	960	5
chr9	1073	1074	5
chr9	1055	1056	5
chr9	2553	2563	5
chr9	969	970	5
chr9	1167	1168	5
chr9	1005	1006	5
chr9	1121	1122	5
chr9	1021	1022	5
chr9	1101	1102	5
chr9	971	972	5
chr9	1113	1114	5
chr9	1125	1126	5
chr9	1195	1196	5
chr9	1109	1110	5
chr9	1725	1778	5
chr9	953	954	5
chr9	1077	1078	5
chr9	2649	2662	5
chr9	1303	1304	5
chr9	1233	1234	5
chr9	1267	1268	5
chr9	1001	1002	5
chr9	1115	1116	5
chr9	987	988	5
chr9	961	962	5
chr9	991	992	5
chr9	1163	1164	5
chr9	2605	2618	5
chr9	1596	1617	5
chr9	2390	2467	5
chr9	1153	1154	5
chr9	1243	1244	5
chr9	985	986	5
chr9	1013	1014	5
chr9	2619	2637	5
chr9	1033	1034	5
chr9	1223	1224	5
chr9	2524	2543	5
chr9	1149	1150	5
chr9	1466	1516	5
chr9	1251	1252	5
chr9	1097	1098	5
chr9	1271	1272	5
chr9	2663	2664	5
chr9	1011	1012	5
chr9	1217	1218	5
chr9	1263	1264	5
chr9	1025	1026	5
chr9	1239	1240	5
chr9	957	958	5
chr9	1133	1134	5
chr9	973	974	5
chr9	1003	1004	5
chr9	1079	1080	5
chr9	1049	1050	5
chr9	997	998	5
chr9	1095	1096	5
chr9	1141	1142	5
chr9	1241	1242	5
chr9	1035	1036	5
chr9	995	996	5
chr9	1269	1270	5
chr9	1253	1254	5
chr9	1171	1172	5
chr9	1081	1082	5
chr9	1117	1118	5
chr9	2755	2784	5
chr9	1874	1897	5
chr9	1169	1170	5
chr9	981	982	5
chr9	1265	1266	5
chr9	1029	1030	5
chr9	1059	1060	5
chr9	1127	1128	5
chr9	1229	1230	5
chr9	694	712	5
chr9	989	990	5
chr9	1007	1008	5
chr9	1105	1106	5
chr9	1159	1160	5
chr9	1199	1200	5
chr9	2544	2552	5
chr9	1069	1070	5
chr9	1175	1176	5
chr9	1157	1158	5
chr9	999	1000	5
chr9	1083	1084	5
chr9	1099	1100	5
chr9	1045	1046	5
chr9	1249	1250	5
chr9	1091	1092	5
chr9	1349	1350	5
chr9	1051	1052	5
chr9	949	950	5
chr9	1179	1180	5
chr9	1293	1294	5
chr9	1259	1260	5
chr9	1247	1248	5
chr9	1039	1040	5
chr9	1289	1290	5
chr9	1275	1276	5
chr9	1067	1068	5
chr9	1281	1282	5
chr9	1255	1256	5
chr9	1203	1204	5
chr9	1201	1202	5
chr9	1279	1280	5
chr9	1990	2008	5
chr9	1285	1286	5
chr9	1155	1156	5
chr9	1295	1296	5
chr9	1161	1162	5
chrX	810	833	1
chrX	1062	1135	1
chrX	3083	3105	1
chrX	874	928	1
chrX	1061	1102	1
chrX	1061	1103	1
chrX	689	739	1
chrX	1050	1173	1
chrX	203	256	1
chrX	1234	3045	1
chrX	2999	3045	1
chrX	2301	2359	1
chrX	740	769	1
chrX	2999	3040	1
chrX	1136	1173	1
chrX	2	306	1
chrX	551	615	1
chrX	438	474	1
chrX	257	306	1
chrX	3041	3082	1
chrX	1234	2349	1
chrX	505	550	1
chrX	1104	1173	1
chrX	1052	1173	1
chrX	929	1061	1
chrX	438	473	1
chrX	834	873	1
chrX	2350	2392	1
chrX	809	828	1
chrX	1234	3105	1
chrX	810	828	1
chrX	616	687	1
chrX	474	504	1
chrX	2360	2392	1
chrX	771	809	1
chrX	1050	1051	1
chrX	1103	1173	1
chrX	616	647	1
chrX	2	256	1
chrX	741	770	1
chrX	2301	3045	1
chrX	648	687	1
chrX	770	808	1
chrX	2393	2465	2
chrX	1234	1994	2
chrX	2983	2998	2
chrX	2797	2982	2
chrX	1050	1060	2
chrX	1995	2300	2
chrX	2671	2723	2
chrX	2573	2588	2
chrX	2724	2796	2
chrX	829	873	2
chrX	2620	2670	2
chrX	688	740	2
chrX	224	256	2
chrX	203	223	2
chrX	2466	2572	2
chrX	833	873	2
chrX	810	832	2
chrX	2589	2619	2
chrX	689	740	2
chrX	404	437	2
chrX	741	769	3
chrX	3048	3076	3
chrX	770	809	3
chrX	2	77	3
chrX	257	281	3
chrX	3077	3105	3
chrX	282	306	3
chrX	404	474	3
chrX	175	202	3
chrX	78	174	3
chrX	3046	3047	3
chrX	616	688	3
chrX	988	1043	4
chrX	1044	1045	4
chrX	475	505	4
chrX	506	549	4
chrX	550	615	4
chrX	874	940	4
chrX	1048	1049	4
chrX	1046	1047	4
chrX	941	985	4
chrX	986	987	4
chrX	1186	1187	5
chrX	1216	1217	5
chrX	1230	1231	5
chrX	1208	1209	5
chrX	337	403	5
chrX	1188	1189	5
chrX	1214	1215	5
chrX	1232	1233	5
chrX	307	336	5
chrX	1196	1197	5
chrX	1192	1193	5
chrX	1222	1223	5
chrX	1218	1219	5
chrX	1178	1179	5
chrX	1182	1183	5
chrX	1200	1201	5
chrX	1184	1185	5
chrX	1212	1213	5
chrX	1202	1203	5
chrX	1226	1227	5
chrX	1180	1181	5
chrX	1220	1221	5
chrX	1206	1207	5
chrX	1190	1191	5
chrX	1198	1199	5
chrX	1228	1229	5
chrX	1174	1175	5
chrX	1194	1195	5
chrX	1224	1225	5
chrX	1204	1205	5
chrX	1210	1211	5
chrX	1176	1177	5
