chr1	4819	4979	1
chr1	4288	4315	1
chr1	481	499	1
chr1	4893	4904	1
chr1	4670	4705	1
chr1	601	679	1
chr1	651	679	1
chr1	4504	4512	1
chr1	1891	2004	1
chr1	11	25	1
chr1	3209	3222	1
chr1	4402	4420	1
chr1	922	935	1
chr1	1527	1552	1
chr1	726	769	1
chr1	1051	1063	1
chr1	2259	2265	1
chr1	4289	4315	1
chr1	554	561	1
chr1	1018	1038	1
chr1	625	650	1
chr1	2038	2185	1
chr1	3039	3228	1
chr1	545	561	1
chr1	2081	2191	1
chr1	2930	2949	1
chr1	122	168	1
chr1	17	37	1
chr1	1335	1366	1
chr1	938	1016	1
chr1	4077	4090	1
chr1	3024	3038	1
chr1	4124	4127	1
chr1	1569	1687	1
chr1	4726	4803	1
chr1	4594	4629	1
chr1	4211	4229	1
chr1	980	1017	1
chr1	759	791	1
chr1	2873	2876	1
chr1	310	354	1
chr1	3337	3350	1
chr1	4610	4636	1
chr1	267	317	1
chr1	1037	1051	1
chr1	866	937	1
chr1	80	168	1
chr1	4153	4200	1
chr1	3728	3848	1
chr1	3365	3396	1
chr1	4458	4503	1
chr1	1984	2076	1
chr1	739	766	1
chr1	3501	3596	1
chr1	1254	1280	1
chr1	3597	3609	1
chr1	3041	3103	1
chr1	2878	2895	1
chr1	1111	1183	1
chr1	3923	4011	1
chr1	2224	2258	1
chr1	3208	3223	1
chr1	1716	1839	1
chr1	2191	2212	1
chr1	629	642	1
chr1	1207	1253	1
chr1	247	254	1
chr1	4513	4735	1
chr1	4238	4264	1
chr1	3209	3318	1
chr1	2908	2917	1
chr1	2307	2345	1
chr1	1144	1184	1
chr1	2259	2306	1
chr1	4265	4457	1
chr1	3355	3362	1
chr1	2228	2258	1
chr1	4504	4904	1
chr1	1296	1334	1
chr1	4230	4265	1
chr1	4130	4145	1
chr1	601	872	1
chr1	4905	4934	1
chr1	2997	3006	1
chr1	1	4	1
chr1	2222	2405	1
chr1	787	791	1
chr1	3363	4035	1
chr1	1282	1568	1
chr1	1573	1582	1
chr1	4736	4870	1
chr1	3007	3021	1
chr1	4201	4243	1
chr1	2213	2221	1
chr1	1206	1258	1
chr1	3948	4011	1
chr1	80	125	1
chr1	1738	1802	1
chr1	2998	3103	1
chr1	2897	2961	1
chr1	126	135	1
chr1	194	221	1
chr1	3196	3208	1
chr1	4478	4503	1
chr1	2081	2190	1
chr1	2083	2167	1
chr1	4526	4575	1
chr1	708	725	1
chr1	4201	4229	1
chr1	3104	3120	1
chr1	643	657	1
chr1	432	448	1
chr1	787	810	1
chr1	9	12	1
chr1	1039	1110	1
chr1	811	819	1
chr1	3695	3726	1
chr1	546	553	1
chr1	3336	3354	1
chr1	277	431	1
chr1	2192	2211	1
chr1	680	829	1
chr1	2415	2418	1
chr1	4036	4043	1
chr1	1981	2076	1
chr1	3942	4119	1
chr1	1422	1526	1
chr1	680	709	1
chr1	211	221	1
chr1	601	628	1
chr1	2955	2960	1
chr1	259	265	1
chr1	831	937	1
chr1	1206	1552	1
chr1	4670	4725	1
chr1	3163	3201	1
chr1	361	430	1
chr1	4421	4475	1
chr1	4134	4200	1
chr1	820	829	1
chr1	3228	3256	1
chr1	2423	2427	1
chr1	4075	4090	1
chr1	4230	4237	1
chr1	1147	1183	1
chr1	4044	4119	1
chr1	4804	4818	1
chr1	831	903	1
chr1	80	121	1
chr1	346	384	1
chr1	1064	1075	1
chr1	2167	2212	1
chr1	500	511	1
chr1	26	37	1
chr1	3588	3596	1
chr1	222	246	1
chr1	15	77	1
chr1	2976	2989	1
chr1	2307	2344	1
chr1	4458	4486	1
chr1	3355	4039	1
chr1	1312	1526	1
chr1	1360	1378	1
chr1	483	499	1
chr1	1840	1915	1
chr1	1111	1146	1
chr1	318	384	1
chr1	3610	3694	1
chr1	4061	4076	1
chr1	4146	4194	1
chr1	355	384	1
chr1	866	979	1
chr1	3022	3126	1
chr1	4370	4475	1
chr1	3122	3162	1
chr1	830	865	1
chr1	505	598	1
chr1	1573	1687	1
chr1	4201	4265	1
chr1	4266	4457	1
chr1	2345	2405	1
chr1	2994	3103	1
chr1	38	76	1
chr1	1017	1036	1
chr1	3605	3727	1
chr1	1207	1251	1
chr1	4370	4403	1
chr1	3559	3587	1
chr1	2976	2997	1
chr1	1916	1984	1
chr1	3122	3227	1
chr1	4130	4315	1
chr1	80	193	1
chr1	830	840	1
chr1	346	360	1
chr1	3337	3354	1
chr1	3597	3604	1
chr1	1916	1983	1
chr1	2223	2414	1
chr1	13	16	1
chr1	432	449	1
chr1	2422	2429	1
chr1	3223	3318	1
chr1	4133	4200	1
chr1	222	243	1
chr1	641	657	1
chr1	1803	1810	1
chr1	2931	2949	1
chr1	4267	4287	1
chr1	1907	1911	1
chr1	580	591	1
chr1	1912	2076	1
chr1	2851	2860	1
chr1	792	810	1
chr1	904	1183	1
chr1	169	179	1
chr1	2005	2028	1
chr1	1205	1280	1
chr1	385	431	1
chr1	4757	4840	1
chr1	4841	4870	1
chr1	3224	3861	1
chr1	80	255	1
chr1	2372	2405	1
chr1	3257	3318	1
chr1	450	481	1
chr1	841	865	1
chr1	2168	2199	1
chr1	2981	2984	1
chr1	792	801	1
chr1	2422	2430	1
chr1	4935	4979	1
chr1	4012	4028	1
chr1	4420	4475	1
chr1	2991	2996	1
chr1	4040	4060	1
chr1	3127	3138	1
chr1	136	160	1
chr1	275	317	1
chr1	2897	2907	1
chr1	1281	1311	1
chr1	2981	2990	1
chr1	3229	3235	1
chr1	1985	2076	1
chr1	483	500	1
chr1	904	921	1
chr1	2927	2949	1
chr1	1716	1855	1
chr1	2926	2949	1
chr1	802	810	1
chr1	4012	4119	1
chr1	3364	3396	1
chr1	710	738	1
chr1	4940	4978	1
chr1	4636	4669	1
chr1	244	258	1
chr1	3121	3126	1
chr1	1900	1906	1
chr1	3397	3429	1
chr1	1379	1431	1
chr1	680	706	1
chr1	1185	1204	1
chr1	625	640	1
chr1	4637	4669	1
chr1	4513	4525	1
chr1	482	500	1
chr1	1811	1839	1
chr1	3139	3208	1
chr1	432	467	1
chr1	2213	2227	1
chr1	500	504	1
chr1	2971	3019	1
chr1	1252	1281	1
chr1	3935	3947	1
chr1	2416	2419	1
chr1	161	255	1
chr1	2213	2222	1
chr1	1573	1855	1
chr1	2346	2419	1
chr1	4726	4756	1
chr1	4043	4060	1
chr1	4130	4152	1
chr1	4404	4419	1
chr1	1259	1359	1
chr1	2976	2980	1
chr1	431	448	1
chr1	1281	1295	1
chr1	394	431	1
chr1	267	273	1
chr1	2266	2306	1
chr1	3202	3207	1
chr1	1752	1782	1
chr1	4244	4264	1
chr1	468	480	1
chr1	274	317	1
chr1	385	544	1
chr1	4871	4979	1
chr1	4905	4939	1
chr1	1018	1205	1
chr1	1367	1421	1
chr1	707	758	1
chr1	501	536	1
chr1	2878	2882	1
chr1	1076	1143	1
chr1	2927	2930	1
chr1	180	193	1
chr1	4576	4635	1
chr1	3430	3500	1
chr1	4130	4133	1
chr1	4487	4512	1
chr1	2212	2223	1
chr1	1945	1980	1
chr1	1688	1714	1
chr1	1036	1050	1
chr1	3397	3558	1
chr1	2200	2212	1
chr1	3127	3195	1
chr1	2307	2371	1
chr1	1715	1737	1
chr1	873	903	1
chr1	3020	3040	1
chr1	194	210	1
chr1	4706	4725	1
chr1	2863	2871	1
chr1	3862	3934	1
chr1	267	309	1
chr1	2186	2306	1
chr1	255	265	1
chr1	938	1035	1
chr1	3236	3335	1
chr1	537	545	1
chr1	4477	4609	1
chr1	4894	4979	1
chr1	1688	1751	1
chr1	1527	1687	1
chr1	1052	1110	1
chr1	385	393	1
chr1	4195	4210	1
chr1	4871	4892	1
chr1	4266	4288	1
chr1	4726	4870	1
chr1	680	707	1
chr1	2997	3023	1
chr1	2029	2037	1
chr1	4370	4401	1
chr1	512	579	1
chr1	4871	4893	1
chr1	2081	2166	1
chr1	3862	3941	1
chr1	4061	4074	1
chr1	1783	1944	1
chr1	3849	3862	1
chr1	501	591	1
chr1	1840	1899	1
chr1	4029	4042	1
chr1	3351	3364	1
chr1	1583	1687	1
chr1	4477	4593	1
chr1	2856	2860	1
chr1	981	1017	1
chr1	2985	2996	1
chr1	3863	3922	1
chr1	3319	3354	1
chr1	194	255	1
chr1	4630	4725	1
chr1	1432	1552	1
chr1	938	980	1
chr1	3355	3363	1
chr1	1891	1915	1
chr1	3727	3861	1
chr1	169	193	1
chr1	318	345	2
chr1	3319	3336	2
chr1	1688	1715	2
chr1	592	598	2
chr1	267	271	2
chr1	580	598	2
chr1	2422	2427	2
chr1	1856	1890	2
chr1	601	624	2
chr1	4091	4119	2
chr1	658	679	2
chr1	13	37	2
chr1	449	482	2
chr1	2415	2419	2
chr1	562	579	2
chr1	3104	3121	2
chr1	2856	2859	2
chr1	770	786	2
chr1	2879	2882	2
chr1	811	830	2
chr1	1184	1205	3
chr1	2955	2961	3
chr1	256	265	3
chr1	1553	1572	3
chr1	2406	2414	3
chr1	38	77	3
chr1	4316	4369	3
chr1	2971	2974	3
chr1	2897	2917	3
chr1	2890	2895	3
chr1	2851	2855	4
chr1	2868	2871	4
chr1	2964	2968	4
chr1	4122	4127	4
chr1	2863	2866	4
chr1	4982	4985	5
chr10	499	642	1
chr10	301	308	1
chr10	719	744	1
chr10	1769	1774	1
chr10	1991	2071	1
chr10	2091	2107	1
chr10	2550	2573	1
chr10	984	1053	1
chr10	2079	2090	1
chr10	1854	1876	1
chr10	984	990	1
chr10	2641	2711	1
chr10	2600	2640	1
chr10	1415	1438	1
chr10	578	619	1
chr10	265	291	1
chr10	371	426	1
chr10	338	346	1
chr10	1579	1592	1
chr10	909	927	1
chr10	2309	2318	1
chr10	852	866	1
chr10	1991	2055	1
chr10	24	62	1
chr10	1714	1769	1
chr10	63	109	1
chr10	621	636	1
chr10	268	300	1
chr10	932	935	1
chr10	469	497	1
chr10	237	245	1
chr10	509	578	1
chr10	1579	1641	1
chr10	2242	2284	1
chr10	1200	1251	1
chr10	152	188	1
chr10	509	553	1
chr10	427	508	1
chr10	745	777	1
chr10	1813	1830	1
chr10	1775	1791	1
chr10	1764	1962	1
chr10	579	618	1
chr10	1541	1592	1
chr10	1927	1982	1
chr10	1593	1885	1
chr10	1541	1578	1
chr10	1282	1392	1
chr10	1955	1990	1
chr10	244	264	1
chr10	1910	1954	1
chr10	1719	1763	1
chr10	1030	1034	1
chr10	620	647	1
chr10	1764	1884	1
chr10	991	1023	1
chr10	848	927	1
chr10	1145	1250	1
chr10	1593	1596	1
chr10	2681	2709	1
chr10	246	298	1
chr10	373	426	1
chr10	2078	2088	1
chr10	883	908	1
chr10	1910	1926	1
chr10	2108	2548	1
chr10	130	236	1
chr10	2319	2338	1
chr10	2031	2077	1
chr10	2124	2233	1
chr10	1393	1414	1
chr10	2339	2367	1
chr10	1907	1990	1
chr10	365	422	1
chr10	1786	1812	1
chr10	23	97	1
chr10	637	655	1
chr10	985	990	1
chr10	1642	1718	1
chr10	1501	1541	1
chr10	1999	2004	1
chr10	708	718	1
chr10	2073	2077	1
chr10	911	949	1
chr10	232	264	1
chr10	2435	2549	1
chr10	1054	1088	1
chr10	310	363	1
chr10	1393	1510	1
chr10	656	717	1
chr10	188	230	1
chr10	967	975	1
chr10	1727	1763	1
chr10	2367	2406	1
chr10	1521	1578	1
chr10	867	882	1
chr10	2308	2367	1
chr10	1089	1199	1
chr10	299	337	1
chr10	1991	1998	1
chr10	976	980	1
chr10	1861	1874	1
chr10	1983	1990	1
chr10	2368	2434	1
chr10	594	619	1
chr10	2005	2077	1
chr10	648	775	1
chr10	2285	2307	1
chr10	130	242	1
chr10	1875	1901	1
chr10	498	508	1
chr10	246	267	1
chr10	1016	1024	1
chr10	2600	2711	1
chr10	648	717	1
chr10	1035	1054	1
chr10	1622	1713	1
chr10	309	353	1
chr10	988	991	1
chr10	1907	1927	1
chr10	1886	1909	1
chr10	299	309	1
chr10	2367	2548	1
chr10	643	672	1
chr10	779	782	1
chr10	648	707	1
chr10	2124	2241	1
chr10	2103	2109	1
chr10	2285	2308	1
chr10	988	998	1
chr10	2110	2122	1
chr10	188	231	1
chr10	427	446	1
chr10	2368	2573	1
chr10	776	784	1
chr10	959	962	1
chr10	1622	1641	1
chr10	499	618	1
chr10	2675	2708	1
chr10	2056	2071	1
chr10	301	363	1
chr10	938	949	1
chr10	189	363	1
chr10	1521	1541	1
chr10	447	468	1
chr10	911	925	1
chr10	273	298	1
chr10	1082	1198	1
chr10	1393	1415	1
chr10	2435	2548	1
chr10	1579	1621	1
chr10	365	371	1
chr10	778	781	1
chr10	1831	1853	1
chr10	423	468	1
chr10	554	577	1
chr10	1642	1763	1
chr10	673	784	1
chr10	1622	1718	1
chr10	1928	1990	1
chr10	991	1015	1
chr10	2123	2233	1
chr10	130	151	1
chr10	967	981	1
chr10	2124	2284	1
chr10	1770	1785	1
chr10	999	1023	1
chr10	1877	1884	1
chr10	930	934	1
chr10	1082	1144	1
chr10	939	944	1
chr10	1439	1510	1
chr10	2104	2123	1
chr10	1055	1250	1
chr10	2089	2102	1
chr10	1831	1860	1
chr10	1792	1830	1
chr10	1483	1500	1
chr10	347	372	1
chr10	2600	2674	1
chr10	354	371	1
chr10	65	97	1
chr10	1885	1906	1
chr10	265	272	1
chr10	2056	2072	1
chr10	2407	2434	1
chr10	1416	1482	1
chr10	958	982	1
chr10	1963	1990	1
chr10	231	245	1
chr10	1030	1033	1
chr10	848	882	1
chr10	499	593	1
chr10	1579	1596	1
chr10	2079	2103	1
chr10	992	1023	1
chr10	2681	2711	1
chr10	365	370	1
chr10	1721	1726	1
chr10	1885	1909	1
chr10	1039	1198	1
chr10	292	300	1
chr10	23	64	1
chr10	1764	1768	1
chr10	883	925	1
chr10	1252	1281	1
chr10	2031	2055	1
chr10	1902	1906	1
chr10	2072	2078	2
chr10	930	935	2
chr10	372	426	2
chr10	946	949	2
chr10	2091	2123	2
chr10	1542	1578	2
chr10	883	910	2
chr10	1597	1621	2
chr10	718	744	2
chr10	98	109	2
chr10	852	882	2
chr10	2309	2366	2
chr10	23	109	2
chr10	1991	2030	2
chr10	619	647	2
chr10	1282	1414	2
chr10	130	187	2
chr10	745	775	2
chr10	2576	2594	2
chr10	1282	1312	2
chr10	2595	2680	2
chr10	1447	1510	2
chr10	938	944	2
chr10	2279	2308	2
chr10	1054	1081	2
chr10	2234	2278	2
chr10	1415	1446	2
chr10	1035	1053	2
chr10	1521	1540	2
chr10	1024	1028	2
chr10	2078	2090	2
chr10	1199	1250	2
chr10	427	468	2
chr10	1313	1392	2
chr10	967	980	2
chr10	2576	2599	3
chr10	469	498	3
chr10	2549	2573	3
chr10	1251	1281	4
chr10	1511	1520	4
chr10	2	22	5
chr10	110	129	5
chr10	951	956	5
chr11	660	709	1
chr11	1368	1377	1
chr11	1911	1923	1
chr11	1707	1721	1
chr11	589	659	1
chr11	1374	1377	1
chr11	1501	1529	1
chr11	2663	2699	1
chr11	70	83	1
chr11	629	736	1
chr11	2171	2197	1
chr11	2524	2561	1
chr11	1463	1468	1
chr11	70	134	1
chr11	1432	1451	1
chr11	1712	1721	1
chr11	1791	1796	1
chr11	1254	1283	1
chr11	307	336	1
chr11	1431	1720	1
chr11	190	196	1
chr11	1272	1282	1
chr11	173	216	1
chr11	1406	1431	1
chr11	2343	2365	1
chr11	1095	1141	1
chr11	1644	1707	1
chr11	710	731	1
chr11	1187	1224	1
chr11	458	490	1
chr11	958	1016	1
chr11	2149	2157	1
chr11	242	246	1
chr11	2207	2274	1
chr11	1980	2026	1
chr11	2523	2560	1
chr11	1322	1346	1
chr11	1929	1979	1
chr11	33	69	1
chr11	1193	1243	1
chr11	217	236	1
chr11	1142	1186	1
chr11	173	189	1
chr11	2388	2522	1
chr11	2072	2119	1
chr11	60	69	1
chr11	1461	1479	1
chr11	2083	2119	1
chr11	1530	1643	1
chr11	629	726	1
chr11	129	135	1
chr11	2198	2274	1
chr11	894	944	1
chr11	247	259	1
chr11	1094	1224	1
chr11	382	408	1
chr11	175	236	1
chr11	1530	1706	1
chr11	1406	1430	1
chr11	237	246	1
chr11	1797	1926	1
chr11	608	658	1
chr11	70	118	1
chr11	1480	1500	1
chr11	447	457	1
chr11	1707	1733	1
chr11	1734	1871	1
chr11	165	236	1
chr11	554	588	1
chr11	1567	1706	1
chr11	2060	2119	1
chr11	70	128	1
chr11	1187	1192	1
chr11	1225	1243	1
chr11	84	172	1
chr11	2071	2082	1
chr11	2370	2379	1
chr11	1244	1297	1
chr11	2207	2239	1
chr11	589	607	1
chr11	1142	1253	1
chr11	1734	1926	1
chr11	1097	1141	1
chr11	1225	1253	1
chr11	1734	1894	1
chr11	958	964	1
chr11	1283	1291	1
chr11	1798	1869	1
chr11	247	381	1
chr11	1406	1451	1
chr11	70	124	1
chr11	2617	2662	1
chr11	1452	1720	1
chr11	237	247	1
chr11	193	216	1
chr11	552	588	1
chr11	2562	2699	1
chr11	1254	1297	1
chr11	2334	2342	1
chr11	1284	1291	1
chr11	343	408	1
chr11	1872	1885	1
chr11	1310	1321	1
chr11	33	44	1
chr11	2027	2059	1
chr11	1254	1271	1
chr11	1870	1923	1
chr11	1734	1790	1
chr11	409	446	1
chr11	2333	2344	1
chr11	173	183	1
chr11	1886	1924	1
chr11	217	306	1
chr11	2149	2170	1
chr11	2561	2699	1
chr11	732	893	1
chr11	2345	2365	1
chr11	732	736	1
chr11	260	381	1
chr11	292	342	1
chr11	409	457	1
chr11	958	963	1
chr11	2491	2523	1
chr11	491	551	1
chr11	1463	1492	1
chr11	1452	1460	1
chr11	119	164	1
chr11	1321	1346	1
chr11	2060	2071	1
chr11	1895	1910	1
chr11	1530	1566	1
chr11	1142	1243	1
chr11	1469	1505	1
chr11	589	658	1
chr11	1734	1797	1
chr11	1309	1316	1
chr11	1365	1373	1
chr11	2380	2429	1
chr11	1708	1711	1
chr11	217	291	1
chr11	458	526	1
chr11	1254	1291	1
chr11	248	381	1
chr11	1506	1529	1
chr11	1167	1186	1
chr11	1317	1346	1
chr11	1300	1308	1
chr11	237	241	1
chr11	2388	2490	1
chr11	1310	1320	1
chr11	1347	1405	1
chr11	135	174	1
chr11	337	408	1
chr11	34	59	1
chr11	184	192	1
chr11	1142	1166	1
chr11	197	216	1
chr11	1024	1032	1
chr11	409	588	1
chr11	965	1016	1
chr11	1493	1506	1
chr11	527	553	1
chr11	1507	1529	1
chr11	727	731	1
chr11	2060	2070	1
chr11	125	135	1
chr11	1298	1340	2
chr11	959	963	2
chr11	2158	2206	2
chr11	659	736	2
chr11	2120	2148	2
chr11	1096	1141	2
chr11	2617	2661	2
chr11	1721	1733	2
chr11	1378	1390	2
chr11	1929	2025	2
chr11	2172	2239	2
chr11	1449	1462	2
chr11	414	588	2
chr11	1391	1405	2
chr11	2662	2699	2
chr11	2386	2429	2
chr11	589	628	2
chr11	2158	2171	2
chr11	1244	1253	2
chr11	1341	1364	2
chr11	1300	1309	2
chr11	382	413	2
chr11	4	16	2
chr11	2370	2385	2
chr11	1022	1032	2
chr11	2366	2377	2
chr11	1929	2119	2
chr11	17	32	2
chr11	2378	2387	2
chr11	945	958	2
chr11	1347	1430	2
chr11	1722	1733	2
chr11	1431	1448	2
chr11	2026	2059	2
chr11	136	172	2
chr11	1022	1031	2
chr11	34	44	2
chr11	2240	2274	3
chr11	2120	2157	3
chr11	45	69	3
chr11	2602	2616	3
chr11	2450	2574	3
chr11	17	33	3
chr11	3	16	3
chr11	2575	2601	3
chr11	1292	1299	3
chr11	2430	2449	3
chr11	2333	2369	3
chr11	945	957	3
chr11	964	1016	3
chr11	868	944	4
chr11	737	867	4
chr11	2275	2332	5
chr12	1597	1614	1
chr12	1770	1827	1
chr12	630	696	1
chr12	1285	1293	1
chr12	367	417	1
chr12	1069	1079	1
chr12	1294	1304	1
chr12	1019	1077	1
chr12	1069	1082	1
chr12	147	176	1
chr12	1982	2036	1
chr12	11	34	1
chr12	1396	1401	1
chr12	1332	1375	1
chr12	2208	2218	1
chr12	460	557	1
chr12	2136	2259	1
chr12	2403	2510	1
chr12	129	141	1
chr12	1444	1518	1
chr12	2222	2352	1
chr12	585	628	1
chr12	314	322	1
chr12	1656	1835	1
chr12	2228	2236	1
chr12	189	195	1
chr12	1025	1050	1
chr12	2111	2178	1
chr12	1159	1313	1
chr12	2180	2236	1
chr12	1373	1384	1
chr12	2626	2655	1
chr12	98	123	1
chr12	2162	2179	1
chr12	141	159	1
chr12	59	68	1
chr12	1376	1381	1
chr12	2151	2161	1
chr12	324	366	1
chr12	2511	2652	1
chr12	129	133	1
chr12	1770	1798	1
chr12	2513	2625	1
chr12	1160	1303	1
chr12	98	139	1
chr12	2258	2434	1
chr12	433	459	1
chr12	36	58	1
chr12	1142	1159	1
chr12	457	507	1
chr12	2111	2135	1
chr12	2084	2095	1
chr12	269	313	1
chr12	1718	1862	1
chr12	1373	1402	1
chr12	1812	1836	1
chr12	1167	1264	1
chr12	1863	1877	1
chr12	1444	1655	1
chr12	1891	1920	1
chr12	795	910	1
chr12	625	698	1
chr12	1024	1068	1
chr12	758	875	1
chr12	1080	1122	1
chr12	1541	1862	1
chr12	2208	2221	1
chr12	1123	1141	1
chr12	2186	2227	1
chr12	438	456	1
chr12	1159	1252	1
chr12	1799	1811	1
chr12	322	432	1
chr12	2416	2438	1
chr12	235	259	1
chr12	1304	1313	1
chr12	1253	1284	1
chr12	1304	1372	1
chr12	621	629	1
chr12	2370	2377	1
chr12	2133	2163	1
chr12	1000	1018	1
chr12	366	418	1
chr12	89	123	1
chr12	1879	2002	1
chr12	1541	1635	1
chr12	124	139	1
chr12	1010	1024	1
chr12	1637	1716	1
chr12	2260	2328	1
chr12	142	195	1
chr12	1837	1890	1
chr12	659	696	1
chr12	1285	1303	1
chr12	2096	2110	1
chr12	1344	1372	1
chr12	2198	2207	1
chr12	2259	2353	1
chr12	2117	2135	1
chr12	2670	2677	1
chr12	1706	1769	1
chr12	508	549	1
chr12	2084	2116	1
chr12	963	1000	1
chr12	963	1122	1
chr12	930	962	1
chr12	140	176	1
chr12	458	507	1
chr12	1083	1148	1
chr12	419	456	1
chr12	269	365	1
chr12	1921	1933	1
chr12	235	268	1
chr12	3	24	1
chr12	1144	1303	1
chr12	134	141	1
chr12	508	584	1
chr12	1939	2084	1
chr12	1331	1353	1
chr12	2219	2258	1
chr12	269	437	1
chr12	2354	2369	1
chr12	64	68	1
chr12	1828	1835	1
chr12	911	985	1
chr12	911	993	1
chr12	2353	2402	1
chr12	1519	1705	1
chr12	986	993	1
chr12	25	97	1
chr12	1304	1343	1
chr12	142	188	1
chr12	2657	2665	1
chr12	2117	2132	1
chr12	1069	1092	1
chr12	260	313	1
chr12	1878	1981	1
chr12	550	584	1
chr12	1305	1395	1
chr12	2446	2460	1
chr12	140	146	1
chr12	1019	1048	1
chr12	2085	2110	1
chr12	1354	1381	1
chr12	2435	2445	1
chr12	918	930	1
chr12	1123	1143	1
chr12	2258	2415	1
chr12	2484	2655	1
chr12	585	620	1
chr12	1403	1518	1
chr12	1314	1331	1
chr12	160	234	1
chr12	911	929	1
chr12	2003	2036	1
chr12	630	698	1
chr12	418	456	1
chr12	2068	2116	1
chr12	2164	2179	1
chr12	1001	1023	1
chr12	1892	2067	1
chr12	827	911	1
chr12	1051	1068	1
chr12	758	826	1
chr12	2179	2207	1
chr12	820	910	1
chr12	1385	1402	1
chr12	1402	1518	1
chr12	585	624	1
chr12	876	910	1
chr12	2461	2483	1
chr12	1265	1284	1
chr12	1502	1596	1
chr12	1010	1018	1
chr12	1403	1436	1
chr12	36	63	1
chr12	2133	2150	1
chr12	1049	1068	1
chr12	1437	1501	1
chr12	2136	2197	1
chr12	2	10	1
chr12	1879	2036	1
chr12	1934	1938	1
chr12	2329	2343	1
chr12	2344	2377	1
chr12	629	697	1
chr12	2484	2512	1
chr12	1717	1769	1
chr12	366	457	1
chr12	1159	1166	1
chr12	630	658	1
chr12	11	88	1
chr12	57	68	1
chr12	1615	1636	1
chr12	323	365	1
chr12	2456	2483	1
chr12	314	323	1
chr12	2180	2185	1
chr12	931	999	1
chr12	35	56	1
chr12	758	819	1
chr12	235	321	1
chr12	2439	2455	1
chr12	1314	1330	1
chr12	69	97	1
chr12	795	927	1
chr12	1093	1097	1
chr12	1636	1717	1
chr12	2666	2671	1
chr12	1863	1891	1
chr12	928	962	1
chr12	912	917	1
chr12	124	140	1
chr12	2066	2132	1
chr12	1078	1097	1
chr12	2237	2257	2
chr12	2652	2655	2
chr12	2484	2496	2
chr12	457	506	2
chr12	1098	1122	2
chr12	196	234	2
chr12	507	525	2
chr12	177	268	2
chr12	2443	2483	2
chr12	1123	1148	2
chr12	1519	1540	2
chr12	585	629	2
chr12	994	1009	2
chr12	1863	1878	2
chr12	526	557	2
chr12	2497	2508	2
chr12	2509	2651	2
chr12	11	35	2
chr12	1836	1862	2
chr12	2066	2083	2
chr12	69	123	2
chr12	2378	2402	2
chr12	2403	2442	2
chr12	124	128	2
chr12	758	794	2
chr12	1382	1443	2
chr12	2037	2065	3
chr12	3	10	3
chr12	1149	1158	3
chr12	558	584	3
chr12	2674	2677	4
chr12	2657	2669	4
chr13	765	804	1
chr13	2006	2027	1
chr13	2086	2156	1
chr13	828	838	1
chr13	1077	1162	1
chr13	442	478	1
chr13	1902	1953	1
chr13	2241	2247	1
chr13	569	588	1
chr13	890	901	1
chr13	1567	1598	1
chr13	1768	1809	1
chr13	792	805	1
chr13	1487	1518	1
chr13	920	940	1
chr13	636	649	1
chr13	1425	1466	1
chr13	1599	1620	1
chr13	913	972	1
chr13	444	478	1
chr13	1604	1709	1
chr13	1907	1953	1
chr13	1066	1199	1
chr13	1739	1922	1
chr13	874	889	1
chr13	650	663	1
chr13	436	443	1
chr13	1739	1767	1
chr13	941	987	1
chr13	498	568	1
chr13	1809	1834	1
chr13	2251	2271	1
chr13	572	588	1
chr13	1923	1933	1
chr13	1163	1250	1
chr13	1835	1855	1
chr13	858	873	1
chr13	498	522	1
chr13	1988	2006	1
chr13	1035	1161	1
chr13	1252	1360	1
chr13	687	731	1
chr13	1519	1552	1
chr13	2007	2011	1
chr13	1553	1592	1
chr13	1634	1730	1
chr13	607	635	1
chr13	2223	2248	1
chr13	920	946	1
chr13	752	790	1
chr13	1221	1251	1
chr13	1066	1163	1
chr13	1326	1365	1
chr13	2273	2285	1
chr13	1487	1736	1
chr13	1005	1033	1
chr13	687	752	1
chr13	2223	2242	1
chr13	947	973	1
chr13	1301	1325	1
chr13	412	437	1
chr13	1903	1953	1
chr13	498	523	1
chr13	1530	1551	1
chr13	2217	2240	1
chr13	1810	1834	1
chr13	1200	1253	1
chr13	1633	1709	1
chr13	1659	1709	1
chr13	1739	1808	1
chr13	1593	1632	1
chr13	2025	2036	1
chr13	1487	1633	1
chr13	732	751	1
chr13	1710	1736	1
chr13	791	804	1
chr13	974	987	1
chr13	602	635	1
chr13	1366	1466	1
chr13	2087	2156	1
chr13	664	687	1
chr13	1552	1603	1
chr13	2178	2191	1
chr13	1251	1356	1
chr13	806	827	1
chr13	1856	1906	1
chr13	1252	1368	1
chr13	2251	2265	1
chr13	1835	1856	1
chr13	524	550	1
chr13	1934	2024	1
chr13	1062	1076	1
chr13	551	572	1
chr13	858	901	1
chr13	902	1004	1
chr13	828	832	1
chr13	791	827	1
chr13	1301	1365	1
chr13	2028	2085	1
chr13	2025	2087	1
chr13	839	857	1
chr13	1164	1251	1
chr13	1857	1906	1
chr13	2272	2285	1
chr13	589	601	1
chr13	1369	1466	1
chr13	753	791	1
chr13	1361	1466	1
chr13	1552	1566	1
chr13	1162	1198	1
chr13	1366	1467	1
chr13	1988	2086	1
chr13	2178	2216	1
chr13	1034	1061	1
chr13	765	791	1
chr13	902	912	1
chr13	1731	1736	1
chr13	2012	2024	1
chr13	1221	1253	1
chr13	792	832	1
chr13	2158	2172	1
chr13	2264	2272	1
chr13	2173	2191	1
chr13	523	571	1
chr13	1971	2088	1
chr13	688	752	1
chr13	2243	2247	1
chr13	1739	1902	1
chr13	1357	1424	1
chr13	1621	1658	1
chr13	1739	1901	1
chr13	973	1004	1
chr13	438	441	1
chr13	765	790	1
chr13	2266	2285	1
chr13	589	614	1
chr13	1988	2005	1
chr13	1523	1529	1
chr13	2037	2088	1
chr13	2088	2157	1
chr13	890	1004	1
chr13	2251	2263	1
chr13	1907	1970	1
chr13	436	478	1
chr13	1066	1198	1
chr13	1523	1551	1
chr13	573	606	1
chr13	2217	2239	2
chr13	1487	1522	2
chr13	988	1004	2
chr13	912	919	2
chr13	2178	2222	2
chr13	833	857	2
chr13	412	435	2
chr13	828	857	2
chr13	2240	2247	2
chr13	416	478	2
chr13	636	686	2
chr13	1730	1736	2
chr13	520	534	2
chr13	805	827	2
chr13	551	614	2
chr13	2089	2156	2
chr13	2284	2287	2
chr13	381	403	2
chr13	2192	2216	2
chr13	404	415	2
chr13	636	752	2
chr13	2251	2283	2
chr13	1468	1486	2
chr13	1199	1220	2
chr13	890	911	2
chr13	535	550	2
chr13	1254	1300	2
chr13	498	519	2
chr13	1710	1729	2
chr13	1035	1065	3
chr13	381	404	3
chr13	405	411	3
chr13	1467	1486	3
chr13	1971	1987	3
chr13	1954	1970	3
chr13	615	635	3
chr13	858	889	3
chr13	753	764	3
chr13	1005	1034	4
chr13	2157	2177	4
chr13	2289	2293	5
chr13	2295	2303	5
chr13	479	497	5
chr14	1309	1336	1
chr14	1029	1109	1
chr14	1253	1277	1
chr14	1883	1940	1
chr14	1531	1543	1
chr14	1932	1935	1
chr14	1631	1641	1
chr14	1809	1815	1
chr14	1278	1309	1
chr14	1111	1140	1
chr14	1310	1357	1
chr14	2008	2017	1
chr14	1488	1506	1
chr14	1544	1586	1
chr14	1642	1768	1
chr14	1237	1429	1
chr14	1492	1499	1
chr14	2103	2120	1
chr14	473	499	1
chr14	1816	1827	1
chr14	1140	1174	1
chr14	1500	1512	1
chr14	2081	2090	1
chr14	791	798	1
chr14	2091	2120	1
chr14	1046	1053	1
chr14	514	584	1
chr14	1769	1882	1
chr14	1480	1491	1
chr14	585	622	1
chr14	1588	1633	1
chr14	1883	1941	1
chr14	1588	1630	1
chr14	1500	1511	1
chr14	1810	1882	1
chr14	1634	1647	1
chr14	482	513	1
chr14	1507	1521	1
chr14	1311	1336	1
chr14	472	488	1
chr14	1500	1506	1
chr14	1106	1123	1
chr14	1124	1190	1
chr14	1936	2015	1
chr14	1099	1110	1
chr14	1646	1768	1
chr14	2112	2120	1
chr14	1209	1236	1
chr14	1523	1585	1
chr14	1635	1645	1
chr14	2121	2129	1
chr14	1297	1309	1
chr14	1110	1173	1
chr14	1200	1296	1
chr14	1029	1034	1
chr14	2044	2057	1
chr14	1893	1940	1
chr14	1828	1868	1
chr14	2010	2056	1
chr14	461	472	1
chr14	1174	1208	1
chr14	1191	1199	1
chr14	1473	1487	1
chr14	1175	1191	1
chr14	1430	1447	1
chr14	1358	1366	1
chr14	1769	1808	1
chr14	1473	1506	1
chr14	1035	1045	1
chr14	1200	1235	1
chr14	2018	2043	1
chr14	490	499	1
chr14	1333	1357	1
chr14	2016	2044	1
chr14	1141	1205	1
chr14	1869	1931	1
chr14	1140	1158	1
chr14	1547	1564	1
chr14	1815	1827	1
chr14	2072	2076	1
chr14	381	384	1
chr14	2081	2120	1
chr14	2077	2111	1
chr14	1066	1098	1
chr14	1512	1523	1
chr14	452	481	1
chr14	909	1002	1
chr14	1507	1523	1
chr14	1883	1947	1
chr14	1645	1768	1
chr14	1587	1634	1
chr14	1278	1308	1
chr14	1310	1332	1
chr14	442	460	1
chr14	1358	1429	1
chr14	1459	1479	1
chr14	1200	1252	1
chr14	1828	1892	1
chr14	1769	1781	1
chr14	618	790	1
chr14	1829	1882	1
chr14	2072	2102	1
chr14	1566	1644	1
chr14	381	433	1
chr14	1448	1459	1
chr14	2130	2146	1
chr14	1002	1105	1
chr14	1544	1564	1
chr14	1948	1998	1
chr14	1635	1647	1
chr14	2057	2070	1
chr14	1206	1236	1
chr14	472	481	1
chr14	1054	1065	1
chr14	1547	1565	1
chr14	1815	1828	1
chr14	2000	2009	1
chr14	1237	1310	1
chr14	500	600	1
chr14	1507	1522	1
chr14	601	617	1
chr14	1522	1530	1
chr14	1588	1634	1
chr14	1159	1191	1
chr14	482	489	1
chr14	442	488	1
chr14	1941	2007	1
chr14	1941	1998	1
chr14	2104	2120	1
chr14	442	451	1
chr14	1513	1543	1
chr14	1942	1999	1
chr14	1236	1277	1
chr14	1782	1809	1
chr14	2081	2103	1
chr14	1430	1458	1
chr14	2018	2027	2
chr14	2000	2008	2
chr14	916	1001	2
chr14	489	499	2
chr14	388	451	2
chr14	1473	1499	2
chr14	2009	2017	2
chr14	416	433	2
chr14	1123	1139	2
chr14	381	387	2
chr14	1098	1122	2
chr14	623	1097	2
chr14	2058	2071	2
chr14	452	471	2
chr14	1003	1028	2
chr14	1192	1199	2
chr14	623	637	2
chr14	1524	1530	2
chr14	909	915	2
chr14	2028	2044	2
chr14	1769	1814	2
chr14	2058	2070	2
chr14	701	798	2
chr14	638	661	2
chr14	662	700	2
chr14	1648	1768	2
chr14	1337	1366	2
chr14	1531	1546	2
chr14	387	415	2
chr14	1565	1587	2
chr14	584	622	3
chr14	434	441	3
chr14	2045	2057	3
chr14	799	908	3
chr14	1367	1387	3
chr14	2071	2080	3
chr14	500	583	3
chr14	1388	1459	3
chr14	1460	1472	4
chr14	2121	2146	4
chr15	1573	1591	1
chr15	438	442	1
chr15	472	567	1
chr15	1396	1424	1
chr15	463	466	1
chr15	1216	1243	1
chr15	569	578	1
chr15	1450	1461	1
chr15	765	779	1
chr15	1111	1135	1
chr15	1268	1289	1
chr15	2045	2051	1
chr15	1153	1170	1
chr15	1363	1370	1
chr15	1789	1798	1
chr15	1981	2050	1
chr15	1345	1370	1
chr15	1627	1654	1
chr15	1388	1449	1
chr15	1451	1512	1
chr15	1136	1153	1
chr15	417	422	1
chr15	1420	1450	1
chr15	860	870	1
chr15	544	568	1
chr15	1898	1980	1
chr15	1781	1797	1
chr15	1052	1109	1
chr15	1784	1816	1
chr15	717	765	1
chr15	1899	1980	1
chr15	1254	1362	1
chr15	1591	1614	1
chr15	2038	2049	1
chr15	474	543	1
chr15	1627	1652	1
chr15	630	636	1
chr15	1559	1564	1
chr15	898	1024	1
chr15	1810	1817	1
chr15	1912	1938	1
chr15	834	845	1
chr15	1831	1866	1
chr15	780	815	1
chr15	1728	1780	1
chr15	1198	1253	1
chr15	1701	1715	1
chr15	766	780	1
chr15	816	834	1
chr15	1486	1506	1
chr15	1867	1872	1
chr15	659	669	1
chr15	1565	1590	1
chr15	637	649	1
chr15	569	658	1
chr15	1200	1243	1
chr15	1014	1061	1
chr15	1252	1268	1
chr15	1290	1336	1
chr15	1615	1652	1
chr15	835	845	1
chr15	1244	1267	1
chr15	775	806	1
chr15	1451	1483	1
chr15	2037	2050	1
chr15	1154	1199	1
chr15	766	774	1
chr15	1158	1251	1
chr15	401	413	1
chr15	699	749	1
chr15	1171	1185	1
chr15	916	1061	1
chr15	850	860	1
chr15	620	629	1
chr15	443	452	1
chr15	1818	1830	1
chr15	1564	1572	1
chr15	1894	1980	1
chr15	2038	2048	1
chr15	1592	1626	1
chr15	1716	1728	1
chr15	871	882	1
chr15	2024	2037	1
chr15	1565	1591	1
chr15	1462	1485	1
chr15	1831	1897	1
chr15	846	860	1
chr15	1494	1563	1
chr15	1559	1590	1
chr15	1051	1170	1
chr15	1716	1727	1
chr15	1484	1493	1
chr15	706	716	1
chr15	1545	1564	1
chr15	824	841	1
chr15	401	428	1
chr15	898	973	1
chr15	1798	1804	1
chr15	1805	1816	1
chr15	1043	1051	1
chr15	1799	1802	1
chr15	1025	1042	1
chr15	2032	2036	1
chr15	688	830	1
chr15	974	1050	1
chr15	898	915	1
chr15	1371	1385	1
chr15	1982	1996	1
chr15	1803	1816	1
chr15	831	845	1
chr15	1290	1309	1
chr15	842	849	1
chr15	1545	1559	1
chr15	1997	2006	1
chr15	423	428	1
chr15	1717	1728	1
chr15	1796	1809	1
chr15	1665	1701	1
chr15	825	833	1
chr15	688	698	1
chr15	1781	1795	1
chr15	808	973	1
chr15	1111	1152	1
chr15	1664	1697	1
chr15	1592	1716	1
chr15	1939	1957	1
chr15	1218	1343	1
chr15	1386	1395	1
chr15	1171	1215	1
chr15	1200	1217	1
chr15	974	1013	1
chr15	1658	1662	1
chr15	2007	2023	1
chr15	1958	1981	1
chr15	1310	1343	1
chr15	860	882	1
chr15	1158	1199	1
chr15	802	823	1
chr15	458	461	1
chr15	920	1061	1
chr15	579	619	1
chr15	1831	1898	1
chr15	706	765	1
chr15	1818	1893	1
chr15	898	919	1
chr15	650	658	1
chr15	781	801	1
chr15	1244	1343	1
chr15	1805	1817	1
chr15	1831	2031	1
chr15	1372	1395	1
chr15	1873	1911	1
chr15	670	687	1
chr15	1387	1419	1
chr15	1186	1197	1
chr15	750	764	1
chr15	1526	1544	1
chr15	1425	1450	1
chr15	1560	1590	1
chr15	1371	1377	1
chr15	1627	1653	1
chr15	1387	1449	1
chr15	1269	1289	1
chr15	1337	1344	1
chr15	568	658	1
chr15	1378	1387	1
chr15	807	824	1
chr15	659	779	1
chr15	2038	2044	1
chr15	1789	1804	1
chr15	1344	1371	1
chr15	1062	1109	1
chr15	1396	1449	1
chr15	780	807	1
chr15	1513	1525	1
chr15	861	897	2
chr15	576	658	2
chr15	688	705	2
chr15	846	859	2
chr15	1110	1135	2
chr15	1344	1363	2
chr15	1136	1157	2
chr15	883	897	2
chr15	1481	1493	2
chr15	1494	1506	2
chr15	1616	1626	2
chr15	1062	1110	2
chr15	1591	1615	2
chr15	1364	1370	2
chr15	1463	1480	2
chr15	1371	1386	2
chr15	458	471	2
chr15	447	452	2
chr15	1716	1788	2
chr15	457	471	2
chr15	1450	1462	2
chr15	1664	1701	2
chr15	1981	2031	2
chr15	1729	1780	2
chr15	1545	1558	2
chr15	569	573	2
chr15	2032	2037	2
chr15	446	453	2
chr15	1817	1830	3
chr15	1702	1715	3
chr15	1507	1544	3
chr15	659	687	3
chr15	453	457	3
chr15	405	428	3
chr15	401	404	3
chr15	472	568	3
chr15	438	444	4
chr16	416	429	1
chr16	941	1328	1
chr16	1697	1759	1
chr16	941	989	1
chr16	1732	1749	1
chr16	1177	1338	1
chr16	583	613	1
chr16	1351	1387	1
chr16	392	490	1
chr16	665	681	1
chr16	928	932	1
chr16	28	40	1
chr16	1749	1792	1
chr16	1071	1110	1
chr16	1367	1387	1
chr16	1562	1619	1
chr16	620	654	1
chr16	65	71	1
chr16	186	221	1
chr16	576	589	1
chr16	65	103	1
chr16	1648	1679	1
chr16	1620	1690	1
chr16	590	615	1
chr16	570	574	1
chr16	16	71	1
chr16	615	619	1
chr16	625	654	1
chr16	606	619	1
chr16	1680	1747	1
chr16	1490	1504	1
chr16	91	211	1
chr16	933	940	1
chr16	590	614	1
chr16	1803	1806	1
chr16	492	551	1
chr16	1442	1487	1
chr16	310	327	1
chr16	941	974	1
chr16	1750	1799	1
chr16	1788	1792	1
chr16	594	601	1
chr16	657	663	1
chr16	506	551	1
chr16	975	989	1
chr16	298	316	1
chr16	491	551	1
chr16	1749	1773	1
chr16	178	185	1
chr16	1002	1071	1
chr16	928	974	1
chr16	240	379	1
chr16	990	1176	1
chr16	552	589	1
chr16	1545	1628	1
chr16	608	614	1
chr16	212	221	1
chr16	583	593	1
chr16	678	681	1
chr16	1637	1690	1
chr16	1800	1806	1
chr16	171	221	1
chr16	1405	1417	1
chr16	1760	1773	1
chr16	551	565	1
chr16	440	449	1
chr16	666	677	1
chr16	1629	1636	1
chr16	222	239	1
chr16	377	415	1
chr16	1488	1505	1
chr16	1352	1489	1
chr16	506	568	1
chr16	1339	1351	1
chr16	552	562	1
chr16	580	605	1
chr16	53	65	1
chr16	506	550	1
chr16	453	491	1
chr16	1166	1175	1
chr16	1388	1396	1
chr16	392	439	1
chr16	1305	1365	1
chr16	244	280	1
chr16	1697	1731	1
chr16	1268	1304	1
chr16	1151	1165	1
chr16	1166	1267	1
chr16	327	415	1
chr16	65	101	1
chr16	430	452	1
chr16	620	681	1
chr16	1511	1544	1
chr16	1562	1628	1
chr16	102	170	1
chr16	1130	1146	1
chr16	928	1070	1
chr16	1506	1509	1
chr16	1621	1636	1
chr16	1404	1679	1
chr16	620	663	1
chr16	1760	1806	1
chr16	1407	1441	1
chr16	1488	1504	1
chr16	1352	1487	1
chr16	1329	1351	1
chr16	614	619	1
chr16	1397	1406	1
chr16	1088	1110	1
chr16	1748	1759	1
chr16	392	491	1
chr16	475	491	1
chr16	616	655	1
chr16	450	491	1
chr16	16	27	1
chr16	1151	1175	1
chr16	566	582	1
chr16	1629	1679	1
chr16	552	579	1
chr16	563	582	1
chr16	615	624	1
chr16	380	391	1
chr16	1339	1350	1
chr16	1515	1561	1
chr16	2	15	1
chr16	1637	1647	1
chr16	1510	1514	1
chr16	53	64	1
chr16	975	1000	1
chr16	1345	1366	1
chr16	1366	1387	1
chr16	297	309	1
chr16	327	376	1
chr16	1562	1620	1
chr16	1071	1129	1
chr16	1511	1561	1
chr16	1418	1561	1
chr16	1788	1802	1
chr16	66	71	1
chr16	244	327	1
chr16	416	474	1
chr16	297	316	1
chr16	1147	1165	1
chr16	1339	1344	1
chr16	104	177	1
chr16	1001	1070	1
chr16	1072	1087	1
chr16	990	1001	1
chr16	667	681	2
chr16	934	940	2
chr16	1732	1748	2
chr16	1774	1787	2
chr16	172	221	2
chr16	1718	1731	2
chr16	1505	1510	2
chr16	1111	1129	2
chr16	222	243	2
chr16	377	391	2
chr16	1680	1696	2
chr16	317	326	2
chr16	91	103	2
chr16	41	64	2
chr16	104	171	2
chr16	1691	1702	2
chr16	1793	1806	2
chr16	41	52	2
chr16	328	376	2
chr16	1176	1267	2
chr16	1703	1717	2
chr16	222	280	2
chr16	1268	1338	2
chr16	656	663	2
chr16	1388	1403	2
chr16	928	933	2
chr16	1130	1150	2
chr16	16	40	3
chr16	72	90	3
chr16	281	296	3
chr16	492	505	3
chr16	2	8	4
chr16	9	15	4
chr16	684	706	5
chr17	840	857	1
chr17	285	303	1
chr17	1154	1161	1
chr17	198	259	1
chr17	167	344	1
chr17	108	142	1
chr17	1315	1330	1
chr17	304	368	1
chr17	1553	1568	1
chr17	616	698	1
chr17	616	695	1
chr17	1212	1238	1
chr17	798	823	1
chr17	651	698	1
chr17	1346	1373	1
chr17	726	888	1
chr17	954	1061	1
chr17	1331	1475	1
chr17	352	365	1
chr17	1541	1554	1
chr17	1231	1257	1
chr17	1163	1175	1
chr17	1555	1560	1
chr17	1176	1211	1
chr17	1330	1351	1
chr17	345	360	1
chr17	435	446	1
chr17	506	558	1
chr17	829	839	1
chr17	1259	1329	1
chr17	941	1061	1
chr17	1295	1324	1
chr17	1456	1475	1
chr17	395	430	1
chr17	174	197	1
chr17	1176	1284	1
chr17	1616	1624	1
chr17	1062	1125	1
chr17	1147	1151	1
chr17	889	918	1
chr17	260	303	1
chr17	1315	1350	1
chr17	53	80	1
chr17	596	615	1
chr17	872	900	1
chr17	875	900	1
chr17	83	142	1
chr17	1412	1428	1
chr17	1351	1475	1
chr17	596	604	1
chr17	21	52	1
chr17	857	903	1
chr17	369	381	1
chr17	970	985	1
chr17	1104	1284	1
chr17	1615	1624	1
chr17	383	432	1
chr17	1374	1414	1
chr17	988	1061	1
chr17	585	797	1
chr17	366	432	1
chr17	857	871	1
chr17	506	582	1
chr17	1239	1314	1
chr17	617	691	1
chr17	1154	1163	1
chr17	559	569	1
chr17	73	142	1
chr17	582	595	1
chr17	858	880	1
chr17	1585	1592	1
chr17	824	828	1
chr17	1569	1582	1
chr17	617	650	1
chr17	926	934	1
chr17	508	522	1
chr17	167	173	1
chr17	1352	1475	1
chr17	175	210	1
chr17	1295	1345	1
chr17	1104	1142	1
chr17	523	582	1
chr17	1429	1455	1
chr17	73	82	1
chr17	1605	1615	1
chr17	304	351	1
chr17	1415	1540	1
chr17	1152	1163	1
chr17	1231	1314	1
chr17	361	382	1
chr17	143	174	1
chr17	1373	1411	1
chr17	506	581	1
chr17	881	918	1
chr17	1	5	1
chr17	935	953	1
chr17	919	940	1
chr17	1561	1584	1
chr17	1143	1163	1
chr17	605	615	1
chr17	1325	1372	1
chr17	1585	1593	1
chr17	1583	1593	1
chr17	260	284	1
chr17	570	584	1
chr17	1580	1584	1
chr17	1126	1146	1
chr17	239	259	1
chr17	1541	1560	1
chr17	919	969	1
chr17	81	107	1
chr17	211	238	1
chr17	550	595	1
chr17	694	698	1
chr17	382	388	1
chr17	857	874	1
chr17	506	549	1
chr17	1496	1540	1
chr17	1561	1579	1
chr17	904	925	1
chr17	389	394	1
chr17	1593	1614	1
chr17	101	142	2
chr17	40	52	2
chr17	596	616	2
chr17	1176	1212	2
chr17	45	59	2
chr17	1213	1230	2
chr17	1560	1568	2
chr17	40	44	2
chr17	352	363	2
chr17	583	595	2
chr17	364	432	2
chr17	1104	1153	2
chr17	1580	1593	2
chr17	60	72	2
chr17	167	343	2
chr17	1569	1579	2
chr17	951	1061	2
chr17	73	100	2
chr17	1285	1294	2
chr17	921	950	2
chr17	901	920	2
chr17	53	72	2
chr17	344	351	2
chr17	1555	1559	2
chr17	1541	1551	3
chr17	1496	1521	3
chr17	1605	1624	3
chr17	726	856	3
chr17	1522	1540	3
chr17	1164	1175	3
chr17	434	446	4
chr17	1594	1604	4
chr17	715	725	4
chr17	1	6	4
chr17	699	714	4
chr17	1476	1495	4
chr17	143	166	4
chr17	21	39	4
chr17	1062	1103	4
chr17	8	20	5
chr18	389	412	1
chr18	572	595	1
chr18	921	940	1
chr18	629	690	1
chr18	1059	1086	1
chr18	436	473	1
chr18	1329	1363	1
chr18	704	792	1
chr18	1457	1482	1
chr18	941	959	1
chr18	581	615	1
chr18	1329	1436	1
chr18	596	633	1
chr18	502	580	1
chr18	1364	1443	1
chr18	474	593	1
chr18	1365	1445	1
chr18	182	191	1
chr18	439	473	1
chr18	503	571	1
chr18	235	259	1
chr18	4	17	1
chr18	1330	1364	1
chr18	1106	1136	1
chr18	1039	1042	1
chr18	235	246	1
chr18	474	500	1
chr18	1331	1364	1
chr18	372	389	1
chr18	371	388	1
chr18	422	438	1
chr18	475	582	1
chr18	139	172	1
chr18	66	80	1
chr18	255	275	1
chr18	1365	1436	1
chr18	583	614	1
chr18	941	960	1
chr18	875	920	1
chr18	1447	1456	1
chr18	1461	1490	1
chr18	1298	1330	1
chr18	865	874	1
chr18	792	864	1
chr18	246	274	1
chr18	1137	1295	1
chr18	634	689	1
chr18	1045	1087	1
chr18	103	145	1
chr18	941	1042	1
chr18	691	792	1
chr18	961	1021	1
chr18	1088	1105	1
chr18	823	864	1
chr18	146	172	1
chr18	704	791	1
chr18	200	211	1
chr18	941	961	1
chr18	1045	1058	1
chr18	690	822	1
chr18	18	102	1
chr18	475	501	1
chr18	960	1038	1
chr18	1447	1482	1
chr18	18	52	1
chr18	1	5	1
chr18	200	246	1
chr18	501	583	1
chr18	6	17	1
chr18	1364	1445	1
chr18	1457	1490	1
chr18	1446	1456	1
chr18	1022	1042	1
chr18	173	181	1
chr18	1298	1329	1
chr18	53	65	1
chr18	390	408	1
chr18	941	962	1
chr18	697	703	1
chr18	255	259	1
chr18	436	502	1
chr18	372	383	1
chr18	615	690	1
chr18	1087	1105	1
chr18	1125	1328	1
chr18	584	615	1
chr18	81	116	1
chr18	691	696	1
chr18	247	260	1
chr18	145	211	1
chr18	962	1042	1
chr18	1298	1328	1
chr18	704	864	1
chr18	212	246	1
chr18	261	275	1
chr18	117	144	1
chr18	235	245	1
chr18	1296	1363	1
chr18	173	191	1
chr18	1234	1297	1
chr18	1106	1233	1
chr18	1446	1460	1
chr18	925	940	1
chr18	594	628	1
chr18	384	408	1
chr18	963	1042	1
chr18	1444	1490	1
chr18	277	309	2
chr18	865	885	2
chr18	192	199	2
chr18	174	180	2
chr18	200	205	2
chr18	371	381	2
chr18	616	690	2
chr18	1125	1297	2
chr18	436	474	2
chr18	691	703	2
chr18	139	173	2
chr18	874	891	2
chr18	260	276	2
chr18	892	920	2
chr18	181	199	2
chr18	1543	1548	2
chr18	1490	1542	2
chr18	409	435	2
chr18	1437	1446	2
chr18	382	389	2
chr18	1483	1489	2
chr18	247	254	2
chr18	886	920	2
chr18	1549	1561	2
chr18	793	873	2
chr18	390	412	2
chr18	422	435	2
chr18	206	210	2
chr18	276	309	3
chr18	1543	1561	3
chr18	1491	1542	3
chr18	18	138	3
chr18	413	421	3
chr18	925	932	3
chr18	1106	1124	3
chr18	212	234	3
chr18	1045	1105	3
chr18	1	17	3
chr18	933	940	3
chr18	921	924	4
chr19	800	965	1
chr19	1009	1046	1
chr19	257	261	1
chr19	313	326	1
chr19	384	493	1
chr19	102	106	1
chr19	966	983	1
chr19	951	966	1
chr19	95	114	1
chr19	694	700	1
chr19	860	900	1
chr19	1125	1155	1
chr19	228	233	1
chr19	372	383	1
chr19	200	211	1
chr19	315	326	1
chr19	929	950	1
chr19	919	928	1
chr19	293	304	1
chr19	984	1004	1
chr19	555	661	1
chr19	1113	1123	1
chr19	107	114	1
chr19	262	292	1
chr19	701	732	1
chr19	956	968	1
chr19	336	359	1
chr19	7	15	1
chr19	860	883	1
chr19	102	141	1
chr19	828	847	1
chr19	60	84	1
chr19	234	257	1
chr19	344	371	1
chr19	293	327	1
chr19	1124	1183	1
chr19	236	261	1
chr19	257	292	1
chr19	71	93	1
chr19	16	25	1
chr19	1175	1183	1
chr19	800	839	1
chr19	600	674	1
chr19	2	25	1
chr19	363	371	1
chr19	294	331	1
chr19	161	233	1
chr19	115	160	1
chr19	16	20	1
chr19	21	25	1
chr19	220	235	1
chr19	1113	1124	1
chr19	85	93	1
chr19	1156	1183	1
chr19	799	827	1
chr19	344	362	1
chr19	161	219	1
chr19	909	918	1
chr19	623	674	1
chr19	142	160	1
chr19	555	599	1
chr19	911	928	1
chr19	929	955	1
chr19	1047	1112	1
chr19	840	847	1
chr19	1048	1086	1
chr19	5	10	1
chr19	38	84	1
chr19	884	908	1
chr19	350	371	1
chr19	800	847	1
chr19	60	79	1
chr19	768	778	1
chr19	1087	1112	1
chr19	901	910	1
chr19	212	227	1
chr19	258	343	1
chr19	332	349	1
chr19	5	15	1
chr19	768	799	1
chr19	71	94	1
chr19	778	798	1
chr19	281	292	1
chr19	85	94	1
chr19	969	1047	1
chr19	984	1174	1
chr19	305	312	1
chr19	779	798	1
chr19	664	777	1
chr19	115	199	1
chr19	710	733	1
chr19	984	1176	1
chr19	130	234	1
chr19	262	280	1
chr19	799	847	1
chr19	967	1176	1
chr19	555	662	1
chr19	733	767	1
chr19	336	343	1
chr19	95	101	1
chr19	1005	1008	1
chr19	130	146	1
chr19	305	314	1
chr19	662	693	1
chr19	257	304	1
chr19	701	709	1
chr19	80	101	1
chr19	328	359	1
chr19	734	767	1
chr19	623	663	1
chr19	7	10	1
chr19	148	234	1
chr19	663	700	1
chr19	234	256	1
chr19	2	6	2
chr19	929	942	2
chr19	31	37	2
chr19	956	966	2
chr19	115	129	2
chr19	943	955	2
chr19	102	114	2
chr19	967	983	2
chr19	909	928	2
chr19	235	256	2
chr19	778	799	2
chr19	675	777	2
chr19	1177	1183	2
chr19	882	908	2
chr19	11	25	2
chr19	360	371	2
chr19	94	101	2
chr19	26	30	2
chr19	327	335	2
chr19	60	70	2
chr19	860	881	2
chr19	555	622	2
chr19	26	37	3
chr19	848	859	4
chr19	38	59	4
chr19	372	493	4
chr2	2859	2881	1
chr2	2694	2973	1
chr2	1986	1999	1
chr2	1604	1693	1
chr2	3839	3954	1
chr2	559	576	1
chr2	3807	3838	1
chr2	4824	4828	1
chr2	1386	1410	1
chr2	2228	2266	1
chr2	783	861	1
chr2	1965	1996	1
chr2	3448	3469	1
chr2	862	1014	1
chr2	2438	2450	1
chr2	3468	3482	1
chr2	559	677	1
chr2	3483	3505	1
chr2	1016	1081	1
chr2	481	522	1
chr2	877	1014	1
chr2	2376	2408	1
chr2	3048	3072	1
chr2	1111	1117	1
chr2	1318	1332	1
chr2	1771	1793	1
chr2	559	923	1
chr2	3407	3416	1
chr2	1243	1284	1
chr2	1179	1218	1
chr2	1317	1385	1
chr2	2643	2693	1
chr2	240	402	1
chr2	2038	2114	1
chr2	3673	3679	1
chr2	3269	3402	1
chr2	2882	2907	1
chr2	1520	1603	1
chr2	4853	4862	1
chr2	1797	1811	1
chr2	2308	2375	1
chr2	3310	3348	1
chr2	4750	4758	1
chr2	862	876	1
chr2	577	606	1
chr2	1490	1498	1
chr2	3323	3401	1
chr2	2025	2062	1
chr2	2022	2177	1
chr2	2178	2189	1
chr2	1968	1995	1
chr2	2190	2203	1
chr2	38	75	1
chr2	529	545	1
chr2	3241	3309	1
chr2	4138	4227	1
chr2	3309	3348	1
chr2	103	191	1
chr2	2793	2876	1
chr2	219	402	1
chr2	974	1015	1
chr2	317	391	1
chr2	3447	3469	1
chr2	2452	2556	1
chr2	1740	1753	1
chr2	3403	3435	1
chr2	2115	2144	1
chr2	4352	4379	1
chr2	4138	4167	1
chr2	2285	2307	1
chr2	2178	2194	1
chr2	1219	1225	1
chr2	1411	1448	1
chr2	3660	3754	1
chr2	3010	3072	1
chr2	1159	1219	1
chr2	576	606	1
chr2	1220	1316	1
chr2	2694	2858	1
chr2	961	1015	1
chr2	4761	4798	1
chr2	2254	2792	1
chr2	1996	2021	1
chr2	546	558	1
chr2	4325	4336	1
chr2	192	217	1
chr2	2974	2994	1
chr2	1243	1302	1
chr2	450	472	1
chr2	3680	3747	1
chr2	2276	2451	1
chr2	1367	1426	1
chr2	3073	3195	1
chr2	801	1081	1
chr2	3349	3406	1
chr2	3010	3120	1
chr2	4180	4227	1
chr2	1117	1226	1
chr2	3121	3195	1
chr2	1480	1497	1
chr2	4844	4857	1
chr2	1471	1513	1
chr2	3838	3848	1
chr2	2231	2262	1
chr2	842	861	1
chr2	1480	1518	1
chr2	2265	2283	1
chr2	2114	2179	1
chr2	1333	1366	1
chr2	4228	4339	1
chr2	4799	4823	1
chr2	3242	3268	1
chr2	2451	2556	1
chr2	2207	2211	1
chr2	2063	2067	1
chr2	3404	3435	1
chr2	4374	4405	1
chr2	4858	4864	1
chr2	2185	2203	1
chr2	1706	1727	1
chr2	4744	4760	1
chr2	2908	2994	1
chr2	4802	4852	1
chr2	4168	4182	1
chr2	2557	2573	1
chr2	2180	2188	1
chr2	1226	1242	1
chr2	3615	3678	1
chr2	924	952	1
chr2	747	762	1
chr2	1755	1771	1
chr2	801	973	1
chr2	3436	3446	1
chr2	218	232	1
chr2	2254	2284	1
chr2	1334	1410	1
chr2	523	528	1
chr2	4183	4227	1
chr2	2000	2021	1
chr2	1470	1489	1
chr2	4614	4680	1
chr2	541	551	1
chr2	3811	3837	1
chr2	1712	1728	1
chr2	412	449	1
chr2	1317	1410	1
chr2	953	960	1
chr2	3755	3797	1
chr2	1303	1316	1
chr2	4734	4760	1
chr2	3424	3435	1
chr2	1957	2002	1
chr2	1997	2017	1
chr2	4684	4733	1
chr2	3406	3423	1
chr2	3336	3399	1
chr2	3010	3047	1
chr2	541	558	1
chr2	3955	4061	1
chr2	2409	2437	1
chr2	4228	4347	1
chr2	1755	1770	1
chr2	4829	4843	1
chr2	2003	2021	1
chr2	2996	3241	1
chr2	3506	3659	1
chr2	4744	4749	1
chr2	1461	1470	1
chr2	2214	2225	1
chr2	1519	1727	1
chr2	1498	1518	1
chr2	2228	2642	1
chr2	2215	2223	1
chr2	559	575	1
chr2	1958	2003	1
chr2	529	551	1
chr2	79	101	1
chr2	1427	1470	1
chr2	4514	4559	1
chr2	1832	1845	1
chr2	392	411	1
chr2	1907	1920	1
chr2	2996	3322	1
chr2	2018	2038	1
chr2	1729	1793	1
chr2	3576	3810	1
chr2	1	101	1
chr2	783	841	1
chr2	4775	4828	1
chr2	3073	3335	1
chr2	3839	4097	1
chr2	237	501	1
chr2	4380	4405	1
chr2	3437	3447	1
chr2	180	263	1
chr2	3349	3405	1
chr2	2039	2061	1
chr2	1083	1110	1
chr2	4785	4823	1
chr2	2592	2660	1
chr2	2145	2177	1
chr2	3403	3436	1
chr2	1449	1470	1
chr2	3748	3797	1
chr2	1436	1470	1
chr2	1404	1427	1
chr2	4340	4351	1
chr2	1957	1985	1
chr2	529	552	1
chr2	4062	4096	1
chr2	1016	1082	1
chr2	502	528	1
chr2	4228	4324	1
chr2	1920	1957	1
chr2	1514	1705	1
chr2	4337	4373	1
chr2	748	789	1
chr2	1082	1125	1
chr2	2022	2188	1
chr2	481	528	1
chr2	1	37	1
chr2	4785	4801	1
chr2	2574	2591	1
chr2	1436	1469	1
chr2	4497	4513	1
chr2	1285	1317	1
chr2	4532	4557	1
chr2	1159	1243	1
chr2	1	78	1
chr2	1367	1403	1
chr2	233	239	1
chr2	3849	4062	1
chr2	4406	4680	1
chr2	264	316	1
chr2	2267	2275	1
chr2	4497	4531	1
chr2	473	540	1
chr2	3576	3806	1
chr2	3839	4062	1
chr2	2206	2230	1
chr2	2022	2037	1
chr2	4775	4857	1
chr2	1694	1753	1
chr2	3417	3435	1
chr2	180	191	1
chr2	2284	2375	1
chr2	1243	1316	1
chr2	4138	4179	1
chr2	2408	2660	1
chr2	1126	1226	1
chr2	4532	4559	1
chr2	1921	1967	1
chr2	481	540	1
chr2	2062	2184	1
chr2	2068	2113	1
chr2	4409	4531	1
chr2	1911	1964	1
chr2	1907	1919	1
chr2	1772	1793	1
chr2	2004	2024	1
chr2	2376	2407	1
chr2	3615	3672	1
chr2	747	789	1
chr2	4829	4862	1
chr2	1428	1460	1
chr2	237	402	1
chr2	4348	4683	1
chr2	192	218	1
chr2	1471	1739	1
chr2	3679	4097	1
chr2	1499	1711	1
chr2	2557	2660	1
chr2	1907	1910	1
chr2	2195	2203	1
chr2	1244	1366	1
chr2	1317	1333	1
chr2	4824	4857	1
chr2	1082	1116	1
chr2	553	677	1
chr2	1118	1178	1
chr2	4558	4613	1
chr2	3241	3308	1
chr2	748	762	1
chr2	3540	3575	2
chr2	2228	2253	2
chr2	3507	3614	2
chr2	643	648	2
chr2	552	558	2
chr2	1907	1956	2
chr2	1227	1242	2
chr2	1	75	2
chr2	4097	4140	2
chr2	218	236	2
chr2	4698	4733	2
chr2	4734	4743	2
chr2	4743	4760	2
chr2	4063	4096	2
chr2	763	782	2
chr2	2694	2876	2
chr2	2189	2203	2
chr2	3470	3506	2
chr2	1015	1080	2
chr2	180	217	2
chr2	4560	4612	2
chr2	4613	4666	2
chr2	607	642	2
chr2	1471	1479	2
chr2	4667	4697	2
chr2	4721	4734	2
chr2	1411	1435	2
chr2	4735	4742	2
chr2	4185	4470	2
chr2	4141	4184	2
chr2	4858	4862	2
chr2	4761	4774	2
chr2	3507	3539	2
chr2	678	747	2
chr2	4761	4784	2
chr2	3219	3240	2
chr2	790	800	2
chr2	1728	1753	2
chr2	649	677	2
chr2	3811	3838	2
chr2	3196	3218	2
chr2	4471	4496	2
chr2	678	746	2
chr2	2215	2224	2
chr2	3468	3506	2
chr2	1081	1158	2
chr2	3807	3810	2
chr2	1755	1793	2
chr2	4682	4720	2
chr2	3798	3806	2
chr2	2206	2211	3
chr2	2661	2693	3
chr2	2877	2949	3
chr2	4098	4137	3
chr2	412	417	3
chr2	403	411	3
chr2	2996	3009	3
chr2	76	101	3
chr2	2950	2994	3
chr2	3436	3467	3
chr2	473	480	3
chr2	418	472	3
chr2	1832	1847	4
chr2	1797	1806	4
chr2	103	144	4
chr2	145	179	4
chr20	687	690	1
chr20	1016	1057	1
chr20	626	640	1
chr20	1253	1260	1
chr20	122	158	1
chr20	200	231	1
chr20	630	639	1
chr20	712	724	1
chr20	640	668	1
chr20	336	365	1
chr20	85	199	1
chr20	350	359	1
chr20	866	907	1
chr20	608	639	1
chr20	692	716	1
chr20	1102	1136	1
chr20	1052	1067	1
chr20	927	971	1
chr20	615	629	1
chr20	842	865	1
chr20	691	702	1
chr20	259	350	1
chr20	743	757	1
chr20	871	892	1
chr20	669	686	1
chr20	350	527	1
chr20	31	60	1
chr20	199	231	1
chr20	755	792	1
chr20	629	639	1
chr20	85	198	1
chr20	39	60	1
chr20	2	81	1
chr20	103	121	1
chr20	1234	1243	1
chr20	50	60	1
chr20	277	349	1
chr20	402	472	1
chr20	394	472	1
chr20	953	958	1
chr20	1255	1260	1
chr20	258	281	1
chr20	608	628	1
chr20	640	648	1
chr20	30	60	1
chr20	597	639	1
chr20	640	698	1
chr20	703	711	1
chr20	917	926	1
chr20	2	29	1
chr20	669	691	1
chr20	402	416	1
chr20	725	754	1
chr20	946	951	1
chr20	189	258	1
chr20	615	625	1
chr20	1212	1233	1
chr20	417	472	1
chr20	807	841	1
chr20	908	916	1
chr20	1068	1136	1
chr20	889	892	1
chr20	189	276	1
chr20	336	349	1
chr20	640	658	1
chr20	1244	1260	1
chr20	946	952	1
chr20	31	49	1
chr20	992	1015	1
chr20	366	393	1
chr20	758	786	1
chr20	1147	1166	1
chr20	159	175	1
chr20	649	668	1
chr20	787	870	1
chr20	308	335	1
chr20	1058	1101	1
chr20	176	188	1
chr20	972	991	1
chr20	1212	1243	1
chr20	1167	1211	1
chr20	659	716	1
chr20	189	257	1
chr20	793	806	1
chr20	2	15	1
chr20	16	38	1
chr20	336	350	1
chr20	414	446	1
chr20	402	413	1
chr20	82	102	1
chr20	1244	1252	1
chr20	447	472	1
chr20	641	698	1
chr20	360	401	1
chr20	282	307	1
chr20	1244	1254	1
chr20	85	188	2
chr20	1256	1260	2
chr20	893	945	2
chr20	1017	1044	2
chr20	1169	1211	2
chr20	2	30	2
chr20	1006	1016	2
chr20	394	401	2
chr20	589	594	2
chr20	277	335	2
chr20	908	951	2
chr20	351	360	2
chr20	1170	1211	2
chr20	1016	1044	2
chr20	959	976	2
chr20	597	614	2
chr20	597	607	2
chr20	1244	1255	2
chr20	361	393	2
chr20	889	907	2
chr20	232	276	2
chr20	1147	1168	2
chr20	959	971	2
chr20	1147	1169	2
chr20	1006	1015	2
chr20	700	716	2
chr20	972	976	2
chr20	1216	1243	3
chr20	952	958	3
chr20	1212	1215	3
chr20	589	593	3
chr20	1055	1136	3
chr20	743	888	3
chr20	61	73	4
chr20	500	527	4
chr20	74	84	4
chr20	473	499	4
chr20	992	1005	4
chr20	1045	1051	4
chr20	717	742	4
chr20	977	991	4
chr20	1137	1146	5
chr21	304	536	1
chr21	756	767	1
chr21	817	859	1
chr21	215	218	1
chr21	767	780	1
chr21	346	375	1
chr21	756	771	1
chr21	812	871	1
chr21	376	443	1
chr21	684	720	1
chr21	781	812	1
chr21	903	915	1
chr21	699	721	1
chr21	341	375	1
chr21	893	924	1
chr21	772	779	1
chr21	444	542	1
chr21	661	675	1
chr21	608	651	1
chr21	199	202	1
chr21	880	892	1
chr21	376	380	1
chr21	771	801	1
chr21	958	963	1
chr21	948	957	1
chr21	817	858	1
chr21	860	871	1
chr21	381	660	1
chr21	287	300	1
chr21	543	697	1
chr21	563	680	1
chr21	812	816	1
chr21	780	797	1
chr21	681	698	1
chr21	199	205	1
chr21	935	947	1
chr21	313	340	1
chr21	388	660	1
chr21	661	683	1
chr21	304	312	1
chr21	304	607	1
chr21	895	902	1
chr21	859	879	1
chr21	676	720	1
chr21	751	766	1
chr21	756	769	1
chr21	537	562	1
chr21	802	811	1
chr21	698	721	1
chr21	652	720	1
chr21	798	850	1
chr21	813	816	1
chr21	219	224	1
chr21	339	374	1
chr21	287	298	1
chr21	756	770	1
chr21	948	963	1
chr21	305	345	1
chr21	768	780	1
chr21	887	891	1
chr21	812	850	1
chr21	288	338	1
chr21	770	780	1
chr21	375	387	1
chr21	916	934	1
chr21	288	300	2
chr21	781	796	2
chr21	797	811	2
chr21	193	196	2
chr21	722	750	2
chr21	851	871	2
chr21	956	963	3
chr21	887	893	3
chr21	948	955	3
chr21	189	192	3
chr21	895	924	3
chr21	721	750	3
chr21	751	755	4
chr21	872	886	4
chr21	925	938	4
chr21	939	947	4
chr21	215	224	4
chr21	208	213	5
chr22	872	887	1
chr22	447	470	1
chr22	323	328	1
chr22	688	713	1
chr22	538	594	1
chr22	448	473	1
chr22	501	568	1
chr22	595	620	1
chr22	379	402	1
chr22	338	372	1
chr22	648	764	1
chr22	341	350	1
chr22	921	1006	1
chr22	338	378	1
chr22	422	434	1
chr22	860	871	1
chr22	400	406	1
chr22	595	613	1
chr22	374	378	1
chr22	489	535	1
chr22	501	537	1
chr22	431	434	1
chr22	792	815	1
chr22	543	568	1
chr22	903	919	1
chr22	487	500	1
chr22	636	669	1
chr22	447	456	1
chr22	442	446	1
chr22	435	446	1
chr22	351	372	1
chr22	442	487	1
chr22	395	402	1
chr22	595	635	1
chr22	407	411	1
chr22	670	673	1
chr22	674	687	1
chr22	621	634	1
chr22	337	350	1
chr22	403	407	1
chr22	783	791	1
chr22	379	383	1
chr22	423	430	1
chr22	595	636	1
chr22	635	648	1
chr22	384	394	1
chr22	413	434	1
chr22	921	1003	1
chr22	402	407	1
chr22	471	486	1
chr22	649	764	1
chr22	325	328	1
chr22	379	401	1
chr22	670	713	1
chr22	422	446	1
chr22	873	887	1
chr22	457	473	1
chr22	842	858	1
chr22	447	500	1
chr22	859	872	1
chr22	637	714	1
chr22	423	440	1
chr22	351	373	1
chr22	341	378	1
chr22	1007	1025	1
chr22	614	647	1
chr22	400	407	1
chr22	441	447	1
chr22	403	406	1
chr22	536	542	1
chr22	595	669	1
chr22	842	859	1
chr22	920	935	1
chr22	415	422	2
chr22	928	935	2
chr22	487	494	2
chr22	435	441	2
chr22	373	378	2
chr22	569	594	2
chr22	408	411	2
chr22	566	594	2
chr22	903	927	2
chr22	337	340	2
chr22	765	782	2
chr22	474	486	2
chr22	379	394	2
chr22	395	399	2
chr22	329	334	2
chr22	903	920	2
chr22	495	565	2
chr22	416	421	2
chr22	715	734	3
chr22	754	768	3
chr22	322	334	3
chr22	735	738	3
chr22	769	782	3
chr22	979	1003	3
chr22	944	978	3
chr22	936	943	3
chr22	739	753	3
chr22	842	860	3
chr22	861	887	3
chr22	800	815	4
chr22	1004	1025	4
chr22	783	799	4
chr22	827	841	5
chr22	816	826	5
chr22	888	902	5
chr3	2325	2371	1
chr3	2674	2685	1
chr3	772	802	1
chr3	803	859	1
chr3	2736	2755	1
chr3	2820	2868	1
chr3	3138	3145	1
chr3	333	451	1
chr3	2282	2311	1
chr3	2246	2280	1
chr3	1164	1251	1
chr3	1172	1278	1
chr3	1133	1157	1
chr3	1871	1966	1
chr3	3564	3581	1
chr3	984	994	1
chr3	2103	2138	1
chr3	3257	3301	1
chr3	805	852	1
chr3	478	574	1
chr3	3467	3534	1
chr3	2247	2376	1
chr3	1404	1411	1
chr3	1628	1764	1
chr3	976	982	1
chr3	88	169	1
chr3	3414	3450	1
chr3	1339	1411	1
chr3	3868	3888	1
chr3	1135	1171	1
chr3	2029	2236	1
chr3	574	616	1
chr3	1436	1458	1
chr3	1008	1039	1
chr3	3564	3575	1
chr3	208	446	1
chr3	3401	3412	1
chr3	351	543	1
chr3	2717	3371	1
chr3	1506	1513	1
chr3	3032	3045	1
chr3	544	556	1
chr3	2869	2927	1
chr3	2312	2372	1
chr3	3413	3449	1
chr3	1132	1157	1
chr3	1807	1810	1
chr3	3564	3657	1
chr3	577	616	1
chr3	2567	2596	1
chr3	2237	2246	1
chr3	3399	3412	1
chr3	939	951	1
chr3	327	332	1
chr3	983	994	1
chr3	2975	3080	1
chr3	3461	3534	1
chr3	1008	1013	1
chr3	1247	1324	1
chr3	2237	2278	1
chr3	3671	3707	1
chr3	2391	2411	1
chr3	1459	1463	1
chr3	2649	2673	1
chr3	3413	3426	1
chr3	2595	2670	1
chr3	1326	1381	1
chr3	1004	1012	1
chr3	2461	2489	1
chr3	10	66	1
chr3	2461	2466	1
chr3	2994	3137	1
chr3	3775	3778	1
chr3	2507	2670	1
chr3	2029	2102	1
chr3	65	188	1
chr3	1871	2245	1
chr3	3576	3690	1
chr3	1464	1506	1
chr3	3564	3590	1
chr3	935	951	1
chr3	1112	1132	1
chr3	3115	3138	1
chr3	3477	3524	1
chr3	2573	2596	1
chr3	965	974	1
chr3	1063	1098	1
chr3	1080	1098	1
chr3	772	804	1
chr3	3397	3413	1
chr3	1252	1324	1
chr3	3451	3460	1
chr3	1967	2174	1
chr3	67	195	1
chr3	1593	1733	1
chr3	3592	3607	1
chr3	557	655	1
chr3	2975	3074	1
chr3	1008	1040	1
chr3	1436	1457	1
chr3	3451	3466	1
chr3	3868	3881	1
chr3	2649	2686	1
chr3	772	858	1
chr3	930	951	1
chr3	3591	3713	1
chr3	2783	2819	1
chr3	2377	2390	1
chr3	2686	2716	1
chr3	3750	3778	1
chr3	1326	1395	1
chr3	2686	2773	1
chr3	966	994	1
chr3	3535	3670	1
chr3	1014	1079	1
chr3	2671	2685	1
chr3	860	929	1
chr3	3889	3959	1
chr3	2407	2442	1
chr3	1099	1111	1
chr3	958	983	1
chr3	1871	1950	1
chr3	3708	3749	1
chr3	3608	3652	1
chr3	452	495	1
chr3	656	677	1
chr3	2443	2466	1
chr3	2547	2572	1
chr3	1382	1403	1
chr3	170	207	1
chr3	790	939	1
chr3	3302	3398	1
chr3	3915	3934	1
chr3	1507	1589	1
chr3	757	771	1
chr3	2598	2643	1
chr3	1516	1592	1
chr3	853	934	1
chr3	1628	1734	1
chr3	1326	1338	1
chr3	465	477	1
chr3	940	964	1
chr3	2412	2489	1
chr3	3775	3844	1
chr3	1279	1290	1
chr3	2227	2236	1
chr3	3391	3396	1
chr3	2279	2299	1
chr3	2644	3031	1
chr3	2671	2735	1
chr3	3851	3867	1
chr3	2687	2782	1
chr3	1871	1991	1
chr3	3372	3390	1
chr3	3081	3114	1
chr3	3908	3948	1
chr3	3845	3887	1
chr3	1464	1513	1
chr3	1383	1627	1
chr3	3046	3114	1
chr3	208	332	1
chr3	1516	1589	1
chr3	3915	3948	1
chr3	3658	3707	1
chr3	575	616	1
chr3	3398	3450	1
chr3	2175	2229	1
chr3	496	573	1
chr3	2490	2566	1
chr3	1041	1062	1
chr3	2467	2566	1
chr3	2175	2226	1
chr3	3232	3256	1
chr3	750	756	1
chr3	2508	2546	1
chr3	3775	3867	1
chr3	3889	3958	1
chr3	983	991	1
chr3	3653	3749	1
chr3	3139	3397	1
chr3	3451	3458	1
chr3	617	656	1
chr3	3775	3881	1
chr3	3207	3390	1
chr3	2870	2973	1
chr3	10	64	1
chr3	1734	1765	1
chr3	1326	1382	1
chr3	571	616	1
chr3	3953	3959	1
chr3	2974	2993	1
chr3	1040	1078	1
chr3	1132	1163	1
chr3	2372	2466	1
chr3	3779	3850	1
chr3	992	1003	1
chr3	3168	3206	1
chr3	1403	1435	1
chr3	2567	2594	1
chr3	3935	3952	1
chr3	1516	1764	1
chr3	2029	2225	1
chr3	333	350	1
chr3	1079	1132	1
chr3	1766	1806	1
chr3	3225	3231	1
chr3	1326	1515	1
chr3	3146	3167	1
chr3	952	964	1
chr3	679	735	1
chr3	1099	1324	1
chr3	1167	1280	1
chr3	1951	1991	1
chr3	3391	3400	1
chr3	2373	2406	1
chr3	2774	2819	1
chr3	995	1012	1
chr3	965	975	1
chr3	790	964	1
chr3	3691	3707	1
chr3	3075	3138	1
chr3	1590	1733	1
chr3	2237	2281	1
chr3	2325	2372	1
chr3	3139	3224	1
chr3	3889	3907	1
chr3	965	1007	1
chr3	2820	2841	1
chr3	736	749	1
chr3	1458	1505	1
chr3	3779	3845	1
chr3	2226	2237	1
chr3	2238	2324	1
chr3	447	570	1
chr3	1396	1400	1
chr3	2490	2567	1
chr3	189	576	1
chr3	958	965	1
chr3	2300	2372	1
chr3	2820	2869	1
chr3	2001	2028	1
chr3	1590	1627	1
chr3	859	887	1
chr3	1167	1246	1
chr3	3451	3476	1
chr3	1281	1290	1
chr3	3427	3449	1
chr3	2756	2819	1
chr3	3525	3534	1
chr3	657	677	1
chr3	3115	3458	1
chr3	1735	1810	1
chr3	2139	2174	1
chr3	2281	2324	1
chr3	3846	3887	1
chr3	2568	2596	1
chr3	901	938	1
chr3	327	464	1
chr3	2230	2236	1
chr3	2842	2927	1
chr3	3582	3591	1
chr3	975	982	1
chr3	1436	1463	1
chr3	888	900	1
chr3	1734	1808	1
chr3	1871	2000	1
chr3	751	756	2
chr3	1412	1435	2
chr3	2597	2648	2
chr3	758	771	2
chr3	1765	1810	2
chr3	2002	2028	2
chr3	304	326	2
chr3	2426	2442	2
chr3	1013	1040	2
chr3	952	957	2
chr3	1066	1079	2
chr3	995	1007	2
chr3	3888	3907	2
chr3	1992	2001	2
chr3	3708	3713	2
chr3	757	789	2
chr3	1041	1065	2
chr3	3949	3959	2
chr3	678	757	2
chr3	2378	2425	2
chr3	2373	2377	2
chr3	1080	1131	2
chr3	3908	3914	2
chr3	1158	1166	2
chr3	88	195	2
chr3	1291	1324	2
chr3	721	750	2
chr3	3882	3888	2
chr3	223	238	2
chr3	239	303	2
chr3	2928	2974	2
chr3	2490	2506	2
chr3	3459	3534	2
chr3	208	222	2
chr3	2	9	2
chr3	2443	2460	2
chr3	679	720	2
chr3	2467	2489	2
chr3	2	87	3
chr3	617	655	3
chr3	196	207	3
chr3	3714	3749	3
chr3	656	678	3
chr3	3535	3563	4
chr3	3750	3774	4
chr4	3478	3506	1
chr4	1667	1688	1
chr4	750	777	1
chr4	1720	1803	1
chr4	3485	3506	1
chr4	1054	1104	1
chr4	3693	3703	1
chr4	210	272	1
chr4	2800	2842	1
chr4	3507	3819	1
chr4	2308	2420	1
chr4	1156	1309	1
chr4	2083	2143	1
chr4	1790	1817	1
chr4	170	211	1
chr4	840	859	1
chr4	2083	2128	1
chr4	3388	3397	1
chr4	1530	1597	1
chr4	406	414	1
chr4	170	179	1
chr4	1263	1310	1
chr4	1666	1738	1
chr4	2602	2760	1
chr4	462	490	1
chr4	2308	2315	1
chr4	273	321	1
chr4	1453	1547	1
chr4	1790	1903	1
chr4	542	748	1
chr4	1599	1615	1
chr4	3743	3803	1
chr4	517	748	1
chr4	72	79	1
chr4	1065	1103	1
chr4	212	304	1
chr4	2478	2505	1
chr4	2471	2478	1
chr4	1904	2083	1
chr4	753	825	1
chr4	2783	2799	1
chr4	257	272	1
chr4	2144	2158	1
chr4	2571	2601	1
chr4	1517	1529	1
chr4	3422	3477	1
chr4	2811	2842	1
chr4	2843	3090	1
chr4	2843	3091	1
chr4	273	300	1
chr4	491	752	1
chr4	517	541	1
chr4	322	325	1
chr4	2421	2477	1
chr4	509	516	1
chr4	305	351	1
chr4	100	134	1
chr4	3263	3386	1
chr4	15	27	1
chr4	1598	1625	1
chr4	2193	2206	1
chr4	3314	3388	1
chr4	1312	1529	1
chr4	2068	2082	1
chr4	3547	3820	1
chr4	1273	1429	1
chr4	2285	2307	1
chr4	749	789	1
chr4	1548	1560	1
chr4	2487	2492	1
chr4	2525	2574	1
chr4	3209	3545	1
chr4	2479	2486	1
chr4	790	800	1
chr4	134	169	1
chr4	1573	1598	1
chr4	28	62	1
chr4	2159	2230	1
chr4	749	982	1
chr4	415	461	1
chr4	3476	3546	1
chr4	2	27	1
chr4	2842	3039	1
chr4	173	185	1
chr4	2502	2524	1
chr4	1161	1309	1
chr4	827	981	1
chr4	1818	2016	1
chr4	2316	2384	1
chr4	1689	1921	1
chr4	1616	1625	1
chr4	3398	3475	1
chr4	2478	2481	1
chr4	3263	3387	1
chr4	1514	1666	1
chr4	173	256	1
chr4	1530	1542	1
chr4	2842	3038	1
chr4	416	516	1
chr4	1367	1388	1
chr4	1104	1160	1
chr4	305	350	1
chr4	3389	3397	1
chr4	70	133	1
chr4	3477	3506	1
chr4	2146	2191	1
chr4	3039	3126	1
chr4	1626	1665	1
chr4	2783	2810	1
chr4	750	800	1
chr4	1105	1155	1
chr4	2385	2470	1
chr4	1104	1155	1
chr4	1311	1366	1
chr4	2385	2392	1
chr4	3720	3742	1
chr4	2180	2307	1
chr4	1904	1921	1
chr4	826	981	1
chr4	1054	1103	1
chr4	1146	1311	1
chr4	1740	1789	1
chr4	860	981	1
chr4	35	61	1
chr4	819	825	1
chr4	305	325	1
chr4	2421	2501	1
chr4	1804	1817	1
chr4	3704	3719	1
chr4	3398	3476	1
chr4	63	69	1
chr4	778	818	1
chr4	1	14	1
chr4	3546	3631	1
chr4	3091	3126	1
chr4	826	858	1
chr4	826	839	1
chr4	180	272	1
chr4	1146	1221	1
chr4	2552	2582	1
chr4	801	826	1
chr4	1626	1739	1
chr4	2017	2067	1
chr4	1463	1516	1
chr4	859	981	1
chr4	2421	2456	1
chr4	3804	3820	1
chr4	1818	1981	1
chr4	1598	1665	1
chr4	982	987	1
chr4	1	34	1
chr4	2104	2145	1
chr4	135	141	1
chr4	1739	1769	1
chr4	2575	2678	1
chr4	2231	2284	1
chr4	187	272	1
chr4	301	351	1
chr4	3110	3192	1
chr4	3092	3126	1
chr4	2159	2179	1
chr4	351	405	1
chr4	2583	2679	1
chr4	2385	2420	1
chr4	3387	3397	1
chr4	1390	1500	1
chr4	374	461	1
chr4	1367	1597	1
chr4	1818	1903	1
chr4	1561	1596	1
chr4	1720	1789	1
chr4	2761	2799	1
chr4	3632	3692	1
chr4	1922	2103	1
chr4	3127	3313	1
chr4	2129	2143	1
chr4	490	508	1
chr4	3398	3421	1
chr4	3383	3399	1
chr4	133	163	1
chr4	3127	3382	1
chr4	1054	1064	1
chr4	990	994	1
chr4	2482	2492	1
chr4	142	163	1
chr4	3193	3208	1
chr4	462	489	1
chr4	2144	2191	1
chr4	2143	2192	1
chr4	1222	1272	1
chr4	2393	2398	1
chr4	1770	1817	1
chr4	2761	3109	1
chr4	1543	1572	1
chr4	1156	1262	1
chr4	2207	2218	1
chr4	3040	3126	1
chr4	1922	1981	1
chr4	1501	1513	1
chr4	3400	3484	1
chr4	2457	2524	1
chr4	1982	2142	1
chr4	2679	2759	1
chr4	1430	1452	1
chr4	2385	2398	1
chr4	2399	2420	1
chr4	2525	2551	1
chr4	1982	2082	1
chr4	80	99	1
chr4	62	71	1
chr4	1597	1665	1
chr4	170	209	1
chr4	2084	2158	1
chr4	2399	2477	1
chr4	2760	2799	1
chr4	801	825	1
chr4	1367	1462	1
chr4	326	350	2
chr4	416	430	2
chr4	2493	2505	2
chr4	133	169	2
chr4	2571	2574	2
chr4	2761	2782	2
chr4	3127	3262	2
chr4	2602	2679	2
chr4	1078	1103	2
chr4	1054	1077	2
chr4	164	169	2
chr4	1	27	2
chr4	1666	1719	2
chr4	2192	2218	2
chr4	351	373	2
chr4	1310	1366	2
chr4	1104	1145	2
chr4	3507	3820	2
chr4	352	373	2
chr4	2800	2841	2
chr4	541	749	2
chr4	431	509	2
chr4	510	540	2
chr4	273	304	2
chr4	2575	2601	2
chr4	28	61	3
chr4	2551	2570	3
chr4	80	132	3
chr4	2219	2384	3
chr4	2525	2550	3
chr4	71	79	3
chr4	374	415	3
chr4	2506	2524	3
chr4	62	70	3
chr4	2680	2760	3
chr5	324	367	1
chr5	2803	2940	1
chr5	2743	2772	1
chr5	439	607	1
chr5	1444	1457	1
chr5	1429	1457	1
chr5	748	767	1
chr5	720	748	1
chr5	873	928	1
chr5	3198	3403	1
chr5	1221	1242	1
chr5	280	322	1
chr5	899	928	1
chr5	1402	1428	1
chr5	2058	2230	1
chr5	1299	1309	1
chr5	2367	2648	1
chr5	1804	1815	1
chr5	2740	2758	1
chr5	2803	2871	1
chr5	1553	1566	1
chr5	1567	1599	1
chr5	2822	2918	1
chr5	1171	1234	1
chr5	1887	2057	1
chr5	2649	2667	1
chr5	749	815	1
chr5	1736	1802	1
chr5	1458	1479	1
chr5	34	157	1
chr5	1414	1443	1
chr5	1601	1658	1
chr5	3476	3615	1
chr5	1965	2230	1
chr5	793	814	1
chr5	700	737	1
chr5	3540	3553	1
chr5	1595	1612	1
chr5	1006	1048	1
chr5	1567	1592	1
chr5	3198	3327	1
chr5	3004	3144	1
chr5	3615	3619	1
chr5	368	631	1
chr5	1243	1282	1
chr5	2058	2231	1
chr5	1593	1614	1
chr5	2686	2739	1
chr5	2941	2962	1
chr5	368	642	1
chr5	1282	1309	1
chr5	2945	2980	1
chr5	368	438	1
chr5	1931	2230	1
chr5	1367	1379	1
chr5	2821	2846	1
chr5	777	871	1
chr5	3449	3534	1
chr5	989	1005	1
chr5	1537	1566	1
chr5	497	607	1
chr5	2912	2944	1
chr5	2300	2376	1
chr5	1299	1378	1
chr5	2974	2988	1
chr5	816	872	1
chr5	1126	1129	1
chr5	777	792	1
chr5	2776	2820	1
chr5	2919	2932	1
chr5	3002	3024	1
chr5	2038	2244	1
chr5	1310	1379	1
chr5	294	333	1
chr5	3502	3553	1
chr5	723	747	1
chr5	3145	3172	1
chr5	2963	2980	1
chr5	3088	3144	1
chr5	1090	1125	1
chr5	768	776	1
chr5	1481	1537	1
chr5	815	898	1
chr5	1480	1536	1
chr5	19	33	1
chr5	368	496	1
chr5	793	815	1
chr5	1537	1552	1
chr5	1887	1921	1
chr5	330	344	1
chr5	2784	2802	1
chr5	3427	3438	1
chr5	1817	1885	1
chr5	2460	2519	1
chr5	3145	3177	1
chr5	2520	2669	1
chr5	2629	2648	1
chr5	632	642	1
chr5	3449	3503	1
chr5	1221	1230	1
chr5	1106	1170	1
chr5	1659	1760	1
chr5	1886	1968	1
chr5	2232	2292	1
chr5	1887	1897	1
chr5	2670	2685	1
chr5	1385	1391	1
chr5	19	34	1
chr5	3025	3087	1
chr5	2376	2426	1
chr5	2975	2980	1
chr5	2776	2802	1
chr5	1922	1964	1
chr5	2668	2711	1
chr5	1567	1600	1
chr5	291	333	1
chr5	2847	2917	1
chr5	3088	3435	1
chr5	2300	2366	1
chr5	1072	1089	1
chr5	2743	2756	1
chr5	1404	1411	1
chr5	3436	3448	1
chr5	2822	2962	1
chr5	1368	1379	1
chr5	1310	1367	1
chr5	670	719	1
chr5	2757	2775	1
chr5	2671	2684	1
chr5	1518	1537	1
chr5	2981	3001	1
chr5	749	776	1
chr5	2367	2375	1
chr5	2670	2695	1
chr5	2775	2783	1
chr5	3504	3553	1
chr5	3004	3426	1
chr5	1611	1632	1
chr5	1898	1930	1
chr5	3025	3435	1
chr5	2963	2974	1
chr5	3004	3087	1
chr5	2696	2755	1
chr5	3541	3545	1
chr5	291	329	1
chr5	989	1042	1
chr5	11	34	1
chr5	816	839	1
chr5	2696	2756	1
chr5	1090	1131	1
chr5	872	927	1
chr5	2231	2300	1
chr5	1859	1886	1
chr5	2301	2308	1
chr5	1803	1815	1
chr5	3462	3516	1
chr5	280	293	1
chr5	302	323	1
chr5	700	722	1
chr5	1049	1071	1
chr5	2247	2292	1
chr5	1299	1366	1
chr5	2611	2669	1
chr5	34	301	1
chr5	3444	3448	1
chr5	1660	1816	1
chr5	3535	3539	1
chr5	1633	1735	1
chr5	2918	2973	1
chr5	2759	2772	1
chr5	1600	1612	1
chr5	3328	3354	1
chr5	345	607	1
chr5	3439	3475	1
chr5	1433	1457	1
chr5	2293	2610	1
chr5	1567	1610	1
chr5	608	669	1
chr5	1615	1735	1
chr5	3004	3024	1
chr5	2245	2258	1
chr5	1480	1501	1
chr5	1803	1858	1
chr5	2427	2628	1
chr5	1660	1727	1
chr5	2685	2695	1
chr5	1480	1517	1
chr5	1283	1479	1
chr5	323	367	1
chr5	1402	1479	1
chr5	1393	1399	1
chr5	768	792	1
chr5	3173	3197	1
chr5	1969	2037	1
chr5	3404	3443	1
chr5	1577	1594	1
chr5	1481	1536	1
chr5	1	279	1
chr5	2872	2911	1
chr5	1886	2057	1
chr5	2989	3003	1
chr5	2933	2980	1
chr5	815	839	1
chr5	749	814	1
chr5	1	10	1
chr5	3355	3435	1
chr5	2756	2775	1
chr5	3178	3197	1
chr5	3517	3540	1
chr5	1	33	1
chr5	2367	2376	1
chr5	1567	1576	1
chr5	2293	2308	1
chr5	1385	1392	1
chr5	2231	2292	1
chr5	2259	2292	1
chr5	1404	1432	1
chr5	1728	1815	1
chr5	749	767	1
chr5	2231	2246	1
chr5	1502	1566	1
chr5	2460	2670	1
chr5	2649	2711	1
chr5	1043	1089	1
chr5	3554	3614	1
chr5	3548	3615	1
chr5	3462	3501	1
chr5	989	1089	1
chr5	1736	1803	1
chr5	1761	1802	1
chr5	1816	1885	1
chr5	1200	1230	1
chr5	738	748	1
chr5	2757	2774	1
chr5	1157	1199	1
chr5	1157	1234	1
chr5	3554	3587	2
chr5	35	157	2
chr5	1077	1084	2
chr5	2712	2742	2
chr5	1613	1631	2
chr5	1632	1659	2
chr5	280	290	2
chr5	334	344	2
chr5	1385	1400	2
chr5	670	689	2
chr5	3588	3615	2
chr5	2309	2366	2
chr5	2427	2459	2
chr5	1235	1281	2
chr5	1085	1089	2
chr5	1538	1566	2
chr5	2377	2426	2
chr5	1816	1886	2
chr5	1049	1076	2
chr5	1231	1281	2
chr5	1206	1220	2
chr5	840	928	2
chr5	1106	1131	2
chr5	1	18	2
chr5	3436	3461	2
chr5	2803	2821	2
chr5	1157	1205	2
chr5	632	669	2
chr5	1458	1480	2
chr5	2293	2299	2
chr5	670	699	2
chr5	690	699	2
chr5	989	1048	2
chr5	608	631	2
chr5	700	748	2
chr5	2773	2802	2
chr5	643	669	2
chr5	345	367	2
chr5	1282	1298	3
chr5	2981	2987	3
chr5	158	279	3
chr5	1090	1105	3
chr5	2988	3003	3
chr5	1132	1156	4
chr6	827	857	1
chr6	3361	3386	1
chr6	887	946	1
chr6	2553	2598	1
chr6	1942	2022	1
chr6	2178	2189	1
chr6	2795	2840	1
chr6	76	81	1
chr6	2007	2117	1
chr6	2707	2887	1
chr6	999	1042	1
chr6	1520	1754	1
chr6	1813	1826	1
chr6	1755	1811	1
chr6	1292	1346	1
chr6	2552	2560	1
chr6	2658	2689	1
chr6	2664	2685	1
chr6	2678	2689	1
chr6	2007	2135	1
chr6	1917	1941	1
chr6	521	531	1
chr6	2640	2662	1
chr6	4	11	1
chr6	2943	2953	1
chr6	706	709	1
chr6	532	592	1
chr6	1163	1176	1
chr6	2560	2607	1
chr6	3156	3359	1
chr6	2609	2639	1
chr6	1940	1957	1
chr6	3173	3218	1
chr6	1686	1721	1
chr6	993	1129	1
chr6	2708	2887	1
chr6	1722	1793	1
chr6	371	402	1
chr6	562	609	1
chr6	921	998	1
chr6	1958	1994	1
chr6	562	629	1
chr6	683	705	1
chr6	521	580	1
chr6	2599	2644	1
chr6	594	630	1
chr6	2955	2977	1
chr6	1145	1176	1
chr6	2998	3035	1
chr6	3151	3155	1
chr6	871	886	1
chr6	2560	2608	1
chr6	2559	2598	1
chr6	2841	2849	1
chr6	3219	3314	1
chr6	163	218	1
chr6	1485	1685	1
chr6	888	920	1
chr6	2608	2639	1
chr6	220	402	1
chr6	593	609	1
chr6	644	776	1
chr6	3049	3113	1
chr6	2707	2943	1
chr6	581	592	1
chr6	56	100	1
chr6	2136	2177	1
chr6	1145	1175	1
chr6	644	665	1
chr6	133	162	1
chr6	2998	3024	1
chr6	2166	2196	1
chr6	1995	2028	1
chr6	82	132	1
chr6	1458	1484	1
chr6	1795	1826	1
chr6	2888	2925	1
chr6	1334	1387	1
chr6	1388	1483	1
chr6	1107	1129	1
chr6	1825	1888	1
chr6	1889	1914	1
chr6	314	325	1
chr6	2970	2978	1
chr6	2734	2943	1
chr6	2190	2231	1
chr6	2561	2598	1
chr6	1347	1418	1
chr6	56	62	1
chr6	343	370	1
chr6	2137	2147	1
chr6	3008	3089	1
chr6	100	162	1
chr6	3009	3049	1
chr6	2926	2977	1
chr6	1061	1067	1
chr6	220	403	1
chr6	146	162	1
chr6	1238	1487	1
chr6	1613	1793	1
chr6	2734	2759	1
chr6	3151	3154	1
chr6	521	561	1
chr6	746	887	1
chr6	2760	2794	1
chr6	100	133	1
chr6	533	561	1
chr6	2029	2135	1
chr6	2664	2689	1
chr6	2663	2689	1
chr6	103	133	1
chr6	937	955	1
chr6	3315	3331	1
chr6	3090	3113	1
chr6	219	402	1
chr6	990	1046	1
chr6	2686	2707	1
chr6	3332	3350	1
chr6	1419	1457	1
chr6	17	28	1
chr6	2978	2997	1
chr6	640	643	1
chr6	3387	3419	1
chr6	873	887	1
chr6	3163	3172	1
chr6	12	16	1
chr6	2228	2248	1
chr6	522	532	1
chr6	3351	3359	1
chr6	610	629	1
chr6	358	629	1
chr6	991	1124	1
chr6	2249	2522	1
chr6	631	643	1
chr6	2978	3007	1
chr6	777	826	1
chr6	2136	2165	1
chr6	134	313	1
chr6	403	487	1
chr6	2850	2856	1
chr6	505	521	1
chr6	3009	3048	1
chr6	3155	3359	1
chr6	3036	3049	1
chr6	1813	1914	1
chr6	1985	2027	1
chr6	630	639	1
chr6	1795	1914	1
chr6	326	342	1
chr6	2287	2353	1
chr6	2354	2552	1
chr6	746	870	1
chr6	1068	1106	1
chr6	2653	2663	1
chr6	991	1046	1
chr6	1294	1418	1
chr6	1812	1824	1
chr6	2137	2164	1
chr6	163	342	1
chr6	4	31	1
chr6	1238	1279	1
chr6	1520	1530	1
chr6	858	872	1
chr6	2228	2231	1
chr6	3025	3137	1
chr6	66	75	1
chr6	1280	1333	1
chr6	2169	2231	1
chr6	2197	2216	1
chr6	343	357	1
chr6	101	133	1
chr6	82	102	1
chr6	134	145	1
chr6	2028	2117	1
chr6	2943	2978	1
chr6	3138	3162	1
chr6	2954	2978	1
chr6	1043	1060	1
chr6	3361	3419	1
chr6	2287	2558	1
chr6	684	709	1
chr6	2640	2657	1
chr6	2857	2887	1
chr6	2645	2652	1
chr6	956	989	1
chr6	1292	1418	1
chr6	2197	2231	1
chr6	666	683	1
chr6	633	643	1
chr6	2148	2168	1
chr6	2165	2196	1
chr6	404	487	1
chr6	2103	2216	1
chr6	2955	2969	1
chr6	947	992	1
chr6	134	162	1
chr6	1917	1984	1
chr6	3362	3419	1
chr6	2664	2677	1
chr6	1531	1612	1
chr6	2023	2102	1
chr6	2523	2551	1
chr6	1238	1293	1
chr6	610	632	1
chr6	1940	2006	2
chr6	2944	2954	2
chr6	2286	2526	2
chr6	163	219	2
chr6	2217	2227	2
chr6	1130	1144	2
chr6	683	709	2
chr6	3361	3420	2
chr6	937	947	2
chr6	710	887	2
chr6	32	55	2
chr6	1827	1885	2
chr6	2263	2285	2
chr6	2888	2942	2
chr6	1419	1483	2
chr6	2527	2552	2
chr6	2249	2286	2
chr6	3050	3113	2
chr6	1886	1914	2
chr6	1238	1291	2
chr6	710	745	2
chr6	1756	1794	2
chr6	2640	2663	2
chr6	948	990	2
chr6	2249	2262	2
chr6	1794	1812	2
chr6	3114	3150	2
chr6	1047	1124	2
chr6	2118	2136	2
chr6	2716	2733	2
chr6	1520	1755	2
chr6	82	99	2
chr6	1163	1175	2
chr6	2553	2559	2
chr6	2998	3008	2
chr6	2599	2639	2
chr6	3114	3359	2
chr6	403	488	2
chr6	630	643	2
chr6	2690	2715	2
chr6	2690	2706	2
chr6	56	59	3
chr6	60	81	3
chr6	4	30	3
chr6	644	682	3
chr6	1484	1487	3
chr6	1917	1939	3
chr6	888	919	3
chr6	1145	1162	3
chr6	505	520	3
chr6	31	55	3
chr6	2979	2997	3
chr6	1125	1144	3
chr6	920	936	3
chr6	2232	2248	4
chr6	489	504	4
chr6	1488	1519	4
chr7	731	792	1
chr7	1481	1488	1
chr7	2274	2445	1
chr7	1	31	1
chr7	2044	2077	1
chr7	1595	1648	1
chr7	26	49	1
chr7	2883	2976	1
chr7	1143	1161	1
chr7	1594	1607	1
chr7	2400	2445	1
chr7	1711	1843	1
chr7	1490	1494	1
chr7	1649	1843	1
chr7	696	746	1
chr7	1226	1230	1
chr7	1552	1578	1
chr7	1534	1551	1
chr7	2447	2462	1
chr7	657	663	1
chr7	652	803	1
chr7	2446	2462	1
chr7	3031	3051	1
chr7	1125	1136	1
chr7	2317	2357	1
chr7	49	58	1
chr7	2628	2686	1
chr7	2048	2243	1
chr7	595	651	1
chr7	1097	1161	1
chr7	840	882	1
chr7	1331	1336	1
chr7	1453	1494	1
chr7	230	295	1
chr7	131	394	1
chr7	1234	1448	1
chr7	1406	1448	1
chr7	1145	1159	1
chr7	33	138	1
chr7	1503	1533	1
chr7	2756	2771	1
chr7	1139	1142	1
chr7	2563	2570	1
chr7	883	904	1
chr7	2447	2562	1
chr7	1711	1801	1
chr7	2541	2560	1
chr7	947	1161	1
chr7	1097	1114	1
chr7	730	746	1
chr7	2612	2615	1
chr7	1563	1594	1
chr7	355	395	1
chr7	2977	2992	1
chr7	139	167	1
chr7	2416	2446	1
chr7	1649	1671	1
chr7	1234	1288	1
chr7	747	792	1
chr7	1460	1480	1
chr7	2884	2977	1
chr7	17	32	1
chr7	2446	2544	1
chr7	2802	2814	1
chr7	2782	2796	1
chr7	2993	3014	1
chr7	167	206	1
chr7	3014	3023	1
chr7	131	141	1
chr7	2571	2594	1
chr7	2157	2358	1
chr7	2755	2771	1
chr7	131	166	1
chr7	2772	2781	1
chr7	2078	2106	1
chr7	1026	1096	1
chr7	1695	1710	1
chr7	2755	2781	1
chr7	1608	1669	1
chr7	1137	1144	1
chr7	341	413	1
chr7	2165	2227	1
chr7	2747	2754	1
chr7	1607	1622	1
chr7	2975	2992	1
chr7	664	701	1
chr7	395	414	1
chr7	2561	2576	1
chr7	2869	2883	1
chr7	1241	1309	1
chr7	2808	2841	1
chr7	142	166	1
chr7	131	136	1
chr7	2797	2815	1
chr7	947	1025	1
chr7	2332	2399	1
chr7	504	663	1
chr7	2687	2705	1
chr7	1549	1577	1
chr7	2853	2867	1
chr7	1234	1449	1
chr7	1406	1449	1
chr7	167	229	1
chr7	1460	1476	1
chr7	652	695	1
chr7	1845	1854	1
chr7	1991	2001	1
chr7	1623	1693	1
chr7	230	338	1
chr7	3015	3051	1
chr7	2359	2415	1
chr7	1337	1406	1
chr7	1223	1226	1
chr7	1534	1562	1
chr7	341	367	1
chr7	2683	2715	1
chr7	3024	3051	1
chr7	2831	2841	1
chr7	646	663	1
chr7	2978	3029	1
chr7	1595	1606	1
chr7	715	729	1
chr7	905	1096	1
chr7	20	32	1
chr7	1830	1845	1
chr7	2002	2010	1
chr7	444	636	1
chr7	1797	1829	1
chr7	1649	1796	1
chr7	2731	2746	1
chr7	59	97	1
chr7	580	594	1
chr7	2716	2755	1
chr7	229	253	1
chr7	2879	2965	1
chr7	7	16	1
chr7	356	451	1
chr7	1514	1548	1
chr7	2659	2674	1
chr7	2815	2830	1
chr7	2731	2754	1
chr7	117	130	1
chr7	2228	2243	1
chr7	2495	2561	1
chr7	1337	1405	1
chr7	3109	3135	1
chr7	2545	2603	1
chr7	415	443	1
chr7	2560	2593	1
chr7	2975	3030	1
chr7	2039	2047	1
chr7	2043	2164	1
chr7	2020	2041	1
chr7	580	590	1
chr7	860	872	1
chr7	2782	2801	1
chr7	2042	2047	1
chr7	2495	2540	1
chr7	2107	2272	1
chr7	2612	2623	1
chr7	1694	1710	1
chr7	1958	1990	1
chr7	2562	2594	1
chr7	1802	1844	1
chr7	2993	3013	1
chr7	504	656	1
chr7	415	451	1
chr7	2624	2730	1
chr7	961	1033	1
chr7	168	228	1
chr7	2869	2878	1
chr7	33	48	1
chr7	1672	1694	1
chr7	1711	1830	1
chr7	1222	1225	1
chr7	2020	2038	1
chr7	805	859	1
chr7	1579	1607	1
chr7	1115	1120	1
chr7	2039	2043	1
chr7	414	451	1
chr7	2826	2840	1
chr7	2092	2105	1
chr7	2841	2852	1
chr7	1844	1855	1
chr7	415	495	1
chr7	881	918	1
chr7	2317	2358	1
chr7	2010	2039	1
chr7	1477	1502	1
chr7	368	395	1
chr7	905	918	1
chr7	882	904	1
chr7	1858	1998	1
chr7	2273	2316	1
chr7	2843	2882	1
chr7	2359	2446	1
chr7	106	116	1
chr7	2772	2807	1
chr7	1311	1336	1
chr7	2595	2604	1
chr7	1855	1957	1
chr7	17	25	1
chr7	1503	1513	1
chr7	3088	3093	1
chr7	1831	1845	1
chr7	1	7	1
chr7	2243	2273	1
chr7	207	229	1
chr7	2078	2091	1
chr7	1856	2077	1
chr7	1503	1594	1
chr7	26	48	1
chr7	1578	1607	1
chr7	7	19	1
chr7	1407	1445	1
chr7	302	340	1
chr7	138	295	1
chr7	1498	1502	1
chr7	2577	2594	1
chr7	702	730	1
chr7	637	645	1
chr7	2606	2615	1
chr7	452	495	1
chr7	2594	2604	1
chr7	2683	2781	1
chr7	1310	1330	1
chr7	961	1096	1
chr7	1121	1124	1
chr7	1670	1710	1
chr7	2244	2316	1
chr7	2706	2780	1
chr7	793	839	1
chr7	2048	2242	1
chr7	2269	2316	1
chr7	2317	2331	1
chr7	2011	2038	1
chr7	2358	2559	1
chr7	804	839	1
chr7	8	16	1
chr7	254	301	1
chr7	3094	3108	1
chr7	2675	2682	1
chr7	1097	1138	1
chr7	339	355	1
chr7	2000	2009	1
chr7	2966	3029	1
chr7	2106	2156	1
chr7	98	105	1
chr7	2628	2658	1
chr7	873	880	1
chr7	805	881	1
chr7	1844	1857	1
chr7	1331	1405	1
chr7	3136	3183	1
chr7	1241	1310	1
chr7	1535	1593	1
chr7	747	839	1
chr7	2816	2825	1
chr7	341	354	1
chr7	591	651	1
chr7	1289	1330	1
chr7	7	25	1
chr7	2244	2268	1
chr7	49	105	1
chr7	2683	2730	1
chr7	32	49	1
chr7	715	792	1
chr7	1034	1161	1
chr7	2869	2974	2
chr7	1502	1533	2
chr7	396	414	2
chr7	2595	2603	2
chr7	947	960	2
chr7	2606	2611	2
chr7	2606	2627	2
chr7	2616	2627	2
chr7	545	579	2
chr7	1846	2019	2
chr7	664	714	2
chr7	296	340	2
chr7	1229	1232	2
chr7	1235	1240	2
chr7	473	505	2
chr7	2463	2494	2
chr7	496	503	2
chr7	1453	1493	2
chr7	50	105	2
chr7	793	804	2
chr7	1608	1648	2
chr7	506	544	2
chr7	840	859	2
chr7	860	946	2
chr7	919	946	2
chr7	452	472	2
chr7	1449	1459	2
chr7	1228	1232	2
chr7	2803	2841	2
chr7	2782	2802	2
chr7	3030	3051	2
chr7	2628	2682	2
chr7	106	130	3
chr7	2843	2867	3
chr7	1	6	3
chr7	3088	3183	4
chr7	3052	3086	5
chr8	2890	2907	1
chr8	2845	2855	1
chr8	259	340	1
chr8	2889	2906	1
chr8	1850	1983	1
chr8	461	482	1
chr8	225	238	1
chr8	1654	1711	1
chr8	2475	2634	1
chr8	1737	1848	1
chr8	1463	1484	1
chr8	2368	2429	1
chr8	144	150	1
chr8	152	156	1
chr8	1070	1143	1
chr8	1485	1524	1
chr8	1455	1462	1
chr8	1413	1454	1
chr8	467	482	1
chr8	978	997	1
chr8	252	333	1
chr8	671	734	1
chr8	179	214	1
chr8	1463	1524	1
chr8	2834	2848	1
chr8	1620	1638	1
chr8	1735	1849	1
chr8	2899	2906	1
chr8	622	641	1
chr8	550	554	1
chr8	334	358	1
chr8	550	573	1
chr8	2894	2906	1
chr8	2418	2439	1
chr8	401	442	1
chr8	358	374	1
chr8	2830	2833	1
chr8	441	466	1
chr8	798	877	1
chr8	937	1240	1
chr8	1309	1347	1
chr8	483	549	1
chr8	735	765	1
chr8	544	573	1
chr8	2440	2510	1
chr8	2636	2675	1
chr8	2888	2900	1
chr8	1056	1165	1
chr8	2092	2110	1
chr8	2197	2309	1
chr8	341	357	1
chr8	1144	1222	1
chr8	1389	1412	1
chr8	1974	2089	1
chr8	975	1051	1
chr8	1712	1732	1
chr8	1735	1845	1
chr8	1849	1946	1
chr8	555	734	1
chr8	1249	1308	1
chr8	2690	2795	1
chr8	939	977	1
chr8	2849	2887	1
chr8	134	161	1
chr8	2139	2176	1
chr8	359	373	1
chr8	2875	2898	1
chr8	42	271	1
chr8	2317	2350	1
chr8	1166	1191	1
chr8	1611	1652	1
chr8	357	375	1
chr8	2835	2844	1
chr8	781	840	1
chr8	2901	2906	1
chr8	2090	2110	1
chr8	2208	2316	1
chr8	1135	1240	1
chr8	1190	1222	1
chr8	1737	1771	1
chr8	158	224	1
chr8	467	541	1
chr8	1192	1223	1
chr8	126	133	1
chr8	2403	2417	1
chr8	1822	1894	1
chr8	2092	2153	1
chr8	2096	2138	1
chr8	796	830	1
chr8	1586	1611	1
chr8	1614	1619	1
chr8	841	858	1
chr8	4	142	1
chr8	2197	2207	1
chr8	2511	2522	1
chr8	773	794	1
chr8	2691	2814	1
chr8	2623	2676	1
chr8	2623	2635	1
chr8	2511	2617	1
chr8	2815	2849	1
chr8	1947	1983	1
chr8	2911	2925	1
chr8	442	460	1
chr8	2440	2474	1
chr8	998	1060	1
chr8	1639	1652	1
chr8	937	997	1
chr8	2178	2308	1
chr8	2691	2834	1
chr8	1588	1652	1
chr8	762	772	1
chr8	2636	2718	1
chr8	1052	1144	1
chr8	1525	1586	1
chr8	2909	2914	1
chr8	2511	2534	1
chr8	1567	1587	1
chr8	2523	2534	1
chr8	1166	1189	1
chr8	671	752	1
chr8	2557	2616	1
chr8	2154	2177	1
chr8	193	224	1
chr8	2411	2429	1
chr8	774	828	1
chr8	443	549	1
chr8	1377	1388	1
chr8	1587	1610	1
chr8	1412	1462	1
chr8	1846	1894	1
chr8	1815	1821	1
chr8	215	224	1
chr8	1348	1376	1
chr8	670	734	1
chr8	406	610	1
chr8	2916	2925	1
chr8	1526	1586	1
chr8	2155	2309	1
chr8	2369	2410	1
chr8	574	734	1
chr8	1224	1248	1
chr8	344	373	1
chr8	2078	2091	1
chr8	781	828	1
chr8	1067	1108	1
chr8	1390	1411	1
chr8	1348	1587	1
chr8	2475	2622	1
chr8	245	251	1
chr8	245	258	1
chr8	1348	1389	1
chr8	2849	2855	1
chr8	2368	2402	1
chr8	2792	2830	1
chr8	2888	2893	1
chr8	859	876	1
chr8	2676	2689	1
chr8	126	134	1
chr8	2636	2676	1
chr8	773	779	1
chr8	831	858	1
chr8	1532	1566	1
chr8	4	271	1
chr8	2111	2154	1
chr8	937	1051	1
chr8	2557	2622	1
chr8	2857	2888	1
chr8	2111	2176	1
chr8	375	394	1
chr8	829	858	1
chr8	542	573	1
chr8	442	466	1
chr8	245	400	1
chr8	1145	1165	1
chr8	2024	2095	1
chr8	395	401	1
chr8	1109	1134	1
chr8	2719	2829	1
chr8	1772	1814	1
chr8	2024	2368	1
chr8	1895	1908	1
chr8	2475	2510	1
chr8	402	405	1
chr8	766	773	1
chr8	483	543	1
chr8	2857	2874	1
chr8	179	192	1
chr8	1909	1927	1
chr8	344	356	1
chr8	937	974	1
chr8	2309	2350	1
chr8	376	440	1
chr8	780	797	1
chr8	2418	2429	1
chr8	1974	2077	1
chr8	1928	1983	1
chr8	2430	2439	1
chr8	574	610	1
chr8	3	40	1
chr8	574	621	1
chr8	2024	2091	1
chr8	998	1055	1
chr8	642	667	1
chr8	2418	2510	1
chr8	829	876	1
chr8	1525	1531	1
chr8	2796	2849	1
chr8	753	761	1
chr8	4	41	1
chr8	2635	2675	1
chr8	2691	2791	1
chr8	4	40	1
chr8	2831	2848	1
chr8	1735	1894	1
chr8	1526	1585	1
chr8	2910	2915	1
chr8	135	161	1
chr8	1052	1069	1
chr8	1061	1066	1
chr8	1895	1911	2
chr8	395	400	2
chr8	1653	1731	2
chr8	2177	2196	2
chr8	272	343	2
chr8	1620	1652	2
chr8	773	780	2
chr8	1588	1619	2
chr8	374	394	2
chr8	1912	1945	2
chr8	2430	2474	2
chr8	2310	2367	2
chr8	611	670	2
chr8	859	877	2
chr8	2351	2367	2
chr8	1653	1732	2
chr8	1286	1347	2
chr8	162	178	2
chr8	401	441	2
chr8	225	239	2
chr8	1241	1285	2
chr8	2618	2635	2
chr8	41	125	2
chr8	2910	2914	2
chr8	1946	1973	2
chr8	1243	1525	2
chr8	2368	2417	2
chr8	1223	1242	2
chr8	2857	2887	2
chr8	2850	2855	2
chr8	2535	2556	2
chr8	2915	2927	3
chr8	2677	2690	3
chr8	1984	2023	3
chr8	735	772	3
chr9	2741	2754	1
chr9	2615	2618	1
chr9	299	350	1
chr9	1949	1989	1
chr9	936	940	1
chr9	806	815	1
chr9	2344	2356	1
chr9	1725	1778	1
chr9	2693	2706	1
chr9	2357	2389	1
chr9	2681	2705	1
chr9	900	905	1
chr9	2205	2244	1
chr9	2277	2289	1
chr9	843	852	1
chr9	806	817	1
chr9	1351	1360	1
chr9	1725	1805	1
chr9	254	298	1
chr9	1620	1686	1
chr9	2468	2484	1
chr9	137	199	1
chr9	538	546	1
chr9	2694	2753	1
chr9	2564	2637	1
chr9	535	554	1
chr9	2649	2662	1
chr9	1730	1780	1
chr9	779	784	1
chr9	1779	1839	1
chr9	2291	2329	1
chr9	2204	2232	1
chr9	2551	2563	1
chr9	2554	2618	1
chr9	1555	1595	1
chr9	2283	2297	1
chr9	547	661	1
chr9	1990	2013	1
chr9	867	880	1
chr9	2679	2703	1
chr9	2151	2233	1
chr9	317	350	1
chr9	1466	1518	1
chr9	2719	2784	1
chr9	2260	2288	1
chr9	2673	2678	1
chr9	843	848	1
chr9	1466	1554	1
chr9	2665	2678	1
chr9	2321	2485	1
chr9	391	425	1
chr9	22	314	1
chr9	426	537	1
chr9	2009	2021	1
chr9	2707	2784	1
chr9	689	712	1
chr9	2290	2320	1
chr9	2330	2343	1
chr9	694	712	1
chr9	1840	1844	1
chr9	2357	2512	1
chr9	2283	2320	1
chr9	291	316	1
chr9	673	688	1
chr9	837	841	1
chr9	900	904	1
chr9	1910	2038	1
chr9	1947	1989	1
chr9	2652	2660	1
chr9	2672	2693	1
chr9	2794	2823	1
chr9	770	865	1
chr9	1396	1405	1
chr9	1417	1465	1
chr9	2523	2543	1
chr9	2789	2809	1
chr9	2653	2662	1
chr9	1417	1433	1
chr9	662	672	1
chr9	2755	2788	1
chr9	2245	2260	1
chr9	2706	2791	1
chr9	2486	2497	1
chr9	857	864	1
chr9	3	250	1
chr9	2233	2246	1
chr9	1620	1655	1
chr9	2544	2553	1
chr9	867	898	1
chr9	1874	1948	1
chr9	251	263	1
chr9	2513	2543	1
chr9	2269	2276	1
chr9	2200	2232	1
chr9	2343	2366	1
chr9	2087	2150	1
chr9	1854	1858	1
chr9	2498	2512	1
chr9	2487	2522	1
chr9	716	728	1
chr9	2672	2692	1
chr9	2234	2246	1
chr9	2247	2260	1
chr9	290	313	1
chr9	200	253	1
chr9	1913	1948	1
chr9	1983	1989	1
chr9	694	715	1
chr9	113	136	1
chr9	315	350	1
chr9	1898	1909	1
chr9	1781	1799	1
chr9	1466	1617	1
chr9	2792	2809	1
chr9	1555	1619	1
chr9	2319	2329	1
chr9	1874	1898	1
chr9	868	879	1
chr9	908	930	1
chr9	1779	1847	1
chr9	749	769	1
chr9	1687	1729	1
chr9	1949	1959	1
chr9	1518	1580	1
chr9	662	675	1
chr9	1380	1394	1
chr9	882	886	1
chr9	1402	1405	1
chr9	2322	2342	1
chr9	1340	1343	1
chr9	2033	2199	1
chr9	816	819	1
chr9	1724	1778	1
chr9	2706	2740	1
chr9	5	253	1
chr9	1874	1912	1
chr9	2084	2204	1
chr9	390	449	1
chr9	1903	1946	1
chr9	2083	2203	1
chr9	2039	2068	1
chr9	1800	1839	1
chr9	769	786	1
chr9	2485	2505	1
chr9	2679	2705	1
chr9	2039	2083	1
chr9	1596	1618	1
chr9	1859	1873	1
chr9	2665	2672	1
chr9	314	350	1
chr9	2605	2614	1
chr9	1656	1724	1
chr9	2794	2809	1
chr9	2468	2486	1
chr9	1581	1617	1
chr9	2289	2318	1
chr9	2506	2511	1
chr9	935	939	1
chr9	2009	2013	1
chr9	2069	2086	1
chr9	1902	1912	1
chr9	932	942	1
chr9	729	768	1
chr9	733	777	1
chr9	2754	2787	1
chr9	2605	2619	1
chr9	2524	2543	1
chr9	2260	2290	1
chr9	2468	2543	1
chr9	1806	1839	1
chr9	2261	2268	1
chr9	1854	1902	1
chr9	694	728	1
chr9	1913	1929	1
chr9	1619	1723	1
chr9	2357	2366	1
chr9	2298	2321	1
chr9	2638	2662	1
chr9	2513	2523	1
chr9	2810	2822	1
chr9	2247	2259	1
chr9	2261	2282	1
chr9	1959	1982	1
chr9	254	290	1
chr9	1725	1839	1
chr9	1519	1554	1
chr9	2788	2823	1
chr9	2672	2680	1
chr9	1960	1982	1
chr9	2652	2662	1
chr9	2544	2618	1
chr9	713	728	1
chr9	1874	1897	1
chr9	2009	2032	1
chr9	2033	2150	1
chr9	1407	1415	1
chr9	555	661	1
chr9	2638	2652	1
chr9	1983	2008	1
chr9	729	786	1
chr9	1930	1958	1
chr9	770	784	1
chr9	944	947	1
chr9	676	693	1
chr9	729	769	1
chr9	391	748	1
chr9	2513	2550	1
chr9	1518	1619	1
chr9	1310	1343	1
chr9	2704	2718	1
chr9	934	941	1
chr9	2620	2637	1
chr9	4	112	1
chr9	2321	2329	1
chr9	314	389	1
chr9	1434	1465	1
chr9	2033	2038	1
chr9	264	289	1
chr9	2151	2282	1
chr9	713	732	1
chr9	22	313	1
chr9	2022	2082	1
chr9	2233	2259	1
chr9	450	534	1
chr9	867	879	2
chr9	895	898	2
chr9	2343	2356	2
chr9	843	853	2
chr9	2553	2563	2
chr9	1618	1724	2
chr9	689	693	2
chr9	2330	2342	2
chr9	1334	1338	2
chr9	2367	2389	2
chr9	2785	2793	2
chr9	895	903	2
chr9	806	819	2
chr9	2564	2592	2
chr9	1466	1517	2
chr9	2593	2604	2
chr9	2810	2823	2
chr9	1310	1313	2
chr9	2014	2032	2
chr9	1	21	2
chr9	666	688	2
chr9	2544	2552	2
chr9	913	929	2
chr9	1320	1323	2
chr9	1330	1338	2
chr9	1990	2008	2
chr9	1380	1405	2
chr9	391	665	2
chr9	913	928	2
chr9	1380	1400	2
chr9	1420	1465	3
chr9	2665	2671	3
chr9	1854	1873	3
chr9	1840	1847	3
chr9	2619	2637	3
chr9	908	911	3
chr9	2390	2467	3
chr9	858	864	3
chr9	2638	2648	3
chr9	882	889	3
chr9	351	390	4
chr9	801	804	4
chr9	1353	1360	4
chr9	1410	1415	4
chr9	1374	1377	5
chr9	1363	1371	5
chr9	1345	1348	5
chrX	3054	3076	1
chrX	551	603	1
chrX	1295	1418	1
chrX	2305	2364	1
chrX	31	77	1
chrX	2305	2382	1
chrX	3061	3075	1
chrX	3076	3082	1
chrX	59	75	1
chrX	744	820	1
chrX	690	873	1
chrX	2069	2114	1
chrX	1421	1445	1
chrX	549	572	1
chrX	2727	2796	1
chrX	2	5	1
chrX	2471	2572	1
chrX	1996	2029	1
chrX	23	75	1
chrX	988	1043	1
chrX	2671	2723	1
chrX	833	874	1
chrX	941	969	1
chrX	487	548	1
chrX	1900	2100	1
chrX	259	281	1
chrX	821	940	1
chrX	2896	3042	1
chrX	176	203	1
chrX	844	876	1
chrX	988	1017	1
chrX	2175	2188	1
chrX	691	742	1
chrX	2572	2616	1
chrX	2672	2684	1
chrX	176	202	1
chrX	2797	2895	1
chrX	651	739	1
chrX	1052	1062	1
chrX	2035	2113	1
chrX	2393	2571	1
chrX	1361	1371	1
chrX	2617	2670	1
chrX	336	367	1
chrX	1234	1344	1
chrX	1250	1294	1
chrX	2700	2726	1
chrX	638	691	1
chrX	2797	2852	1
chrX	315	336	1
chrX	2403	2572	1
chrX	282	306	1
chrX	2349	2401	1
chrX	620	690	1
chrX	237	259	1
chrX	1901	2172	1
chrX	810	822	1
chrX	2114	2149	1
chrX	77	174	1
chrX	823	843	1
chrX	2685	2796	1
chrX	1018	1043	1
chrX	770	809	1
chrX	337	387	1
chrX	6	21	1
chrX	2671	2701	1
chrX	1444	1533	1
chrX	2150	2304	1
chrX	1420	1441	1
chrX	3048	3065	1
chrX	3048	3071	1
chrX	2161	2174	1
chrX	810	832	1
chrX	260	314	1
chrX	257	307	1
chrX	1440	1477	1
chrX	2365	2396	1
chrX	3042	3045	1
chrX	204	213	1
chrX	406	550	1
chrX	1421	1440	1
chrX	204	223	1
chrX	271	281	1
chrX	603	615	1
chrX	3066	3082	1
chrX	1548	1911	1
chrX	3072	3076	1
chrX	2620	2671	1
chrX	2782	2884	1
chrX	505	548	1
chrX	929	939	1
chrX	2642	2672	1
chrX	1535	1888	1
chrX	2724	2796	1
chrX	1549	1900	1
chrX	2115	2160	1
chrX	237	258	1
chrX	772	809	1
chrX	2383	2401	1
chrX	2189	2193	1
chrX	692	742	1
chrX	2301	2348	1
chrX	336	388	1
chrX	941	983	1
chrX	1419	1439	1
chrX	1062	1092	1
chrX	651	742	1
chrX	388	405	1
chrX	744	771	1
chrX	2603	2616	1
chrX	3048	3053	1
chrX	2575	2619	1
chrX	1106	1172	1
chrX	77	202	1
chrX	78	175	1
chrX	2034	2068	1
chrX	2983	3041	1
chrX	2603	2670	1
chrX	1052	1060	1
chrX	23	58	1
chrX	25	55	1
chrX	604	615	1
chrX	1996	2031	1
chrX	57	75	1
chrX	2640	2670	1
chrX	260	270	1
chrX	1446	1460	1
chrX	2194	2299	1
chrX	2397	2401	1
chrX	1345	1360	1
chrX	2984	3041	1
chrX	875	940	1
chrX	970	985	1
chrX	1889	1995	1
chrX	204	224	1
chrX	406	474	1
chrX	3042	3060	1
chrX	2885	2983	1
chrX	616	689	1
chrX	616	637	1
chrX	2855	2982	1
chrX	744	873	1
chrX	2403	2574	1
chrX	405	549	1
chrX	1051	1061	1
chrX	3048	3105	1
chrX	583	615	1
chrX	2305	2398	1
chrX	1445	1533	1
chrX	1093	1136	1
chrX	2673	2781	1
chrX	2620	2641	1
chrX	1075	1105	1
chrX	874	928	1
chrX	1372	1444	1
chrX	1445	1460	1
chrX	225	281	1
chrX	1535	1547	1
chrX	1250	1348	1
chrX	1025	1061	1
chrX	474	504	1
chrX	1549	1899	1
chrX	224	259	1
chrX	2671	2699	1
chrX	308	335	1
chrX	214	223	1
chrX	2030	2034	1
chrX	1075	1172	1
chrX	550	582	1
chrX	78	158	1
chrX	877	940	1
chrX	940	983	1
chrX	2853	2982	1
chrX	78	174	1
chrX	389	404	1
chrX	56	76	1
chrX	2797	2854	1
chrX	1896	1995	1
chrX	1052	1061	1
chrX	2301	2304	1
chrX	1912	2172	1
chrX	307	335	1
chrX	941	984	1
chrX	368	405	1
chrX	874	940	1
chrX	159	175	1
chrX	2403	2470	1
chrX	25	31	1
chrX	475	486	1
chrX	2101	2300	1
chrX	2620	2639	1
chrX	2	21	1
chrX	1549	1895	1
chrX	2403	2619	1
chrX	573	615	1
chrX	941	985	1
chrX	2797	2982	1
chrX	4	30	1
chrX	744	769	1
chrX	603	619	1
chrX	984	1024	1
chrX	32	56	1
chrX	2305	2392	1
chrX	2702	2796	1
chrX	506	548	1
chrX	474	505	1
chrX	224	256	1
chrX	195	203	2
chrX	405	473	2
chrX	175	194	2
chrX	2983	3045	2
chrX	1461	1477	2
chrX	616	650	2
chrX	308	336	2
chrX	1234	1348	2
chrX	392	404	2
chrX	3077	3082	2
chrX	282	307	2
chrX	1234	1248	2
chrX	2215	2304	2
chrX	337	391	2
chrX	4	21	2
chrX	549	582	2
chrX	1075	1136	2
chrX	2573	2602	2
chrX	203	236	2
chrX	988	1042	2
chrX	583	602	2
chrX	2173	2214	2
chrX	1535	1548	3
chrX	1349	1373	3
chrX	1478	1533	3
chrX	1137	1172	3
chrX	1374	1418	3
chrX	1063	1074	4
chrX	3083	3105	4
