chr1	1870	1887	1
chr1	3452	3483	1
chr1	3235	3250	1
chr1	4405	4418	1
chr1	4478	4491	1
chr1	3740	3778	1
chr1	2930	2948	1
chr1	3740	3774	1
chr1	1213	1225	1
chr1	3434	3450	1
chr1	1146	1176	1
chr1	951	966	1
chr1	1226	1238	1
chr1	1210	1250	1
chr1	2098	2132	1
chr1	1583	1649	1
chr1	2005	2035	1
chr1	4758	4787	1
chr1	1431	1451	1
chr1	4401	4418	1
chr1	162	178	1
chr1	1614	1639	1
chr1	3919	3933	1
chr1	4758	4785	1
chr1	1849	1862	1
chr1	1209	1224	1
chr1	3740	3779	1
chr1	194	209	1
chr1	708	729	1
chr1	4534	4554	1
chr1	1839	1863	1
chr1	1986	2004	1
chr1	3251	3265	1
chr1	891	903	1
chr1	2271	2286	1
chr1	1928	1980	1
chr1	2231	2257	1
chr1	1583	1612	1
chr1	1714	1736	1
chr1	4493	4511	1
chr1	4236	4263	1
chr1	3306	3335	1
chr1	288	303	1
chr1	2371	2401	1
chr1	3183	3195	1
chr1	2190	2211	1
chr1	4909	4937	1
chr1	2087	2137	1
chr1	223	236	1
chr1	1146	1174	1
chr1	287	304	1
chr1	1209	1251	1
chr1	3991	4010	1
chr1	4316	4360	1
chr1	3740	3775	1
chr1	1869	1886	1
chr1	3741	3774	1
chr1	2091	2133	1
chr1	3434	3451	1
chr1	3656	3670	1
chr1	4842	4864	1
chr1	969	984	1
chr1	3560	3587	1
chr1	1050	1074	1
chr1	2041	2082	1
chr1	440	480	1
chr1	4904	4937	1
chr1	401	417	1
chr1	3336	3351	1
chr1	2163	2180	1
chr1	4205	4228	1
chr1	3785	3807	1
chr1	4905	4927	1
chr1	1981	2003	1
chr1	4402	4418	1
chr1	2086	2137	1
chr1	1614	1644	1
chr1	1086	1108	1
chr1	3678	3693	1
chr1	810	829	1
chr1	3318	3335	1
chr1	1841	1865	1
chr1	4460	4477	1
chr1	3235	3249	1
chr1	400	416	1
chr1	317	336	1
chr1	4478	4492	1
chr1	1810	1834	1
chr1	3318	3334	1
chr1	3537	3557	1
chr1	3431	3450	1
chr1	2094	2132	1
chr1	4531	4552	1
chr1	4142	4157	1
chr1	3007	3020	1
chr1	4531	4566	1
chr1	4874	4891	1
chr1	1225	1249	1
chr1	3500	3533	1
chr1	4143	4158	1
chr1	988	1014	1
chr1	3319	3334	1
chr1	3305	3335	1
chr1	4316	4361	1
chr1	1598	1613	1
chr1	4535	4553	1
chr1	4316	4335	1
chr1	3397	3418	1
chr1	1436	1461	1
chr1	4039	4075	1
chr1	79	120	1
chr1	2229	2258	1
chr1	1525	1551	1
chr1	483	499	1
chr1	2272	2287	1
chr1	4910	4937	1
chr1	482	511	1
chr1	447	465	1
chr1	2310	2324	1
chr1	1723	1736	1
chr1	4735	4755	1
chr1	3502	3529	1
chr1	1583	1597	1
chr1	1614	1645	1
chr1	3453	3481	1
chr1	4870	4890	1
chr1	3454	3466	1
chr1	4707	4723	1
chr1	4906	4933	1
chr1	1504	1523	1
chr1	3991	4009	1
chr1	1379	1406	1
chr1	400	417	1
chr1	4669	4689	1
chr1	629	652	1
chr1	1869	1887	1
chr1	4338	4359	1
chr1	3434	3449	1
chr1	1463	1502	1
chr1	3052	3065	1
chr1	355	383	1
chr1	288	308	1
chr1	1613	1649	1
chr1	439	474	1
chr1	3810	3848	1
chr1	3233	3265	1
chr1	4708	4723	1
chr1	988	1015	1
chr1	1713	1736	1
chr1	1810	1836	1
chr1	3862	3919	1
chr1	3007	3021	1
chr1	2272	2289	1
chr1	179	192	1
chr1	4338	4360	1
chr1	4143	4157	1
chr1	3861	3932	1
chr1	3234	3249	1
chr1	1019	1035	1
chr1	4213	4228	1
chr1	3049	3068	1
chr1	905	919	1
chr1	3848	3861	1
chr1	3006	3020	1
chr1	3862	3921	1
chr1	1737	1750	1
chr1	3366	3390	1
chr1	4316	4367	1
chr1	682	697	1
chr1	1210	1224	1
chr1	3609	3621	1
chr1	3235	3251	1
chr1	707	729	1
chr1	4478	4490	1
chr1	4669	4688	1
chr1	1619	1639	1
chr1	3453	3466	1
chr1	1584	1596	1
chr1	1225	1248	1
chr1	2288	2304	1
chr1	3537	3558	1
chr1	1616	1648	1
chr1	1810	1835	1
chr1	3500	3535	1
chr1	1839	1864	1
chr1	4234	4252	1
chr1	2005	2036	1
chr1	4169	4194	1
chr1	1914	1980	1
chr1	4210	4228	1
chr1	3484	3499	1
chr1	443	465	1
chr1	1849	1863	1
chr1	3920	3933	1
chr1	2230	2258	1
chr1	708	728	1
chr1	4317	4337	1
chr1	3992	4009	1
chr1	3918	3933	1
chr1	4297	4314	1
chr1	3234	3250	1
chr1	628	651	1
chr1	4708	4724	1
chr1	3536	3557	1
chr1	1983	2003	1
chr1	3629	3655	1
chr1	3025	3039	1
chr1	4759	4783	1
chr1	2357	2369	1
chr1	1599	1612	1
chr1	1378	1420	1
chr1	3306	3334	1
chr1	4895	4938	1
chr1	4909	4938	1
chr1	4532	4552	2
chr1	3849	3861	2
chr1	1866	1886	2
chr1	4290	4315	2
chr1	4369	4389	2
chr1	3040	3068	2
chr1	4736	4754	2
chr1	4433	4452	2
chr1	4735	4754	2
chr1	2289	2304	2
chr1	545	562	2
chr1	969	985	2
chr1	838	871	2
chr1	4637	4654	2
chr1	1431	1462	2
chr1	3536	3558	2
chr1	1838	1863	2
chr1	3862	3885	2
chr1	4296	4314	2
chr1	4707	4724	2
chr1	3559	3587	2
chr1	2287	2304	2
chr1	3992	4010	2
chr1	1018	1035	2
chr1	4594	4612	2
chr1	193	209	2
chr1	2272	2286	2
chr1	1687	1709	2
chr1	1017	1035	2
chr1	1931	1946	2
chr1	4462	4477	2
chr1	3565	3586	2
chr1	708	730	2
chr1	1948	1979	2
chr1	1820	1834	2
chr1	3740	3808	2
chr1	1359	1377	2
chr1	4614	4628	2
chr1	1914	1982	2
chr1	1088	1109	2
chr1	970	985	2
chr1	3234	3265	2
chr1	288	304	2
chr1	3451	3483	2
chr1	3396	3428	2
chr1	4905	4926	2
chr1	1380	1406	2
chr1	4060	4075	2
chr1	3623	3655	2
chr1	1086	1109	2
chr1	3889	3917	2
chr1	3500	3534	2
chr1	3397	3417	2
chr1	3624	3655	2
chr1	1310	1338	2
chr1	441	465	2
chr1	511	526	2
chr1	2310	2325	2
chr1	1983	2004	2
chr1	1583	1650	2
chr1	4169	4198	2
chr1	2229	2257	2
chr1	3921	3933	2
chr1	1751	1781	2
chr1	682	704	2
chr1	1209	1225	2
chr1	4212	4228	2
chr1	4635	4668	2
chr1	4818	4833	2
chr1	1379	1405	2
chr1	2309	2325	2
chr1	1431	1461	2
chr1	4169	4197	2
chr1	4419	4431	2
chr1	4655	4668	3
chr1	1721	1736	3
chr1	4613	4628	3
chr1	4338	4366	3
chr1	4867	4891	3
chr1	2327	2341	3
chr1	3396	3427	3
chr1	1947	1979	3
chr1	2005	2027	3
chr1	4316	4337	3
chr1	545	561	3
chr1	3483	3499	3
chr1	1146	1175	3
chr1	1598	1612	3
chr1	4432	4452	3
chr1	3728	3808	3
chr1	1687	1708	3
chr1	1751	1780	3
chr1	3862	3920	3
chr1	3862	3886	3
chr1	1360	1377	3
chr1	1226	1248	3
chr1	3024	3039	3
chr1	1930	1946	3
chr1	4818	4832	3
chr1	987	1015	3
chr1	1431	1503	3
chr1	1209	1250	3
chr1	4725	4754	3
chr1	4636	4654	3
chr1	834	864	3
chr1	4636	4668	3
chr1	1310	1339	3
chr1	1344	1358	3
chr1	3739	3808	3
chr1	789	804	3
chr1	1050	1073	4
chr1	3809	3848	4
chr1	3672	3693	4
chr1	487	510	4
chr1	3787	3807	4
chr1	1504	1522	4
chr1	4235	4263	4
chr1	3366	3391	4
chr1	3182	3195	4
chr1	3085	3102	4
chr1	317	335	4
chr1	2370	2401	4
chr1	80	120	4
chr1	4844	4864	4
chr1	160	178	4
chr1	1265	1279	4
chr1	3336	3352	4
chr1	359	383	4
chr1	904	920	4
chr1	1526	1551	4
chr1	1583	1613	4
chr1	3267	3301	5
chr1	1552	1567	5
chr1	3974	3990	5
chr1	3695	3725	5
chr1	1111	1143	5
chr1	4419	4456	5
chr1	3949	3973	5
chr1	4756	4801	5
chr1	4042	4058	5
chr1	3163	3181	5
chr1	4369	4399	5
chr10	2171	2232	1
chr10	1419	1438	1
chr10	1314	1359	1
chr10	1791	1806	1
chr10	352	370	1
chr10	1360	1374	1
chr10	1313	1391	1
chr10	2496	2516	1
chr10	2107	2122	1
chr10	1830	1851	1
chr10	1142	1197	1
chr10	2206	2231	1
chr10	1688	1714	1
chr10	1790	1811	1
chr10	2679	2709	1
chr10	380	395	1
chr10	513	536	1
chr10	321	336	1
chr10	1250	1279	1
chr10	2126	2161	1
chr10	648	667	1
chr10	1314	1390	1
chr10	379	400	1
chr10	2384	2403	1
chr10	129	150	1
chr10	1791	1811	1
chr10	187	205	1
chr10	1965	1981	1
chr10	2320	2338	1
chr10	2600	2614	1
chr10	2384	2398	1
chr10	187	202	1
chr10	1145	1197	1
chr10	520	537	1
chr10	187	229	1
chr10	2341	2364	1
chr10	1927	1947	1
chr10	2108	2122	1
chr10	1444	1471	1
chr10	1000	1013	1
chr10	2383	2402	1
chr10	1719	1762	1
chr10	1094	1133	1
chr10	511	536	1
chr10	648	666	1
chr10	1892	1908	1
chr10	2616	2638	1
chr10	1793	1808	1
chr10	596	617	1
chr10	2169	2232	1
chr10	1963	1981	1
chr10	1326	1359	1
chr10	2309	2338	1
chr10	1098	1138	1
chr10	97	113	1
chr10	1690	1713	1
chr10	1991	2022	1
chr10	2041	2053	1
chr10	1835	1851	1
chr10	187	206	1
chr10	187	207	1
chr10	2125	2161	1
chr10	2616	2637	1
chr10	1991	2025	1
chr10	1376	1390	1
chr10	380	396	1
chr10	2348	2364	1
chr10	1091	1106	1
chr10	1786	1811	1
chr10	1689	1714	1
chr10	2126	2158	1
chr10	1251	1275	1
chr10	1690	1712	1
chr10	883	895	1
chr10	1889	1907	1
chr10	2128	2158	1
chr10	2348	2363	1
chr10	1251	1273	1
chr10	553	575	1
chr10	469	496	1
chr10	277	299	1
chr10	2309	2337	1
chr10	647	666	1
chr10	1059	1079	1
chr10	2387	2402	1
chr10	854	924	1
chr10	1392	1414	1
chr10	2641	2673	1
chr10	2005	2022	1
chr10	2125	2162	1
chr10	38	58	1
chr10	2056	2071	1
chr10	2365	2380	1
chr10	1146	1197	1
chr10	1148	1180	1
chr10	1325	1358	1
chr10	2386	2402	1
chr10	1962	1980	1
chr10	1689	1713	1
chr10	64	96	2
chr10	672	686	2
chr10	597	617	2
chr10	1250	1275	2
chr10	619	642	2
chr10	402	422	2
chr10	2523	2549	2
chr10	882	896	2
chr10	2533	2548	2
chr10	1861	1873	2
chr10	598	617	2
chr10	1990	2026	2
chr10	2283	2305	2
chr10	379	401	2
chr10	2321	2337	2
chr10	1836	1851	2
chr10	718	743	2
chr10	512	536	2
chr10	1091	1134	2
chr10	1143	1197	2
chr10	2453	2470	2
chr10	647	667	2
chr10	1962	1981	2
chr10	1315	1358	2
chr10	2107	2121	2
chr10	744	782	2
chr10	2320	2337	2
chr10	1315	1359	2
chr10	318	335	3
chr10	745	782	3
chr10	1314	1391	3
chr10	2088	2104	3
chr10	2366	2382	3
chr10	63	96	3
chr10	619	645	3
chr10	2453	2469	3
chr10	1853	1873	3
chr10	1646	1716	3
chr10	718	742	3
chr10	882	908	3
chr10	2533	2549	3
chr10	2308	2338	3
chr10	2168	2232	3
chr10	2041	2054	3
chr10	2004	2022	4
chr10	1718	1762	4
chr10	1359	1374	4
chr10	2056	2076	4
chr10	1424	1437	4
chr10	553	574	4
chr10	2207	2231	4
chr10	272	299	4
chr10	187	230	4
chr10	2640	2673	4
chr10	1054	1079	4
chr10	130	150	4
chr10	1453	1471	4
chr10	1091	1107	4
chr10	468	496	4
chr10	427	444	5
chr10	1542	1577	5
chr10	76	96	5
chr10	157	186	5
chr10	445	467	5
chr10	1281	1297	5
chr10	2256	2277	5
chr10	2434	2451	5
chr10	426	467	5
chr10	2600	2638	5
chr10	379	422	5
chr10	669	698	5
chr10	1595	1620	5
chr11	273	285	1
chr11	1979	1993	1
chr11	623	645	1
chr11	471	488	1
chr11	588	619	1
chr11	2088	2115	1
chr11	1253	1267	1
chr11	1944	1976	1
chr11	1944	1975	1
chr11	2385	2402	1
chr11	364	376	1
chr11	1798	1852	1
chr11	1624	1644	1
chr11	90	119	1
chr11	2660	2698	1
chr11	664	677	1
chr11	1429	1443	1
chr11	2407	2425	1
chr11	362	377	1
chr11	2542	2556	1
chr11	1624	1645	1
chr11	933	951	1
chr11	1773	1789	1
chr11	1473	1496	1
chr11	2429	2448	1
chr11	1322	1341	1
chr11	1192	1208	1
chr11	781	800	1
chr11	2543	2557	1
chr11	1113	1129	1
chr11	932	949	1
chr11	1586	1599	1
chr11	1585	1617	1
chr11	457	488	1
chr11	880	916	1
chr11	964	993	1
chr11	135	162	1
chr11	1506	1527	1
chr11	622	645	1
chr11	270	289	1
chr11	1671	1684	1
chr11	2294	2323	1
chr11	1750	1772	1
chr11	741	777	1
chr11	2024	2038	1
chr11	2207	2225	1
chr11	1473	1493	1
chr11	414	445	1
chr11	135	156	1
chr11	495	518	1
chr11	2617	2659	1
chr11	1410	1425	1
chr11	621	657	1
chr11	571	587	1
chr11	1585	1615	1
chr11	1944	1977	1
chr11	1432	1444	1
chr11	934	948	1
chr11	564	587	1
chr11	1168	1186	1
chr11	1405	1426	1
chr11	1800	1829	1
chr11	1586	1600	1
chr11	1751	1774	1
chr11	1229	1246	1
chr11	1367	1403	1
chr11	2407	2422	1
chr11	1929	1977	1
chr11	780	838	1
chr11	1390	1404	1
chr11	782	800	1
chr11	1473	1492	1
chr11	2210	2225	1
chr11	1776	1788	1
chr11	662	676	1
chr11	2617	2658	1
chr11	2292	2326	1
chr11	1228	1248	1
chr11	2123	2141	1
chr11	493	519	1
chr11	384	408	1
chr11	2209	2225	1
chr11	2645	2658	1
chr11	964	994	1
chr11	1308	1320	1
chr11	1307	1321	1
chr11	933	950	1
chr11	2494	2514	1
chr11	1349	1364	1
chr11	2293	2325	1
chr11	1446	1461	1
chr11	800	829	1
chr11	1473	1491	1
chr11	2024	2037	1
chr11	1623	1645	1
chr11	2292	2325	1
chr11	1322	1343	1
chr11	291	305	1
chr11	1372	1402	1
chr11	712	730	1
chr11	2157	2198	1
chr11	1306	1320	1
chr11	1191	1209	1
chr11	1473	1495	1
chr11	1945	1963	1
chr11	2523	2541	1
chr11	1430	1444	1
chr11	742	777	1
chr11	1151	1166	1
chr11	313	334	1
chr11	2294	2324	1
chr11	1405	1425	1
chr11	1626	1646	1
chr11	317	334	1
chr11	682	730	1
chr11	786	840	1
chr11	879	916	1
chr11	1625	1644	1
chr11	2490	2508	1
chr11	1833	1852	1
chr11	1800	1827	1
chr11	1585	1618	1
chr11	2644	2658	1
chr11	381	408	1
chr11	1740	1773	1
chr11	2490	2515	1
chr11	494	519	1
chr11	1751	1772	1
chr11	1228	1247	1
chr11	2385	2403	1
chr11	1585	1600	1
chr11	606	620	1
chr11	739	777	1
chr11	1833	1851	1
chr11	414	444	2
chr11	1943	1977	2
chr11	1096	1130	2
chr11	2660	2674	2
chr11	683	730	2
chr11	1978	1992	2
chr11	2523	2539	2
chr11	1978	1993	2
chr11	563	587	2
chr11	2661	2673	2
chr11	1754	1772	2
chr11	2157	2196	2
chr11	1706	1732	2
chr11	2085	2115	2
chr11	589	620	2
chr11	1096	1131	2
chr11	740	777	2
chr11	2206	2225	2
chr11	2241	2272	2
chr11	83	119	2
chr11	1585	1616	2
chr11	2577	2593	2
chr11	2025	2037	2
chr11	1532	1547	2
chr11	2119	2142	2
chr11	2616	2659	2
chr11	534	550	2
chr11	2274	2292	2
chr11	778	866	2
chr11	1406	1425	2
chr11	2119	2141	2
chr11	494	518	2
chr11	1229	1249	2
chr11	1253	1268	2
chr11	2407	2421	2
chr11	413	445	2
chr11	2523	2538	2
chr11	662	677	2
chr11	2060	2117	2
chr11	1832	1852	2
chr11	2490	2522	2
chr11	1533	1547	2
chr11	191	215	2
chr11	83	118	2
chr11	1647	1670	2
chr11	1430	1445	2
chr11	624	644	3
chr11	2673	2698	3
chr11	191	214	3
chr11	135	157	3
chr11	878	916	3
chr11	2577	2594	3
chr11	2241	2273	3
chr11	2059	2117	3
chr11	1153	1165	3
chr11	1853	1868	3
chr11	1322	1342	3
chr11	1192	1209	3
chr11	381	409	3
chr11	622	657	3
chr11	270	286	3
chr11	312	334	3
chr11	1799	1829	3
chr11	1505	1527	4
chr11	2429	2447	4
chr11	606	621	4
chr11	458	488	4
chr11	710	730	4
chr11	2631	2643	4
chr11	1687	1705	4
chr11	2368	2383	4
chr11	1671	1685	4
chr11	2661	2698	4
chr11	2472	2489	5
chr11	2631	2658	5
chr11	2171	2195	5
chr11	553	587	5
chr11	1566	1584	5
chr11	588	604	5
chr12	2003	2023	1
chr12	2112	2132	1
chr12	887	907	1
chr12	1333	1346	1
chr12	2302	2326	1
chr12	1253	1269	1
chr12	1011	1046	1
chr12	1727	1747	1
chr12	233	258	1
chr12	38	57	1
chr12	794	815	1
chr12	1595	1633	1
chr12	1955	1975	1
chr12	588	623	1
chr12	1749	1767	1
chr12	2574	2621	1
chr12	967	983	1
chr12	172	187	1
chr12	2036	2081	1
chr12	483	499	1
chr12	1683	1699	1
chr12	2416	2434	1
chr12	1955	1976	1
chr12	1219	1249	1
chr12	2148	2162	1
chr12	145	171	1
chr12	325	364	1
chr12	2414	2434	1
chr12	1332	1344	1
chr12	659	682	1
chr12	2065	2082	1
chr12	1355	1370	1
chr12	1947	1977	1
chr12	197	233	1
chr12	2574	2609	1
chr12	1172	1191	1
chr12	587	619	1
chr12	2415	2434	1
chr12	201	217	1
chr12	21	36	1
chr12	145	172	1
chr12	103	122	1
chr12	434	455	1
chr12	2484	2508	1
chr12	2626	2643	1
chr12	2465	2482	1
chr12	172	186	1
chr12	484	499	1
chr12	1956	1975	1
chr12	1641	1653	1
chr12	2239	2257	1
chr12	1252	1268	1
chr12	68	94	1
chr12	506	541	1
chr12	1989	2002	1
chr12	2460	2481	1
chr12	397	427	1
chr12	1354	1370	1
chr12	1220	1249	1
chr12	2266	2287	1
chr12	1614	1626	1
chr12	1011	1045	1
chr12	1173	1191	1
chr12	1595	1627	1
chr12	595	623	1
chr12	2512	2569	1
chr12	336	362	1
chr12	2576	2617	1
chr12	1747	1767	1
chr12	2512	2567	1
chr12	2238	2257	1
chr12	929	947	1
chr12	323	363	1
chr12	1371	1383	1
chr12	1500	1516	1
chr12	1454	1498	1
chr12	1948	1977	1
chr12	2261	2287	1
chr12	525	539	1
chr12	1939	1987	1
chr12	1404	1422	1
chr12	1862	1875	1
chr12	1331	1346	1
chr12	2576	2609	1
chr12	541	556	1
chr12	776	792	1
chr12	1683	1697	1
chr12	1726	1746	1
chr12	2004	2022	1
chr12	1015	1046	1
chr12	1331	1345	1
chr12	1447	1497	1
chr12	775	792	1
chr12	1571	1594	1
chr12	1684	1696	1
chr12	38	58	1
chr12	68	92	1
chr12	1683	1698	1
chr12	1811	1825	1
chr12	200	217	1
chr12	1813	1826	1
chr12	340	363	1
chr12	2574	2617	1
chr12	2045	2064	1
chr12	2624	2643	1
chr12	1454	1497	1
chr12	826	848	1
chr12	1862	1876	1
chr12	1254	1266	1
chr12	2576	2611	1
chr12	2113	2133	1
chr12	2301	2325	1
chr12	1220	1244	1
chr12	1988	2002	2
chr12	458	499	2
chr12	35	58	2
chr12	323	364	2
chr12	506	524	2
chr12	2376	2401	2
chr12	774	792	2
chr12	102	122	2
chr12	929	961	2
chr12	587	622	2
chr12	101	122	2
chr12	1220	1247	2
chr12	886	907	2
chr12	1890	1907	2
chr12	1939	1975	2
chr12	416	431	2
chr12	524	539	2
chr12	2149	2162	2
chr12	2046	2063	2
chr12	146	172	2
chr12	2045	2063	2
chr12	1596	1613	2
chr12	825	876	2
chr12	1405	1422	2
chr12	396	415	2
chr12	1596	1626	2
chr12	524	538	2
chr12	1890	1918	2
chr12	1548	1566	2
chr12	2288	2300	2
chr12	1446	1498	2
chr12	1406	1422	2
chr12	2414	2436	2
chr12	2036	2082	2
chr12	1988	2003	2
chr12	2084	2110	2
chr12	2267	2287	2
chr12	367	389	2
chr12	856	874	2
chr12	629	657	2
chr12	1251	1269	2
chr12	886	908	2
chr12	2460	2482	3
chr12	397	415	3
chr12	1353	1370	3
chr12	2003	2034	3
chr12	1727	1746	3
chr12	1748	1767	3
chr12	2301	2326	3
chr12	416	430	3
chr12	506	540	3
chr12	511	524	3
chr12	457	499	3
chr12	1549	1566	3
chr12	856	875	3
chr12	1640	1654	3
chr12	629	656	3
chr12	1811	1826	3
chr12	1596	1612	3
chr12	1166	1191	3
chr12	366	388	3
chr12	68	93	3
chr12	928	961	3
chr12	2623	2643	3
chr12	1877	1889	3
chr12	482	499	3
chr12	2512	2571	3
chr12	433	455	4
chr12	2483	2508	4
chr12	910	927	4
chr12	1135	1153	4
chr12	659	683	4
chr12	930	947	4
chr12	198	233	4
chr12	826	849	4
chr12	2221	2236	4
chr12	1570	1594	4
chr12	948	961	5
chr12	557	583	5
chr12	658	696	5
chr12	1726	1768	5
chr12	1769	1797	5
chr12	1195	1218	5
chr12	218	232	5
chr12	2163	2177	5
chr12	1798	1826	5
chr12	1769	1787	5
chr12	1835	1861	5
chr12	757	793	5
chr12	1655	1704	5
chr13	2128	2143	1
chr13	1325	1356	1
chr13	2114	2126	1
chr13	2090	2105	1
chr13	1223	1243	1
chr13	1693	1707	1
chr13	1523	1551	1
chr13	2036	2048	1
chr13	766	789	1
chr13	1855	1901	1
chr13	1430	1453	1
chr13	1689	1707	1
chr13	1522	1551	1
chr13	1662	1686	1
chr13	412	440	1
chr13	443	459	1
chr13	1466	1518	1
chr13	2051	2064	1
chr13	889	917	1
chr13	1812	1832	1
chr13	2035	2062	1
chr13	1010	1033	1
chr13	1565	1596	1
chr13	1223	1245	1
chr13	2130	2143	1
chr13	971	997	1
chr13	733	747	1
chr13	1657	1707	1
chr13	414	430	1
chr13	889	912	1
chr13	1499	1516	1
chr13	1466	1520	1
chr13	715	729	1
chr13	1077	1160	1
chr13	1221	1250	1
chr13	1905	1930	1
chr13	1199	1219	1
chr13	1009	1033	1
chr13	2050	2064	1
chr13	518	549	1
chr13	1377	1422	1
chr13	1530	1551	1
chr13	1812	1831	1
chr13	766	787	1
chr13	1428	1464	1
chr13	1221	1249	1
chr13	415	429	1
chr13	501	517	1
chr13	519	549	1
chr13	1486	1498	1
chr13	1952	1968	1
chr13	1564	1593	1
chr13	1430	1464	1
chr13	2112	2126	1
chr13	1770	1795	1
chr13	1813	1831	1
chr13	2005	2024	1
chr13	1205	1220	1
chr13	1434	1451	1
chr13	1953	1969	1
chr13	972	999	1
chr13	1223	1244	1
chr13	971	996	1
chr13	947	967	1
chr13	550	571	1
chr13	1076	1162	1
chr13	1036	1060	1
chr13	1604	1619	1
chr13	1658	1707	1
chr13	663	685	1
chr13	2090	2106	1
chr13	859	888	1
chr13	443	461	1
chr13	946	970	1
chr13	1467	1518	1
chr13	840	856	1
chr13	2111	2127	1
chr13	1938	1951	1
chr13	478	493	1
chr13	1430	1465	1
chr13	649	685	1
chr13	1599	1620	1
chr13	2192	2205	1
chr13	1835	1848	1
chr13	767	788	1
chr13	1856	1902	1
chr13	2090	2107	1
chr13	1367	1423	1
chr13	921	938	1
chr13	1935	1951	1
chr13	1812	1833	1
chr13	1906	1930	1
chr13	2110	2128	1
chr13	600	613	1
chr13	1466	1485	1
chr13	1009	1032	1
chr13	1199	1220	1
chr13	411	440	1
chr13	1808	1833	1
chr13	1867	1901	1
chr13	751	786	1
chr13	1633	1707	1
chr13	1656	1707	1
chr13	443	460	1
chr13	1466	1517	1
chr13	1656	1706	1
chr13	1635	1655	1
chr13	1499	1517	1
chr13	2223	2238	1
chr13	413	441	1
chr13	1256	1299	1
chr13	2089	2145	2
chr13	1004	1033	2
chr13	443	458	2
chr13	687	730	2
chr13	1426	1464	2
chr13	860	888	2
chr13	2191	2215	2
chr13	2005	2025	2
chr13	2036	2049	2
chr13	791	804	2
chr13	614	633	2
chr13	2178	2215	2
chr13	412	441	2
chr13	559	571	2
chr13	858	888	2
chr13	1528	1550	2
chr13	1856	1901	2
chr13	767	789	2
chr13	1034	1060	2
chr13	2108	2143	2
chr13	1905	1929	2
chr13	1257	1298	2
chr13	1257	1299	2
chr13	1633	1657	2
chr13	442	477	2
chr13	2004	2025	2
chr13	790	827	3
chr13	791	805	3
chr13	2192	2215	3
chr13	443	477	3
chr13	614	634	3
chr13	889	911	3
chr13	2129	2143	3
chr13	1498	1516	3
chr13	601	613	3
chr13	1076	1161	3
chr13	2052	2064	3
chr13	2108	2144	3
chr13	520	533	3
chr13	1599	1619	3
chr13	921	939	3
chr13	947	969	3
chr13	2089	2146	3
chr13	1563	1593	3
chr13	1435	1450	3
chr13	686	730	3
chr13	1634	1707	3
chr13	663	686	4
chr13	648	686	4
chr13	715	730	4
chr13	549	571	4
chr13	478	496	4
chr13	1324	1356	4
chr13	841	856	4
chr13	731	747	4
chr13	972	986	5
chr13	688	714	5
chr13	1486	1517	5
chr13	2156	2176	5
chr13	572	587	5
chr13	601	634	5
chr13	649	662	5
chr13	1300	1323	5
chr13	2071	2088	5
chr13	1970	1986	5
chr13	534	548	5
chr13	2178	2190	5
chr14	2057	2079	1
chr14	451	468	1
chr14	848	906	1
chr14	1731	1749	1
chr14	1507	1519	1
chr14	1081	1096	1
chr14	850	906	1
chr14	1896	1938	1
chr14	842	873	1
chr14	531	548	1
chr14	1143	1156	1
chr14	1810	1834	1
chr14	1157	1171	1
chr14	1158	1172	1
chr14	1277	1298	1
chr14	1896	1929	1
chr14	2022	2043	1
chr14	520	550	1
chr14	1012	1027	1
chr14	842	907	1
chr14	1311	1330	1
chr14	1310	1330	1
chr14	1408	1426	1
chr14	477	491	1
chr14	1811	1835	1
chr14	1675	1693	1
chr14	1140	1171	1
chr14	554	581	1
chr14	726	752	1
chr14	727	739	1
chr14	2027	2043	1
chr14	974	993	1
chr14	1850	1866	1
chr14	1675	1692	1
chr14	622	637	1
chr14	1646	1662	1
chr14	550	581	1
chr14	1812	1837	1
chr14	1947	1996	1
chr14	1794	1806	1
chr14	1780	1808	1
chr14	842	906	1
chr14	849	874	1
chr14	451	470	1
chr14	1311	1331	1
chr14	846	873	1
chr14	850	873	1
chr14	1675	1694	1
chr14	1011	1027	1
chr14	798	840	1
chr14	2056	2078	1
chr14	477	493	1
chr14	1610	1628	1
chr14	1053	1108	1
chr14	1645	1661	1
chr14	1675	1690	1
chr14	415	444	1
chr14	881	906	1
chr14	518	549	1
chr14	1472	1490	1
chr14	976	992	1
chr14	380	409	1
chr14	519	549	1
chr14	850	875	1
chr14	476	491	1
chr14	1470	1492	1
chr14	975	994	1
chr14	1507	1520	1
chr14	1998	2014	1
chr14	799	838	1
chr14	847	906	1
chr14	1675	1691	1
chr14	889	905	1
chr14	1570	1586	1
chr14	798	838	1
chr14	1587	1608	1
chr14	552	581	1
chr14	1034	1052	1
chr14	1157	1172	1
chr14	1730	1750	1
chr14	452	470	1
chr14	1897	1939	1
chr14	753	790	2
chr14	451	469	2
chr14	1851	1865	2
chr14	638	659	2
chr14	1811	1834	2
chr14	2017	2043	2
chr14	1139	1172	2
chr14	415	432	2
chr14	1521	1542	2
chr14	476	492	2
chr14	531	549	2
chr14	1252	1274	2
chr14	621	636	2
chr14	661	685	2
chr14	1405	1425	2
chr14	975	993	2
chr14	532	548	2
chr14	1410	1426	2
chr14	660	695	2
chr14	753	789	2
chr14	799	837	2
chr14	1641	1662	2
chr14	767	789	2
chr14	1850	1865	2
chr14	1310	1328	2
chr14	1176	1198	2
chr14	1896	1930	2
chr14	584	619	2
chr14	553	581	2
chr14	1663	1720	2
chr14	2016	2043	2
chr14	1175	1198	3
chr14	767	787	3
chr14	1471	1490	3
chr14	1252	1275	3
chr14	661	695	3
chr14	2056	2079	3
chr14	583	619	3
chr14	1663	1719	3
chr14	1523	1542	3
chr14	1731	1750	3
chr14	1781	1809	3
chr14	638	660	3
chr14	1034	1048	3
chr14	1587	1609	4
chr14	1565	1585	4
chr14	1948	1996	4
chr14	1140	1156	4
chr14	1277	1299	4
chr14	1610	1627	4
chr14	1076	1096	4
chr14	2084	2145	5
chr14	1900	1917	5
chr14	700	725	5
chr14	600	615	5
chr14	1587	1629	5
chr14	916	1000	5
chr14	1336	1355	5
chr14	584	599	5
chr14	754	766	5
chr15	1943	1971	1
chr15	1835	1852	1
chr15	1082	1108	1
chr15	1941	1967	1
chr15	475	503	1
chr15	545	566	1
chr15	1013	1036	1
chr15	1350	1369	1
chr15	477	503	1
chr15	1247	1267	1
chr15	1113	1134	1
chr15	1228	1242	1
chr15	1940	1956	1
chr15	1872	1894	1
chr15	783	801	1
chr15	1626	1650	1
chr15	671	685	1
chr15	618	636	1
chr15	545	565	1
chr15	1943	1965	1
chr15	1185	1198	1
chr15	1762	1776	1
chr15	815	833	1
chr15	1062	1081	1
chr15	856	872	1
chr15	1114	1134	1
chr15	1350	1370	1
chr15	1590	1612	1
chr15	453	469	1
chr15	1980	2041	1
chr15	476	501	1
chr15	972	988	1
chr15	1157	1169	1
chr15	544	566	1
chr15	1312	1336	1
chr15	1872	1893	1
chr15	621	636	1
chr15	815	832	1
chr15	669	684	1
chr15	1729	1747	1
chr15	1419	1439	1
chr15	1044	1061	1
chr15	844	872	1
chr15	1045	1061	1
chr15	919	946	1
chr15	1421	1449	1
chr15	619	645	1
chr15	1941	1957	1
chr15	920	932	1
chr15	1135	1156	1
chr15	1677	1695	1
chr15	1803	1829	1
chr15	1136	1152	1
chr15	1063	1081	1
chr15	1169	1198	2
chr15	686	704	2
chr15	705	764	2
chr15	1395	1417	2
chr15	1062	1080	2
chr15	1043	1060	2
chr15	1061	1109	2
chr15	543	566	2
chr15	990	1012	2
chr15	1289	1307	2
chr15	920	946	2
chr15	973	988	2
chr15	476	503	2
chr15	919	947	2
chr15	1525	1544	2
chr15	618	638	2
chr15	1013	1025	2
chr15	1763	1775	2
chr15	765	778	2
chr15	669	685	2
chr15	1451	1482	2
chr15	1343	1369	3
chr15	973	1012	3
chr15	1816	1829	3
chr15	1289	1308	3
chr15	1525	1543	3
chr15	706	764	3
chr15	1871	1893	3
chr15	1395	1418	3
chr15	1853	1865	3
chr15	1802	1829	3
chr15	764	778	3
chr15	989	1012	3
chr15	1451	1483	3
chr15	1135	1152	3
chr15	845	872	3
chr15	816	833	3
chr15	1115	1134	3
chr15	1062	1108	3
chr15	687	704	3
chr15	1831	1852	4
chr15	1312	1335	4
chr15	783	800	4
chr15	1422	1449	4
chr15	1184	1198	4
chr15	1084	1108	4
chr15	1613	1625	4
chr15	1370	1384	5
chr15	1831	1865	5
chr15	749	763	5
chr15	706	748	5
chr15	949	971	5
chr15	1215	1242	5
chr15	1911	1937	5
chr15	1728	1779	5
chr16	103	169	1
chr16	1175	1266	1
chr16	945	973	1
chr16	1280	1294	1
chr16	1649	1669	1
chr16	1621	1636	1
chr16	103	135	1
chr16	1448	1465	1
chr16	185	206	1
chr16	1487	1513	1
chr16	1519	1543	1
chr16	513	533	1
chr16	1175	1265	1
chr16	1620	1636	1
chr16	1489	1513	1
chr16	1563	1617	1
chr16	1702	1715	1
chr16	516	542	1
chr16	1520	1543	1
chr16	62	89	1
chr16	223	240	1
chr16	946	973	1
chr16	1650	1669	1
chr16	506	542	1
chr16	1367	1385	1
chr16	171	218	1
chr16	1563	1613	1
chr16	1489	1512	1
chr16	1703	1715	1
chr16	505	543	1
chr16	1043	1061	1
chr16	104	134	1
chr16	1176	1205	1
chr16	1545	1562	1
chr16	1621	1678	1
chr16	1488	1512	1
chr16	1639	1678	1
chr16	1650	1670	1
chr16	1466	1480	1
chr16	1563	1612	1
chr16	1565	1591	1
chr16	259	278	1
chr16	1268	1299	1
chr16	1151	1174	1
chr16	1449	1465	1
chr16	104	135	1
chr16	187	206	1
chr16	1544	1562	1
chr16	41	56	1
chr16	69	90	1
chr16	225	240	1
chr16	1022	1041	1
chr16	64	89	1
chr16	186	206	1
chr16	946	969	1
chr16	1563	1611	1
chr16	398	413	1
chr16	186	209	1
chr16	1466	1481	1
chr16	185	208	1
chr16	223	242	1
chr16	1077	1108	1
chr16	454	470	1
chr16	333	358	1
chr16	1562	1617	1
chr16	1150	1174	2
chr16	939	973	2
chr16	1176	1207	2
chr16	1267	1300	2
chr16	474	490	2
chr16	103	168	2
chr16	1649	1668	2
chr16	1442	1486	2
chr16	246	279	2
chr16	1267	1299	2
chr16	630	705	2
chr16	516	538	2
chr16	1620	1638	2
chr16	103	134	2
chr16	103	170	2
chr16	1267	1328	2
chr16	1150	1170	2
chr16	1176	1206	2
chr16	1566	1591	2
chr16	631	705	2
chr16	281	295	3
chr16	1701	1715	3
chr16	506	543	3
chr16	1267	1327	3
chr16	244	279	3
chr16	1450	1466	3
chr16	1514	1543	3
chr16	1442	1485	3
chr16	474	489	3
chr16	1021	1041	4
chr16	1367	1383	4
chr16	454	469	4
chr16	1071	1108	4
chr16	1638	1678	4
chr16	398	412	4
chr16	1043	1060	4
chr16	1716	1730	5
chr16	1303	1327	5
chr16	1350	1365	5
chr16	1000	1016	5
chr17	397	417	1
chr17	1240	1314	1
chr17	569	581	1
chr17	405	418	1
chr17	1510	1522	1
chr17	260	283	1
chr17	193	211	1
chr17	77	96	1
chr17	616	642	1
chr17	802	827	1
chr17	1009	1059	1
chr17	1066	1097	1
chr17	1212	1235	1
chr17	1012	1059	1
chr17	920	947	1
chr17	1023	1045	1
chr17	1477	1489	1
chr17	1523	1537	1
chr17	1460	1474	1
chr17	76	96	1
chr17	1131	1143	1
chr17	1011	1058	1
chr17	1597	1623	1
chr17	800	817	1
chr17	259	284	1
chr17	617	641	1
chr17	881	899	1
chr17	948	963	1
chr17	540	609	1
chr17	1131	1144	1
chr17	1025	1045	1
chr17	880	902	1
chr17	192	211	1
chr17	1103	1124	1
chr17	238	258	1
chr17	1130	1147	1
chr17	1494	1522	1
chr17	398	418	1
chr17	920	941	1
chr17	522	536	1
chr17	522	537	1
chr17	383	396	1
chr17	1330	1345	1
chr17	75	94	1
chr17	700	712	1
chr17	397	419	1
chr17	78	96	1
chr17	174	190	1
chr17	1459	1474	1
chr17	837	858	1
chr17	398	417	1
chr17	57	70	1
chr17	1524	1538	2
chr17	1011	1059	2
chr17	970	984	2
chr17	382	396	2
chr17	361	378	2
chr17	1103	1115	2
chr17	1524	1536	2
chr17	215	237	2
chr17	142	165	2
chr17	1175	1193	2
chr17	505	537	2
chr17	1411	1426	2
chr17	1131	1152	2
chr17	362	378	2
chr17	285	301	2
chr17	1476	1488	2
chr17	383	395	2
chr17	1494	1523	2
chr17	920	939	3
chr17	259	283	3
chr17	284	301	3
chr17	142	164	3
chr17	801	827	3
chr17	1411	1427	3
chr17	539	609	3
chr17	947	963	3
chr17	215	236	3
chr17	1175	1192	3
chr17	616	641	3
chr17	192	212	3
chr17	343	359	4
chr17	1330	1346	4
chr17	837	856	4
chr17	1103	1125	4
chr17	1212	1234	4
chr17	987	1059	5
chr17	1373	1410	5
chr17	1350	1371	5
chr17	259	302	5
chr17	1428	1454	5
chr17	1077	1097	5
chr18	941	961	1
chr18	1166	1180	1
chr18	734	749	1
chr18	1330	1356	1
chr18	592	611	1
chr18	199	245	1
chr18	972	1011	1
chr18	503	568	1
chr18	19	49	1
chr18	755	780	1
chr18	728	790	1
chr18	503	561	1
chr18	1070	1085	1
chr18	1497	1541	1
chr18	704	724	1
chr18	283	308	1
chr18	152	171	1
chr18	112	130	1
chr18	941	960	1
chr18	972	1015	1
chr18	474	502	1
chr18	972	1018	1
chr18	260	275	1
chr18	115	129	1
chr18	842	861	1
chr18	1105	1136	1
chr18	281	308	1
chr18	907	919	1
chr18	1307	1327	1
chr18	422	437	1
chr18	1152	1166	1
chr18	1109	1123	1
chr18	823	838	1
chr18	1235	1293	1
chr18	755	779	1
chr18	20	47	1
chr18	941	959	1
chr18	890	917	1
chr18	524	548	1
chr18	1330	1358	1
chr18	1407	1436	1
chr18	1445	1480	1
chr18	1493	1541	1
chr18	972	1006	1
chr18	733	750	1
chr18	615	631	1
chr18	211	232	1
chr18	111	140	1
chr18	1450	1470	1
chr18	115	140	1
chr18	822	838	1
chr18	972	1017	1
chr18	823	861	1
chr18	1329	1357	1
chr18	20	45	1
chr18	503	567	1
chr18	1452	1470	1
chr18	1365	1404	1
chr18	906	919	1
chr18	1063	1085	1
chr18	276	308	1
chr18	422	436	1
chr18	1166	1182	1
chr18	1250	1293	1
chr18	972	1007	1
chr18	822	839	1
chr18	114	140	1
chr18	503	519	1
chr18	1249	1291	1
chr18	972	1033	2
chr18	408	420	2
chr18	65	80	2
chr18	440	472	2
chr18	504	519	2
chr18	793	821	2
chr18	823	839	2
chr18	475	502	2
chr18	20	48	2
chr18	172	198	2
chr18	389	406	2
chr18	1330	1357	2
chr18	920	939	2
chr18	1110	1123	2
chr18	1069	1085	2
chr18	523	548	2
chr18	874	889	2
chr18	1199	1222	2
chr18	842	860	2
chr18	1234	1293	2
chr18	475	501	2
chr18	275	308	2
chr18	1235	1292	2
chr18	1366	1404	2
chr18	841	861	2
chr18	1365	1405	2
chr18	503	570	2
chr18	733	749	2
chr18	633	648	2
chr18	504	518	2
chr18	82	101	2
chr18	111	139	2
chr18	940	959	2
chr18	52	79	2
chr18	672	687	2
chr18	389	407	3
chr18	82	102	3
chr18	672	688	3
chr18	422	434	3
chr18	1200	1222	3
chr18	756	779	3
chr18	1499	1541	3
chr18	65	81	3
chr18	441	472	3
chr18	793	820	3
chr18	52	80	3
chr18	1057	1085	3
chr18	1106	1136	4
chr18	211	231	4
chr18	52	64	4
chr18	1445	1481	4
chr18	823	862	4
chr18	1408	1436	4
chr18	233	245	4
chr18	1152	1165	4
chr18	144	171	4
chr18	1297	1327	5
chr19	398	444	1
chr19	884	903	1
chr19	1158	1172	1
chr19	982	1003	1
chr19	396	491	1
chr19	624	643	1
chr19	396	450	1
chr19	744	762	1
chr19	674	692	1
chr19	175	198	1
chr19	1013	1033	1
chr19	349	363	1
chr19	983	1003	1
chr19	926	941	1
chr19	332	347	1
chr19	1160	1180	1
chr19	674	691	1
chr19	886	903	1
chr19	396	441	1
chr19	264	278	1
chr19	983	1002	1
chr19	120	201	1
chr19	279	291	1
chr19	673	692	1
chr19	279	292	1
chr19	332	348	1
chr19	1012	1029	1
chr19	1016	1028	1
chr19	674	697	1
chr19	864	881	1
chr19	122	200	1
chr19	1157	1181	1
chr19	774	797	1
chr19	1014	1029	1
chr19	1009	1044	1
chr19	673	700	1
chr19	982	1006	1
chr19	625	655	1
chr19	1138	1153	1
chr19	823	839	1
chr19	141	157	1
chr19	1137	1154	1
chr19	461	492	1
chr19	184	198	1
chr19	261	277	1
chr19	333	364	1
chr19	263	277	1
chr19	178	198	1
chr19	862	882	1
chr19	334	347	1
chr19	1156	1181	1
chr19	367	382	1
chr19	1033	1046	1
chr19	982	1004	1
chr19	396	489	1
chr19	886	901	1
chr19	926	943	1
chr19	739	766	1
chr19	672	704	1
chr19	1158	1181	1
chr19	667	703	1
chr19	927	941	1
chr19	800	814	2
chr19	886	902	2
chr19	334	364	2
chr19	1009	1045	2
chr19	554	600	2
chr19	261	278	2
chr19	799	815	2
chr19	584	600	2
chr19	1157	1171	2
chr19	823	847	2
chr19	926	942	2
chr19	348	364	2
chr19	333	347	2
chr19	349	364	2
chr19	777	797	3
chr19	554	599	3
chr19	861	880	3
chr19	1137	1153	3
chr19	623	655	4
chr19	368	382	4
chr19	733	766	4
chr19	1047	1079	5
chr19	554	583	5
chr19	604	622	5
chr19	94	113	5
chr2	2499	2536	1
chr2	265	285	1
chr2	3539	3554	1
chr2	4114	4136	1
chr2	1478	1495	1
chr2	619	640	1
chr2	1133	1156	1
chr2	1654	1673	1
chr2	1963	1981	1
chr2	1544	1598	1
chr2	315	334	1
chr2	238	263	1
chr2	3683	3701	1
chr2	2744	2771	1
chr2	125	139	1
chr2	2495	2526	1
chr2	2309	2370	1
chr2	4481	4493	1
chr2	688	711	1
chr2	264	286	1
chr2	3767	3808	1
chr2	3953	3966	1
chr2	841	857	1
chr2	2022	2036	1
chr2	2233	2251	1
chr2	2407	2450	1
chr2	2315	2369	1
chr2	3864	3915	1
chr2	3310	3322	1
chr2	3448	3471	1
chr2	1499	1517	1
chr2	2037	2062	1
chr2	2823	2849	1
chr2	3140	3162	1
chr2	1554	1601	1
chr2	3619	3637	1
chr2	2590	2612	1
chr2	3923	3936	1
chr2	3380	3397	1
chr2	1554	1584	1
chr2	3769	3786	1
chr2	2457	2491	1
chr2	3703	3732	1
chr2	319	335	1
chr2	3123	3159	1
chr2	991	1011	1
chr2	4786	4798	1
chr2	2320	2359	1
chr2	3969	3982	1
chr2	3447	3468	1
chr2	1047	1069	1
chr2	3767	3786	1
chr2	1479	1493	1
chr2	4516	4530	1
chr2	2295	2311	1
chr2	4760	4783	1
chr2	1767	1781	1
chr2	3699	3733	1
chr2	4517	4530	1
chr2	2693	2713	1
chr2	688	713	1
chr2	3972	4015	1
chr2	4416	4430	1
chr2	1652	1672	1
chr2	2380	2404	1
chr2	1434	1468	1
chr2	957	975	1
chr2	1965	1982	1
chr2	3447	3467	1
chr2	2118	2143	1
chr2	1555	1582	1
chr2	1015	1046	1
chr2	1134	1156	1
chr2	619	639	1
chr2	1556	1580	1
chr2	3404	3418	1
chr2	884	916	1
chr2	3685	3702	1
chr2	3539	3553	1
chr2	4156	4168	1
chr2	2144	2176	1
chr2	2795	2817	1
chr2	1544	1602	1
chr2	4184	4223	1
chr2	4227	4245	1
chr2	1966	1980	1
chr2	3682	3736	1
chr2	3436	3467	1
chr2	4082	4095	1
chr2	4068	4096	1
chr2	3522	3538	1
chr2	1558	1583	1
chr2	3922	3936	1
chr2	3767	3807	1
chr2	3865	3914	1
chr2	1225	1242	1
chr2	4559	4574	1
chr2	2745	2770	1
chr2	1475	1493	1
chr2	3703	3733	1
chr2	3284	3307	1
chr2	4410	4457	1
chr2	2576	2590	1
chr2	1965	1980	1
chr2	2821	2850	1
chr2	3593	3616	1
chr2	1410	1426	1
chr2	1554	1593	1
chr2	2310	2369	1
chr2	2556	2574	1
chr2	1917	1930	1
chr2	2307	2370	1
chr2	2591	2612	1
chr2	1999	2019	1
chr2	1336	1351	1
chr2	4471	4494	1
chr2	1543	1597	1
chr2	1476	1492	1
chr2	3619	3660	1
chr2	607	641	1
chr2	2665	2678	1
chr2	2120	2143	1
chr2	483	508	1
chr2	2660	2703	1
chr2	4114	4130	1
chr2	2419	2450	1
chr2	1554	1597	1
chr2	4083	4095	1
chr2	3701	3732	1
chr2	111	141	1
chr2	3072	3089	1
chr2	3751	3766	1
chr2	2824	2848	1
chr2	2819	2868	1
chr2	3968	4015	1
chr2	264	284	1
chr2	2252	2269	1
chr2	952	975	1
chr2	3698	3733	1
chr2	1227	1241	1
chr2	192	216	1
chr2	2576	2614	1
chr2	2879	2948	1
chr2	421	479	1
chr2	3472	3505	1
chr2	2460	2492	1
chr2	264	287	1
chr2	2308	2370	1
chr2	1501	1517	1
chr2	419	479	1
chr2	75	140	1
chr2	619	636	1
chr2	480	508	1
chr2	217	235	1
chr2	3617	3671	1
chr2	2495	2538	1
chr2	3593	3615	1
chr2	4035	4051	1
chr2	3312	3336	1
chr2	1159	1176	1
chr2	145	178	1
chr2	3864	3918	1
chr2	2495	2552	1
chr2	1476	1493	1
chr2	2295	2309	1
chr2	2494	2554	1
chr2	1521	1537	1
chr2	2115	2143	1
chr2	2495	2551	1
chr2	688	712	1
chr2	2461	2493	1
chr2	1932	1956	1
chr2	4799	4818	1
chr2	677	716	1
chr2	961	975	1
chr2	2117	2143	1
chr2	2950	2972	1
chr2	3600	3618	1
chr2	1519	1538	1
chr2	4562	4574	1
chr2	917	943	1
chr2	1319	1332	1
chr2	2121	2143	1
chr2	3753	3766	1
chr2	3436	3468	1
chr2	1964	1982	1
chr2	2407	2419	1
chr2	1285	1315	1
chr2	677	718	1
chr2	192	217	1
chr2	917	936	1
chr2	2821	2848	1
chr2	2438	2450	1
chr2	2905	2942	1
chr2	1410	1424	1
chr2	38	66	1
chr2	4733	4759	1
chr2	371	392	1
chr2	426	450	1
chr2	2820	2849	1
chr2	3681	3746	1
chr2	3139	3163	1
chr2	1556	1583	1
chr2	3125	3137	1
chr2	1653	1671	1
chr2	3787	3806	2
chr2	1653	1672	2
chr2	3560	3572	2
chr2	4227	4246	2
chr2	3280	3307	2
chr2	3982	4014	2
chr2	2145	2175	2
chr2	1082	1100	2
chr2	2374	2404	2
chr2	2665	2677	2
chr2	821	839	2
chr2	2883	2904	2
chr2	4185	4203	2
chr2	4575	4611	2
chr2	1999	2020	2
chr2	619	635	2
chr2	424	471	2
chr2	2660	2692	2
chr2	3575	3590	2
chr2	1519	1537	2
chr2	2494	2552	2
chr2	2145	2176	2
chr2	3279	3307	2
chr2	220	235	2
chr2	2794	2816	2
chr2	3863	3938	2
chr2	801	819	2
chr2	4613	4633	2
chr2	1185	1217	2
chr2	1082	1101	2
chr2	2408	2450	2
chr2	2375	2405	2
chr2	884	915	2
chr2	2070	2108	2
chr2	1158	1175	2
chr2	2295	2310	2
chr2	1373	1391	2
chr2	2000	2020	2
chr2	3448	3468	2
chr2	2905	2930	2
chr2	3788	3806	2
chr2	4156	4169	2
chr2	110	140	2
chr2	4227	4269	2
chr2	2295	2370	2
chr2	4068	4080	2
chr2	2793	2818	2
chr2	3195	3216	2
chr2	3752	3766	2
chr2	4184	4224	2
chr2	3009	3025	2
chr2	3592	3615	2
chr2	2420	2437	2
chr2	191	216	2
chr2	4575	4590	2
chr2	218	235	2
chr2	4153	4169	2
chr2	3143	3161	2
chr2	3026	3042	2
chr2	1519	1602	2
chr2	3864	3923	2
chr2	655	676	2
chr2	1158	1176	2
chr2	4250	4268	2
chr2	1189	1217	3
chr2	2662	2692	3
chr2	3218	3240	3
chr2	3767	3787	3
chr2	1316	1365	3
chr2	4560	4574	3
chr2	3179	3193	3
chr2	1410	1425	3
chr2	1128	1156	3
chr2	4784	4798	3
chr2	2591	2611	3
chr2	1497	1517	3
chr2	4185	4202	3
chr2	2906	2930	3
chr2	800	819	3
chr2	3027	3042	3
chr2	358	370	3
chr2	2881	2904	3
chr2	4575	4610	3
chr2	1317	1332	3
chr2	4251	4268	3
chr2	916	936	3
chr2	3009	3026	3
chr2	481	508	3
chr2	3575	3589	3
chr2	747	781	3
chr2	4695	4720	3
chr2	677	717	3
chr2	3983	4014	3
chr2	1225	1241	3
chr2	821	840	3
chr2	4612	4633	3
chr2	4227	4268	3
chr2	315	335	3
chr2	3123	3163	3
chr2	2744	2770	3
chr2	3953	3967	3
chr2	841	858	3
chr2	3619	3651	3
chr2	2069	2108	3
chr2	3194	3216	3
chr2	4669	4684	4
chr2	1602	1615	4
chr2	2950	2973	4
chr2	3311	3335	4
chr2	372	391	4
chr2	1434	1461	4
chr2	2880	2948	4
chr2	3524	3538	4
chr2	2037	2061	4
chr2	3072	3088	4
chr2	1933	1955	4
chr2	2576	2613	4
chr2	4270	4323	4
chr2	2905	2948	4
chr2	39	66	4
chr2	4799	4819	4
chr2	144	178	4
chr2	3682	3746	4
chr2	4410	4456	4
chr2	4470	4494	4
chr2	2556	2575	4
chr2	2252	2266	4
chr2	425	450	4
chr2	238	262	4
chr2	3619	3638	4
chr2	2578	2590	4
chr2	1336	1348	4
chr2	3380	3396	4
chr2	204	216	4
chr2	1284	1315	4
chr2	4067	4095	4
chr2	2021	2036	4
chr2	4531	4557	5
chr2	371	402	5
chr2	3346	3379	5
chr2	4099	4136	5
chr2	264	314	5
chr2	3166	3193	5
chr2	3009	3045	5
chr2	339	357	5
chr2	976	1013	5
chr2	3403	3435	5
chr2	2679	2691	5
chr2	3938	3952	5
chr2	3506	3520	5
chr2	1333	1365	5
chr2	3482	3505	5
chr2	2931	2948	5
chr2	4282	4322	5
chr2	1082	1114	5
chr2	2772	2791	5
chr2	1242	1276	5
chr2	1015	1079	5
chr2	3810	3836	5
chr20	1016	1042	1
chr20	609	627	1
chr20	1169	1196	1
chr20	122	135	1
chr20	691	710	1
chr20	605	627	1
chr20	873	888	1
chr20	123	135	1
chr20	31	48	1
chr20	231	257	1
chr20	991	1015	1
chr20	198	230	1
chr20	1066	1096	1
chr20	67	101	1
chr20	761	791	1
chr20	304	320	1
chr20	1017	1032	1
chr20	306	329	1
chr20	1168	1210	1
chr20	126	157	1
chr20	280	334	1
chr20	792	805	1
chr20	1101	1117	1
chr20	872	888	1
chr20	1196	1210	1
chr20	303	333	1
chr20	1119	1135	1
chr20	808	840	1
chr20	303	322	1
chr20	1067	1095	1
chr20	893	905	1
chr20	1169	1195	1
chr20	304	333	1
chr20	213	230	1
chr20	304	334	1
chr20	81	103	1
chr20	305	327	1
chr20	432	445	1
chr20	1170	1195	1
chr20	841	869	1
chr20	691	713	1
chr20	604	626	1
chr20	668	680	1
chr20	306	318	1
chr20	842	856	1
chr20	892	905	1
chr20	282	294	1
chr20	813	840	1
chr20	690	712	1
chr20	974	987	1
chr20	480	498	2
chr20	1170	1196	2
chr20	857	869	2
chr20	258	275	2
chr20	371	392	2
chr20	691	712	2
chr20	281	297	2
chr20	1197	1210	2
chr20	1016	1043	2
chr20	231	243	2
chr20	639	654	2
chr20	603	627	2
chr20	371	391	3
chr20	926	950	3
chr20	841	856	3
chr20	792	804	3
chr20	991	1003	3
chr20	400	414	3
chr20	32	48	3
chr20	481	498	3
chr20	807	840	3
chr20	258	276	3
chr20	122	136	3
chr20	1066	1095	3
chr20	754	791	4
chr20	122	157	4
chr20	971	987	4
chr20	209	230	4
chr20	81	101	4
chr20	1167	1210	4
chr20	1101	1118	4
chr20	281	334	4
chr20	231	256	4
chr20	416	431	5
chr20	105	121	5
chr20	446	471	5
chr20	716	741	5
chr21	356	368	1
chr21	486	502	1
chr21	504	535	1
chr21	661	679	1
chr21	727	748	1
chr21	626	648	1
chr21	701	719	1
chr21	389	442	1
chr21	485	502	1
chr21	344	372	1
chr21	520	533	1
chr21	320	337	1
chr21	780	796	1
chr21	563	607	1
chr21	754	768	1
chr21	522	537	1
chr21	391	439	1
chr21	388	442	1
chr21	827	849	1
chr21	446	466	1
chr21	390	440	1
chr21	852	882	1
chr21	826	849	1
chr21	520	535	1
chr21	389	439	1
chr21	680	696	1
chr21	721	749	1
chr21	681	697	1
chr21	851	884	1
chr21	521	535	2
chr21	504	518	2
chr21	345	372	2
chr21	564	580	2
chr21	627	647	2
chr21	627	648	2
chr21	345	373	2
chr21	564	581	2
chr21	822	848	3
chr21	680	697	3
chr21	721	748	3
chr21	750	769	4
chr21	780	795	4
chr21	319	337	4
chr21	700	719	4
chr21	563	606	4
chr21	447	466	4
chr21	539	561	5
chr22	378	393	1
chr22	870	934	1
chr22	674	686	1
chr22	978	1001	1
chr22	348	360	1
chr22	798	813	1
chr22	673	686	1
chr22	595	614	1
chr22	868	934	1
chr22	568	592	1
chr22	378	392	1
chr22	688	711	1
chr22	861	933	1
chr22	504	535	1
chr22	871	903	1
chr22	979	1001	1
chr22	378	395	1
chr22	738	752	1
chr22	714	737	1
chr22	672	686	1
chr22	688	710	1
chr22	784	815	1
chr22	979	999	1
chr22	486	501	1
chr22	783	814	1
chr22	453	469	1
chr22	641	668	1
chr22	955	977	1
chr22	594	615	1
chr22	843	859	1
chr22	870	931	1
chr22	566	581	1
chr22	374	443	1
chr22	980	1000	2
chr22	542	554	2
chr22	671	712	2
chr22	673	687	2
chr22	454	469	2
chr22	738	757	2
chr22	566	592	2
chr22	511	535	2
chr22	509	535	2
chr22	687	711	3
chr22	783	815	3
chr22	595	615	3
chr22	670	712	3
chr22	956	977	3
chr22	841	859	3
chr22	617	633	4
chr22	798	814	4
chr22	943	1002	5
chr22	541	564	5
chr3	3301	3347	1
chr3	1482	1504	1
chr3	556	568	1
chr3	1892	1924	1
chr3	1227	1245	1
chr3	3713	3727	1
chr3	2177	2227	1
chr3	106	164	1
chr3	105	164	1
chr3	460	482	1
chr3	2603	2628	1
chr3	3934	3949	1
chr3	332	369	1
chr3	1170	1246	1
chr3	261	277	1
chr3	2046	2077	1
chr3	2974	2990	1
chr3	260	274	1
chr3	1200	1222	1
chr3	3427	3441	1
chr3	1764	1806	1
chr3	555	569	1
chr3	3372	3386	1
chr3	1199	1222	1
chr3	1892	1928	1
chr3	2202	2216	1
chr3	239	256	1
chr3	3171	3185	1
chr3	1539	1590	1
chr3	3225	3299	1
chr3	1733	1806	1
chr3	2606	2641	1
chr3	719	734	1
chr3	1597	1622	1
chr3	1765	1806	1
chr3	2928	2958	1
chr3	2927	2961	1
chr3	2330	2344	1
chr3	2178	2225	1
chr3	2389	2403	1
chr3	283	302	1
chr3	3915	3932	1
chr3	1745	1807	1
chr3	3935	3948	1
chr3	2783	2812	1
chr3	3224	3298	1
chr3	480	494	1
chr3	2928	2943	1
chr3	1648	1712	1
chr3	1592	1625	1
chr3	1414	1434	1
chr3	2914	2927	1
chr3	1290	1306	1
chr3	2649	2669	1
chr3	2280	2296	1
chr3	900	914	1
chr3	1597	1611	1
chr3	3055	3073	1
chr3	2786	2817	1
chr3	1382	1402	1
chr3	2406	2424	1
chr3	2973	3005	1
chr3	2929	2944	1
chr3	2845	2868	1
chr3	3534	3562	1
chr3	2782	2817	1
chr3	2039	2076	1
chr3	3615	3647	1
chr3	1891	1925	1
chr3	2509	2523	1
chr3	3732	3748	1
chr3	1341	1358	1
chr3	1249	1275	1
chr3	2871	2893	1
chr3	3084	3110	1
chr3	2148	2166	1
chr3	1541	1590	1
chr3	3206	3223	1
chr3	3779	3809	1
chr3	1592	1624	1
chr3	87	105	1
chr3	239	257	1
chr3	1646	1699	1
chr3	2959	2972	1
chr3	2960	2972	1
chr3	3628	3647	1
chr3	1974	1990	1
chr3	1592	1621	1
chr3	223	237	1
chr3	1170	1197	1
chr3	1172	1222	1
chr3	2819	2842	1
chr3	1783	1798	1
chr3	2870	2894	1
chr3	1645	1699	1
chr3	1647	1703	1
chr3	3481	3497	1
chr3	2649	2664	1
chr3	3087	3111	1
chr3	2389	2404	1
chr3	1482	1502	1
chr3	2010	2027	1
chr3	3589	3606	1
chr3	312	330	1
chr3	2783	2817	1
chr3	2614	2628	1
chr3	1517	1536	1
chr3	1872	1948	1
chr3	2472	2488	1
chr3	3888	3906	1
chr3	1873	1948	1
chr3	2974	3006	1
chr3	2870	2893	1
chr3	105	165	1
chr3	2179	2225	1
chr3	2245	2267	1
chr3	242	254	1
chr3	3305	3347	1
chr3	2002	2027	1
chr3	519	540	1
chr3	1290	1305	1
chr3	3209	3223	1
chr3	2607	2638	1
chr3	2443	2459	1
chr3	3055	3074	1
chr3	1342	1361	1
chr3	1574	1589	1
chr3	2079	2102	1
chr3	3427	3443	1
chr3	2298	2311	1
chr3	1199	1221	1
chr3	862	886	1
chr3	3713	3729	1
chr3	3461	3527	1
chr3	2928	2941	1
chr3	1096	1126	1
chr3	1246	1265	1
chr3	3474	3523	1
chr3	2039	2078	1
chr3	3883	3906	1
chr3	577	599	1
chr3	900	912	1
chr3	3354	3390	1
chr3	1592	1613	1
chr3	631	644	1
chr3	3779	3792	1
chr3	1517	1537	1
chr3	1227	1244	1
chr3	813	851	1
chr3	371	398	1
chr3	2782	2812	1
chr3	2819	2844	1
chr3	1892	1925	1
chr3	2469	2487	1
chr3	452	494	1
chr3	2297	2310	1
chr3	2912	2927	1
chr3	1893	1929	1
chr3	3749	3773	1
chr3	1732	1807	1
chr3	1784	1800	1
chr3	3886	3905	1
chr3	887	899	1
chr3	3713	3726	1
chr3	3019	3032	1
chr3	2871	2891	1
chr3	2277	2310	1
chr3	2411	2424	1
chr3	2761	2781	1
chr3	1228	1245	1
chr3	2695	2712	1
chr3	1592	1622	1
chr3	2200	2217	1
chr3	1574	1588	1
chr3	2298	2310	1
chr3	574	615	1
chr3	3690	3705	1
chr3	2138	2172	1
chr3	1784	1802	1
chr3	451	494	1
chr3	3300	3336	1
chr3	2046	2078	1
chr3	2974	3005	1
chr3	2055	2076	1
chr3	543	569	1
chr3	2597	2642	1
chr3	2686	2712	1
chr3	1627	1644	1
chr3	3481	3499	1
chr3	3311	3340	1
chr3	1592	1612	1
chr3	1342	1358	1
chr3	2046	2075	1
chr3	631	645	1
chr3	1463	1479	1
chr3	2928	2959	1
chr3	2084	2104	2
chr3	480	495	2
chr3	2330	2355	2
chr3	3301	3346	2
chr3	2928	2946	2
chr3	2280	2297	2
chr3	1228	1244	2
chr3	2927	2959	2
chr3	1648	1699	2
chr3	1626	1644	2
chr3	2255	2267	2
chr3	460	479	2
chr3	3629	3646	2
chr3	1541	1573	2
chr3	2442	2460	2
chr3	3461	3523	2
chr3	3934	3948	2
chr3	1931	1947	2
chr3	2105	2137	2
chr3	3824	3842	2
chr3	3615	3648	2
chr3	2580	2596	2
chr3	3533	3561	2
chr3	616	630	2
chr3	3356	3371	2
chr3	1065	1078	2
chr3	3731	3748	2
chr3	1200	1220	2
chr3	1079	1094	2
chr3	2870	2909	2
chr3	3886	3906	2
chr3	1628	1644	2
chr3	3460	3527	2
chr3	278	302	2
chr3	2973	2990	2
chr3	2085	2104	2
chr3	3427	3447	2
chr3	1171	1219	2
chr3	2508	2523	2
chr3	105	163	2
chr3	3629	3647	2
chr3	481	495	2
chr3	3713	3725	2
chr3	1547	1573	2
chr3	2444	2460	2
chr3	616	647	2
chr3	1308	1323	2
chr3	3608	3648	2
chr3	1079	1095	2
chr3	659	676	2
chr3	1948	1965	2
chr3	3534	3561	2
chr3	1765	1783	2
chr3	1443	1457	2
chr3	2696	2712	2
chr3	517	541	2
chr3	1765	1782	2
chr3	2178	2226	2
chr3	1342	1360	2
chr3	278	301	2
chr3	459	479	2
chr3	2281	2296	2
chr3	2330	2370	2
chr3	519	541	2
chr3	3053	3074	3
chr3	1554	1573	3
chr3	2106	2136	3
chr3	1171	1197	3
chr3	1443	1458	3
chr3	2597	2641	3
chr3	720	734	3
chr3	3080	3109	3
chr3	3206	3224	3
chr3	616	631	3
chr3	2581	2596	3
chr3	1574	1590	3
chr3	1183	1197	3
chr3	1482	1501	3
chr3	1307	1323	3
chr3	616	648	3
chr3	1066	1078	3
chr3	1540	1590	3
chr3	2329	2370	3
chr3	3823	3842	3
chr3	1362	1378	3
chr3	2009	2027	3
chr3	1949	1965	3
chr3	2648	2669	3
chr3	1876	1948	3
chr3	3357	3371	3
chr3	207	221	3
chr3	2819	2843	3
chr3	2150	2165	3
chr3	2330	2356	3
chr3	1516	1537	3
chr3	2471	2487	3
chr3	659	677	3
chr3	3372	3389	3
chr3	3225	3298	3
chr3	1765	1805	3
chr3	632	644	3
chr3	3778	3792	4
chr3	2277	2311	4
chr3	222	237	4
chr3	577	600	4
chr3	87	104	4
chr3	859	886	4
chr3	3749	3774	4
chr3	1252	1265	4
chr3	1382	1401	4
chr3	371	397	4
chr3	1411	1434	4
chr3	3589	3607	4
chr3	1975	1990	4
chr3	3691	3705	4
chr3	3779	3808	4
chr3	1339	1379	4
chr3	2138	2166	4
chr3	576	615	4
chr3	2245	2268	4
chr3	3018	3032	4
chr3	313	330	4
chr3	2855	2869	4
chr3	2312	2329	5
chr3	678	734	5
chr3	3412	3448	5
chr3	789	806	5
chr3	65	85	5
chr3	3845	3865	5
chr3	407	444	5
chr3	2991	3005	5
chr3	496	512	5
chr3	3257	3297	5
chr3	1097	1115	5
chr3	2524	2545	5
chr3	3810	3843	5
chr3	1747	1763	5
chr3	2425	2441	5
chr3	811	838	5
chr3	3145	3166	5
chr3	2927	2972	5
chr3	3230	3255	5
chr4	143	155	1
chr4	3543	3568	1
chr4	3294	3312	1
chr4	1185	1213	1
chr4	562	581	1
chr4	273	285	1
chr4	3094	3108	1
chr4	17	34	1
chr4	1802	1819	1
chr4	84	121	1
chr4	699	719	1
chr4	1577	1596	1
chr4	1625	1644	1
chr4	2811	2825	1
chr4	3382	3410	1
chr4	3341	3380	1
chr4	1921	1941	1
chr4	2318	2356	1
chr4	1385	1405	1
chr4	1275	1311	1
chr4	965	979	1
chr4	1488	1500	1
chr4	2807	2835	1
chr4	2940	2958	1
chr4	2038	2058	1
chr4	1597	1621	1
chr4	2605	2621	1
chr4	2083	2115	1
chr4	564	580	1
chr4	415	432	1
chr4	462	507	1
chr4	1166	1219	1
chr4	541	611	1
chr4	3757	3770	1
chr4	1389	1406	1
chr4	1822	1865	1
chr4	3569	3584	1
chr4	3358	3378	1
chr4	3245	3263	1
chr4	1870	1894	1
chr4	552	610	1
chr4	2681	2701	1
chr4	3357	3375	1
chr4	2019	2034	1
chr4	859	893	1
chr4	3341	3374	1
chr4	2622	2675	1
chr4	1945	1979	1
chr4	2157	2173	1
chr4	3744	3817	1
chr4	2941	2957	1
chr4	332	349	1
chr4	84	124	1
chr4	2455	2473	1
chr4	1273	1308	1
chr4	461	489	1
chr4	3433	3474	1
chr4	1870	1893	1
chr4	2551	2567	1
chr4	1841	1857	1
chr4	1801	1819	1
chr4	2037	2052	1
chr4	1222	1262	1
chr4	2606	2621	1
chr4	2940	2959	1
chr4	1821	1866	1
chr4	1934	1979	1
chr4	3094	3107	1
chr4	2259	2274	1
chr4	1869	1894	1
chr4	2759	2798	1
chr4	1078	1102	1
chr4	3245	3262	1
chr4	2158	2174	1
chr4	3770	3802	1
chr4	1981	2007	1
chr4	1104	1134	1
chr4	1222	1238	1
chr4	2579	2600	1
chr4	3294	3314	1
chr4	2978	3016	1
chr4	3244	3263	1
chr4	1487	1500	1
chr4	273	287	1
chr4	1268	1308	1
chr4	553	608	1
chr4	2759	2797	1
chr4	2259	2277	1
chr4	3141	3162	1
chr4	2192	2206	1
chr4	1241	1258	1
chr4	2841	2880	1
chr4	3569	3585	1
chr4	1771	1788	1
chr4	1625	1639	1
chr4	3648	3686	1
chr4	1389	1409	1
chr4	2260	2278	1
chr4	2942	2957	1
chr4	3342	3374	1
chr4	1223	1259	1
chr4	3434	3476	1
chr4	83	120	1
chr4	2550	2569	1
chr4	3356	3374	1
chr4	2420	2444	1
chr4	352	372	1
chr4	2550	2567	1
chr4	696	722	1
chr4	1103	1116	1
chr4	3381	3397	1
chr4	3051	3066	1
chr4	1881	1893	1
chr4	3771	3802	1
chr4	272	289	1
chr4	1312	1363	1
chr4	1273	1307	1
chr4	752	776	1
chr4	1410	1427	1
chr4	1871	1893	1
chr4	1222	1258	1
chr4	461	507	1
chr4	1266	1309	1
chr4	2648	2670	1
chr4	2622	2677	1
chr4	3634	3679	1
chr4	2259	2276	1
chr4	2260	2276	1
chr4	3750	3770	1
chr4	3509	3536	1
chr4	2979	3016	1
chr4	2901	2919	1
chr4	434	455	1
chr4	3290	3314	1
chr4	2620	2676	1
chr4	1183	1213	1
chr4	2580	2594	1
chr4	2940	2957	1
chr4	355	372	1
chr4	356	372	1
chr4	2760	2797	1
chr4	2604	2678	1
chr4	669	690	1
chr4	1479	1500	1
chr4	2216	2229	1
chr4	2760	2778	1
chr4	896	924	1
chr4	2900	2920	1
chr4	3484	3504	1
chr4	36	59	1
chr4	2680	2703	1
chr4	697	717	1
chr4	696	723	1
chr4	1103	1115	1
chr4	3357	3379	1
chr4	1385	1408	1
chr4	1313	1364	1
chr4	1936	1979	1
chr4	1436	1451	1
chr4	3604	3623	1
chr4	2036	2060	1
chr4	2318	2355	1
chr4	3356	3379	1
chr4	470	507	1
chr4	329	349	1
chr4	461	506	1
chr4	2648	2671	1
chr4	2810	2836	1
chr4	462	506	1
chr4	2650	2670	1
chr4	3421	3476	1
chr4	2681	2703	1
chr4	729	747	1
chr4	3692	3716	1
chr4	1720	1741	1
chr4	3267	3286	1
chr4	2604	2677	1
chr4	1823	1839	1
chr4	2580	2600	1
chr4	1904	1920	1
chr4	1223	1262	1
chr4	1378	1406	1
chr4	1770	1788	1
chr4	1870	1896	1
chr4	1222	1259	1
chr4	2900	2919	1
chr4	895	935	1
chr4	1774	1788	1
chr4	937	951	1
chr4	3208	3265	1
chr4	839	853	1
chr4	2020	2034	2
chr4	2357	2383	2
chr4	3381	3396	2
chr4	1453	1477	2
chr4	1240	1258	2
chr4	3140	3162	2
chr4	209	253	2
chr4	2606	2620	2
chr4	2780	2797	2
chr4	2901	2920	2
chr4	3328	3380	2
chr4	2841	2876	2
chr4	858	892	2
chr4	728	746	2
chr4	3648	3676	2
chr4	1597	1616	2
chr4	2420	2441	2
chr4	3786	3802	2
chr4	1166	1220	2
chr4	2581	2600	2
chr4	2841	2881	2
chr4	3727	3742	2
chr4	3485	3505	2
chr4	1598	1616	2
chr4	2550	2568	2
chr4	895	925	2
chr4	2034	2060	2
chr4	3381	3411	2
chr4	3510	3535	2
chr4	462	489	2
chr4	2861	2875	2
chr4	859	892	2
chr4	84	119	2
chr4	18	33	2
chr4	2760	2798	2
chr4	518	540	2
chr4	3040	3066	2
chr4	3208	3267	2
chr4	895	924	2
chr4	2681	2758	2
chr4	801	817	2
chr4	99	117	2
chr4	3486	3504	2
chr4	670	690	2
chr4	1165	1220	2
chr4	1063	1076	2
chr4	2680	2702	2
chr4	1480	1500	2
chr4	238	252	2
chr4	3381	3410	2
chr4	3506	3536	2
chr4	727	747	2
chr4	210	236	2
chr4	2649	2671	2
chr4	38	59	2
chr4	351	372	2
chr4	3267	3287	2
chr4	1103	1134	2
chr4	489	506	2
chr4	3545	3565	2
chr4	3543	3567	2
chr4	2115	2129	2
chr4	2192	2205	2
chr4	2116	2128	2
chr4	2420	2443	2
chr4	3290	3313	2
chr4	3141	3161	2
chr4	3246	3262	2
chr4	1688	1709	2
chr4	1981	1999	2
chr4	2960	2976	2
chr4	19	33	2
chr4	668	690	2
chr4	3111	3125	2
chr4	38	60	2
chr4	613	633	2
chr4	3109	3125	2
chr4	2230	2254	2
chr4	1462	1478	2
chr4	876	890	2
chr4	1981	2008	2
chr4	3208	3266	2
chr4	3755	3770	2
chr4	2842	2859	2
chr4	2779	2797	3
chr4	1802	1818	3
chr4	210	237	3
chr4	2158	2173	3
chr4	553	609	3
chr4	2980	3016	3
chr4	1064	1076	3
chr4	2861	2876	3
chr4	936	951	3
chr4	613	634	3
chr4	2230	2255	3
chr4	1822	1866	3
chr4	3040	3073	3
chr4	2842	2860	3
chr4	489	507	3
chr4	3052	3066	3
chr4	333	349	3
chr4	1688	1708	3
chr4	1463	1478	3
chr4	1312	1364	3
chr4	3649	3676	3
chr4	801	816	3
chr4	1625	1645	3
chr4	2808	2835	3
chr4	516	540	3
chr4	2358	2383	3
chr4	751	776	3
chr4	1410	1428	4
chr4	825	838	4
chr4	435	455	4
chr4	1921	1979	4
chr4	2760	2777	4
chr4	1077	1102	4
chr4	1720	1743	4
chr4	1903	1920	4
chr4	2455	2472	4
chr4	1541	1562	4
chr4	1429	1451	4
chr4	3744	3818	4
chr4	1223	1238	4
chr4	1823	1840	4
chr4	3421	3475	4
chr4	2810	2825	4
chr4	2283	2306	4
chr4	415	433	4
chr4	1576	1596	4
chr4	2524	2569	5
chr4	254	271	5
chr4	1646	1664	5
chr4	3018	3038	5
chr4	2479	2503	5
chr4	2505	2523	5
chr4	3163	3177	5
chr4	272	303	5
chr4	3569	3630	5
chr4	1747	1763	5
chr4	473	488	5
chr4	2018	2064	5
chr4	373	413	5
chr4	1666	1687	5
chr5	872	896	1
chr5	2022	2034	1
chr5	766	778	1
chr5	1763	1780	1
chr5	1864	1884	1
chr5	2584	2609	1
chr5	2375	2425	1
chr5	345	365	1
chr5	3259	3279	1
chr5	699	736	1
chr5	2459	2513	1
chr5	2098	2124	1
chr5	1971	1991	1
chr5	722	736	1
chr5	1739	1801	1
chr5	2141	2153	1
chr5	2088	2150	1
chr5	1969	1991	1
chr5	1968	2031	1
chr5	384	428	1
chr5	897	915	1
chr5	1931	1952	1
chr5	3587	3614	1
chr5	3106	3127	1
chr5	2037	2052	1
chr5	2715	2738	1
chr5	387	417	1
chr5	1481	1512	1
chr5	3258	3324	1
chr5	1844	1858	1
chr5	185	205	1
chr5	137	155	1
chr5	2979	2997	1
chr5	1760	1777	1
chr5	2974	2998	1
chr5	2317	2364	1
chr5	2538	2550	1
chr5	3105	3131	1
chr5	3147	3171	1
chr5	1056	1070	1
chr5	1905	1919	1
chr5	3146	3171	1
chr5	3039	3051	1
chr5	2615	2629	1
chr5	3306	3328	1
chr5	538	554	1
chr5	2154	2200	1
chr5	723	737	1
chr5	3338	3352	1
chr5	1481	1511	1
chr5	1831	1862	1
chr5	1660	1674	1
chr5	243	263	1
chr5	1995	2020	1
chr5	344	363	1
chr5	1741	1759	1
chr5	391	411	1
chr5	532	568	1
chr5	699	721	1
chr5	1480	1512	1
chr5	2872	2909	1
chr5	1689	1716	1
chr5	391	407	1
chr5	2319	2363	1
chr5	3036	3067	1
chr5	1484	1512	1
chr5	42	96	1
chr5	2154	2199	1
chr5	437	461	1
chr5	2479	2503	1
chr5	2155	2199	1
chr5	3054	3066	1
chr5	46	77	1
chr5	2202	2231	1
chr5	2404	2425	1
chr5	2383	2404	1
chr5	393	412	1
chr5	3259	3280	1
chr5	3280	3301	1
chr5	2089	2141	1
chr5	3263	3279	1
chr5	3106	3125	1
chr5	655	668	1
chr5	2586	2608	1
chr5	791	815	1
chr5	3517	3532	1
chr5	1968	2025	1
chr5	1659	1687	1
chr5	3146	3170	1
chr5	2292	2308	1
chr5	531	566	1
chr5	2037	2056	1
chr5	1817	1885	1
chr5	345	366	1
chr5	872	894	1
chr5	747	764	1
chr5	2714	2737	1
chr5	3516	3531	1
chr5	1143	1155	1
chr5	1659	1726	1
chr5	1818	1864	1
chr5	644	668	1
chr5	3360	3399	1
chr5	722	738	1
chr5	2089	2151	1
chr5	1760	1780	1
chr5	2480	2503	1
chr5	1005	1029	1
chr5	3586	3614	1
chr5	371	417	1
chr5	1931	1953	1
chr5	1818	1831	1
chr5	1660	1676	1
chr5	536	556	1
chr5	368	426	1
chr5	2309	2364	1
chr5	1818	1863	1
chr5	1598	1611	1
chr5	2945	2961	1
chr5	42	95	1
chr5	2872	2890	1
chr5	1444	1457	1
chr5	2802	2816	1
chr5	1832	1858	1
chr5	3361	3379	1
chr5	3517	3533	1
chr5	109	131	1
chr5	2072	2151	1
chr5	898	915	1
chr5	368	425	1
chr5	1006	1030	1
chr5	1329	1365	1
chr5	2090	2151	1
chr5	2385	2402	1
chr5	2095	2127	1
chr5	3068	3082	1
chr5	3282	3300	1
chr5	535	560	1
chr5	1045	1070	1
chr5	440	460	1
chr5	1204	1220	1
chr5	1073	1088	1
chr5	3339	3352	1
chr5	3486	3500	1
chr5	2827	2844	1
chr5	857	871	1
chr5	1831	1863	1
chr5	2974	2996	1
chr5	42	76	1
chr5	2290	2308	1
chr5	3037	3066	1
chr5	988	1040	1
chr5	1481	1516	1
chr5	1818	1862	1
chr5	1968	2027	1
chr5	2696	2710	1
chr5	3340	3353	1
chr5	1005	1027	1
chr5	375	417	1
chr5	1057	1070	1
chr5	2828	2844	1
chr5	439	459	1
chr5	2632	2647	1
chr5	191	204	1
chr5	898	914	1
chr5	1739	1759	1
chr5	1760	1793	1
chr5	2259	2277	1
chr5	41	77	1
chr5	41	95	1
chr5	2309	2363	1
chr5	2308	2364	1
chr5	3042	3066	1
chr5	2845	2871	1
chr5	1089	1104	1
chr5	2976	2996	1
chr5	2037	2051	1
chr5	2385	2403	1
chr5	2095	2124	1
chr5	1377	1412	1
chr5	1818	1885	1
chr5	3258	3339	1
chr5	344	366	1
chr5	1234	1271	1
chr5	2585	2608	1
chr5	1740	1759	1
chr5	3259	3325	1
chr5	1968	2034	1
chr5	3259	3324	1
chr5	304	321	1
chr5	857	870	1
chr5	2309	2365	1
chr5	2481	2503	1
chr5	369	423	1
chr5	2974	2997	1
chr5	3402	3414	1
chr5	41	73	1
chr5	2828	2842	1
chr5	1992	2020	2
chr5	3338	3353	2
chr5	1660	1675	2
chr5	1417	1431	2
chr5	1182	1202	2
chr5	2383	2402	2
chr5	2436	2458	2
chr5	2872	2887	2
chr5	3416	3435	2
chr5	791	814	2
chr5	1994	2020	2
chr5	750	764	2
chr5	1006	1029	2
chr5	3360	3396	2
chr5	438	460	2
chr5	792	814	2
chr5	3281	3300	2
chr5	817	836	2
chr5	3149	3170	2
chr5	2057	2071	2
chr5	746	764	2
chr5	41	96	2
chr5	3105	3125	2
chr5	1831	1858	2
chr5	3038	3066	2
chr5	2058	2071	2
chr5	1268	1280	2
chr5	1612	1631	2
chr5	1537	1551	2
chr5	3539	3552	2
chr5	1234	1269	2
chr5	898	927	2
chr5	2036	2056	2
chr5	307	320	2
chr5	1242	1268	2
chr5	898	916	2
chr5	3089	3104	2
chr5	3552	3614	2
chr5	3172	3196	2
chr5	136	154	2
chr5	3361	3393	2
chr5	1204	1225	2
chr5	2519	2536	2
chr5	2537	2550	2
chr5	136	155	2
chr5	2096	2124	2
chr5	301	319	2
chr5	2584	2608	2
chr5	2201	2230	2
chr5	1898	1921	2
chr5	1743	1759	2
chr5	1204	1224	2
chr5	722	737	2
chr5	109	156	2
chr5	1969	1990	2
chr5	3258	3279	2
chr5	1536	1551	2
chr5	2537	2551	2
chr5	225	278	2
chr5	2201	2231	2
chr5	839	856	2
chr5	838	857	3
chr5	2518	2536	3
chr5	2430	2458	3
chr5	2712	2738	3
chr5	699	737	3
chr5	897	927	3
chr5	872	895	3
chr5	3416	3434	3
chr5	2631	2647	3
chr5	1090	1104	3
chr5	1045	1088	3
chr5	1182	1201	3
chr5	669	689	3
chr5	3173	3196	3
chr5	224	278	3
chr5	190	204	3
chr5	648	668	3
chr5	816	836	3
chr5	858	871	3
chr5	3067	3085	3
chr5	109	155	3
chr5	2872	2910	4
chr5	1760	1792	4
chr5	1660	1687	4
chr5	988	1039	4
chr5	2404	2424	4
chr5	110	131	4
chr5	2615	2630	4
chr5	1690	1716	4
chr5	2917	2943	4
chr5	2259	2276	4
chr5	2845	2870	4
chr5	700	720	4
chr5	18	33	4
chr5	1865	1884	4
chr5	1072	1088	4
chr5	2696	2711	4
chr5	1444	1456	4
chr5	2376	2425	4
chr5	2459	2512	4
chr5	1131	1155	4
chr5	1566	1593	5
chr5	1632	1658	5
chr5	1330	1350	5
chr5	607	629	5
chr5	2564	2582	5
chr5	157	205	5
chr5	2177	2199	5
chr5	1930	1963	5
chr5	1351	1365	5
chr5	1552	1565	5
chr5	3198	3256	5
chr5	2156	2176	5
chr5	3087	3131	5
chr5	2537	2563	5
chr6	1390	1417	1
chr6	1566	1590	1
chr6	2388	2405	1
chr6	162	209	1
chr6	3113	3137	1
chr6	2481	2502	1
chr6	287	312	1
chr6	1958	1993	1
chr6	2264	2285	1
chr6	998	1038	1
chr6	2165	2188	1
chr6	1017	1037	1
chr6	2610	2623	1
chr6	1687	1720	1
chr6	892	907	1
chr6	1568	1590	1
chr6	218	252	1
chr6	2301	2325	1
chr6	2007	2023	1
chr6	1887	1913	1
chr6	532	554	1
chr6	1592	1610	1
chr6	1688	1721	1
chr6	108	132	1
chr6	3240	3261	1
chr6	756	773	1
chr6	1616	1629	1
chr6	3265	3309	1
chr6	1660	1673	1
chr6	3036	3050	1
chr6	2388	2406	1
chr6	2345	2364	1
chr6	2370	2384	1
chr6	2035	2051	1
chr6	3291	3310	1
chr6	1969	1985	1
chr6	1659	1675	1
chr6	1388	1417	1
chr6	2793	2839	1
chr6	757	772	1
chr6	1487	1525	1
chr6	1354	1384	1
chr6	1548	1564	1
chr6	998	1039	1
chr6	1502	1515	1
chr6	1591	1610	1
chr6	1059	1072	1
chr6	1532	1546	1
chr6	2386	2405	1
chr6	471	486	1
chr6	1149	1161	1
chr6	2463	2479	1
chr6	709	729	1
chr6	1771	1792	1
chr6	1833	1871	1
chr6	2345	2365	1
chr6	410	474	1
chr6	888	918	1
chr6	1613	1657	1
chr6	669	704	1
chr6	2409	2426	1
chr6	1836	1854	1
chr6	1292	1327	1
chr6	1617	1630	1
chr6	3238	3261	1
chr6	1457	1481	1
chr6	2301	2324	1
chr6	532	555	1
chr6	1699	1720	1
chr6	3262	3313	1
chr6	1835	1855	1
chr6	1531	1564	1
chr6	2897	2923	1
chr6	1734	1753	1
chr6	1699	1721	1
chr6	2036	2050	1
chr6	3036	3051	1
chr6	1836	1851	1
chr6	1501	1516	1
chr6	2464	2478	1
chr6	3236	3264	1
chr6	378	401	1
chr6	441	469	1
chr6	3236	3260	1
chr6	919	935	1
chr6	1567	1591	1
chr6	283	312	1
chr6	2436	2451	1
chr6	3315	3331	1
chr6	214	258	1
chr6	1530	1591	1
chr6	2023	2100	1
chr6	2793	2840	1
chr6	1351	1385	1
chr6	668	682	1
chr6	1687	1699	1
chr6	3352	3366	1
chr6	2623	2638	1
chr6	1459	1481	1
chr6	1350	1385	1
chr6	1387	1417	1
chr6	2302	2324	1
chr6	3291	3309	1
chr6	2897	2913	1
chr6	1352	1383	1
chr6	3337	3418	1
chr6	410	487	1
chr6	919	934	1
chr6	774	825	1
chr6	2897	2922	1
chr6	2386	2406	1
chr6	1533	1547	1
chr6	432	470	1
chr6	2036	2051	1
chr6	1834	1870	1
chr6	166	210	1
chr6	217	252	1
chr6	2289	2325	1
chr6	2482	2500	1
chr6	1755	1792	1
chr6	2387	2405	1
chr6	2463	2477	1
chr6	1832	1870	1
chr6	410	470	1
chr6	745	773	1
chr6	2896	2922	1
chr6	1659	1685	1
chr6	786	811	1
chr6	887	917	1
chr6	3350	3365	1
chr6	784	807	1
chr6	1856	1870	1
chr6	408	486	1
chr6	1351	1384	1
chr6	1950	1993	1
chr6	284	312	1
chr6	3314	3330	1
chr6	532	558	1
chr6	709	730	1
chr6	2954	2976	1
chr6	2300	2324	1
chr6	2302	2325	1
chr6	1014	1037	1
chr6	2023	2101	1
chr6	231	255	1
chr6	231	245	1
chr6	1531	1566	1
chr6	1614	1657	1
chr6	3292	3311	1
chr6	2639	2656	1
chr6	2482	2501	1
chr6	1500	1518	1
chr6	410	485	1
chr6	1018	1035	1
chr6	786	812	1
chr6	1970	1985	1
chr6	1737	1753	1
chr6	1689	1721	1
chr6	668	681	1
chr6	3239	3264	1
chr6	1487	1526	1
chr6	1688	1720	1
chr6	784	808	1
chr6	1297	1325	1
chr6	3265	3313	1
chr6	1073	1123	1
chr6	1237	1279	1
chr6	2263	2285	1
chr6	3341	3420	1
chr6	217	257	2
chr6	997	1013	2
chr6	1531	1592	2
chr6	745	772	2
chr6	1548	1563	2
chr6	2287	2326	2
chr6	643	664	2
chr6	531	555	2
chr6	746	772	2
chr6	2825	2838	2
chr6	2464	2480	2
chr6	286	312	2
chr6	1957	1993	2
chr6	669	681	2
chr6	2746	2759	2
chr6	371	401	2
chr6	1436	1456	2
chr6	2147	2164	2
chr6	2503	2525	2
chr6	1530	1592	2
chr6	1502	1516	2
chr6	2252	2285	2
chr6	1616	1630	2
chr6	2287	2325	2
chr6	3113	3139	2
chr6	1547	1563	2
chr6	1238	1278	2
chr6	179	208	2
chr6	178	208	2
chr6	1014	1036	2
chr6	408	485	2
chr6	3112	3153	2
chr6	1833	1870	2
chr6	1888	1913	2
chr6	1389	1417	2
chr6	2561	2580	2
chr6	2035	2050	2
chr6	1967	1993	2
chr6	377	401	2
chr6	1567	1590	2
chr6	447	469	2
chr6	1884	1913	2
chr6	2718	2731	2
chr6	1836	1853	2
chr6	3333	3348	2
chr6	2408	2426	2
chr6	2897	2921	2
chr6	1237	1278	2
chr6	1292	1326	2
chr6	3154	3170	3
chr6	920	935	3
chr6	1487	1518	3
chr6	1531	1565	3
chr6	668	704	3
chr6	1458	1481	3
chr6	2436	2450	3
chr6	2793	2848	3
chr6	887	918	3
chr6	2147	2163	3
chr6	214	230	3
chr6	682	704	3
chr6	709	727	3
chr6	2250	2285	3
chr6	1435	1456	3
chr6	1686	1698	3
chr6	231	252	3
chr6	998	1013	3
chr6	1728	1753	3
chr6	1700	1720	3
chr6	165	209	3
chr6	2745	2759	3
chr6	1615	1657	3
chr6	1659	1674	3
chr6	592	604	3
chr6	432	469	3
chr6	2560	2580	3
chr6	1593	1611	3
chr6	3314	3331	3
chr6	775	825	4
chr6	2369	2384	4
chr6	133	161	4
chr6	2624	2638	4
chr6	2640	2656	4
chr6	3171	3187	4
chr6	1772	1792	4
chr6	1658	1685	4
chr6	81	101	4
chr6	1072	1123	4
chr6	108	131	4
chr6	2608	2622	4
chr6	2954	2971	4
chr6	470	486	4
chr6	2006	2023	4
chr6	2165	2189	4
chr6	608	629	5
chr6	1103	1123	5
chr6	2196	2214	5
chr6	3067	3088	5
chr6	2581	2595	5
chr6	2855	2875	5
chr6	2607	2638	5
chr6	2925	2941	5
chr6	2385	2426	5
chr6	2526	2551	5
chr6	1418	1434	5
chr6	31	54	5
chr6	2231	2248	5
chr6	1793	1807	5
chr6	2942	2976	5
chr6	955	988	5
chr6	2662	2684	5
chr6	2977	2997	5
chr6	1076	1101	5
chr6	2560	2597	5
chr6	411	431	5
chr6	1916	1938	5
chr6	2215	2230	5
chr6	1755	1770	5
chr7	2732	2750	1
chr7	2987	3013	1
chr7	518	530	1
chr7	1354	1373	1
chr7	2475	2487	1
chr7	2445	2461	1
chr7	1308	1322	1
chr7	1459	1476	1
chr7	1523	1543	1
chr7	2932	2959	1
chr7	632	650	1
chr7	2963	2975	1
chr7	2077	2090	1
chr7	2682	2697	1
chr7	341	353	1
chr7	2731	2751	1
chr7	803	837	1
chr7	2755	2775	1
chr7	2287	2313	1
chr7	395	412	1
chr7	2340	2357	1
chr7	475	488	1
chr7	1287	1301	1
chr7	1711	1728	1
chr7	2860	2877	1
chr7	398	412	1
chr7	652	684	1
chr7	2114	2150	1
chr7	2929	2959	1
chr7	1307	1322	1
chr7	1759	1793	1
chr7	2757	2774	1
chr7	594	613	1
chr7	696	713	1
chr7	2358	2404	1
chr7	1952	1969	1
chr7	1935	1951	1
chr7	622	650	1
chr7	1125	1160	1
chr7	1040	1092	1
chr7	1814	1828	1
chr7	395	413	1
chr7	974	1001	1
chr7	1337	1379	1
chr7	1009	1028	1
chr7	475	493	1
chr7	2755	2767	1
chr7	3034	3050	1
chr7	1270	1284	1
chr7	746	761	1
chr7	2716	2730	1
chr7	518	543	1
chr7	1268	1284	1
chr7	65	93	1
chr7	1040	1091	1
chr7	2194	2212	1
chr7	3145	3182	1
chr7	1381	1404	1
chr7	62	93	1
chr7	664	683	1
chr7	414	442	1
chr7	167	228	1
chr7	2287	2312	1
chr7	338	354	1
chr7	1631	1647	1
chr7	1406	1424	1
chr7	1425	1441	1
chr7	505	543	1
chr7	1389	1405	1
chr7	399	411	1
chr7	3150	3165	1
chr7	1406	1422	1
chr7	1029	1160	1
chr7	598	612	1
chr7	472	494	1
chr7	2464	2492	1
chr7	517	542	1
chr7	1800	1813	1
chr7	1551	1577	1
chr7	2341	2357	1
chr7	2716	2729	1
chr7	1799	1831	1
chr7	745	761	1
chr7	973	1001	1
chr7	881	903	1
chr7	2446	2460	1
chr7	1286	1301	1
chr7	2115	2150	1
chr7	650	663	1
chr7	340	354	1
chr7	2647	2681	1
chr7	634	649	1
chr7	2934	2960	1
chr7	334	354	1
chr7	2280	2314	1
chr7	3146	3164	1
chr7	2243	2267	1
chr7	341	354	1
chr7	595	613	1
chr7	61	79	1
chr7	1796	1831	1
chr7	1008	1025	1
chr7	1503	1518	1
chr7	2561	2574	1
chr7	965	1002	1
chr7	1030	1091	1
chr7	1857	1906	1
chr7	1881	1906	1
chr7	812	838	1
chr7	517	543	1
chr7	179	213	1
chr7	2366	2405	1
chr7	965	1001	1
chr7	3038	3050	1
chr7	804	836	1
chr7	2627	2645	1
chr7	3051	3085	1
chr7	168	218	1
chr7	1521	1539	1
chr7	2115	2151	1
chr7	2812	2831	1
chr7	651	685	1
chr7	229	250	1
chr7	1732	1756	1
chr7	1520	1543	1
chr7	1287	1302	1
chr7	651	684	1
chr7	884	903	1
chr7	966	1001	1
chr7	2475	2490	1
chr7	1336	1381	1
chr7	1980	2042	1
chr7	2444	2461	1
chr7	2272	2286	1
chr7	2715	2730	1
chr7	2754	2776	2
chr7	2377	2403	2
chr7	1551	1593	2
chr7	2463	2492	2
chr7	472	496	2
chr7	635	649	2
chr7	1800	1831	2
chr7	505	517	2
chr7	768	791	2
chr7	2164	2226	2
chr7	1758	1793	2
chr7	1711	1729	2
chr7	167	227	2
chr7	2989	3012	2
chr7	251	294	2
chr7	2808	2830	2
chr7	803	838	2
chr7	594	612	2
chr7	2933	2960	2
chr7	1520	1544	2
chr7	1814	1829	2
chr7	2813	2830	2
chr7	2166	2188	2
chr7	58	93	2
chr7	518	542	2
chr7	168	228	2
chr7	2576	2592	2
chr7	1710	1729	2
chr7	730	745	2
chr7	2477	2491	2
chr7	505	542	2
chr7	2464	2491	2
chr7	2990	3012	2
chr7	2445	2460	2
chr7	2378	2403	2
chr7	3093	3110	2
chr7	3145	3166	2
chr7	1758	1794	2
chr7	2495	2538	2
chr7	2273	2286	3
chr7	2164	2227	3
chr7	2575	2592	3
chr7	1009	1027	3
chr7	3052	3085	3
chr7	3094	3110	3
chr7	1550	1593	3
chr7	3033	3050	3
chr7	1406	1423	3
chr7	3019	3032	3
chr7	2731	2745	3
chr7	152	166	3
chr7	767	791	3
chr7	1337	1380	3
chr7	880	903	3
chr7	2165	2188	3
chr7	1801	1813	3
chr7	2494	2538	3
chr7	1386	1404	3
chr7	730	744	3
chr7	2116	2135	4
chr7	229	249	4
chr7	415	441	4
chr7	664	684	4
chr7	1622	1647	4
chr7	1633	1647	4
chr7	2273	2314	4
chr7	2243	2266	4
chr7	355	367	4
chr7	2661	2673	4
chr7	1935	1950	4
chr7	2627	2644	4
chr7	2645	2681	4
chr7	1731	1756	4
chr7	1551	1576	4
chr7	816	835	4
chr7	3144	3182	4
chr7	1881	1902	4
chr7	859	877	4
chr7	2136	2150	5
chr7	3112	3132	5
chr7	1910	1933	5
chr7	918	945	5
chr7	564	578	5
chr7	1671	1692	5
chr7	1693	1709	5
chr7	372	393	5
chr7	1577	1593	5
chr7	839	858	5
chr7	1649	1669	5
chr7	904	917	5
chr7	2627	2681	5
chr7	267	294	5
chr7	928	944	5
chr7	1606	1621	5
chr7	303	332	5
chr7	714	728	5
chr7	2189	2226	5
chr7	1406	1444	5
chr7	544	562	5
chr8	2580	2602	1
chr8	2322	2336	1
chr8	2369	2391	1
chr8	998	1050	1
chr8	1109	1132	1
chr8	2177	2195	1
chr8	698	722	1
chr8	2110	2136	1
chr8	410	435	1
chr8	305	332	1
chr8	2575	2603	1
chr8	404	435	1
chr8	1620	1651	1
chr8	2856	2868	1
chr8	1545	1561	1
chr8	754	773	1
chr8	2119	2136	1
chr8	2457	2472	1
chr8	1254	1266	1
chr8	499	528	1
chr8	670	732	1
chr8	1197	1221	1
chr8	2636	2672	1
chr8	2737	2772	1
chr8	620	668	1
chr8	1171	1188	1
chr8	2857	2870	1
chr8	2718	2783	1
chr8	1567	1585	1
chr8	830	857	1
chr8	101	123	1
chr8	1010	1050	1
chr8	2575	2615	1
chr8	2718	2781	1
chr8	1529	1562	1
chr8	2369	2390	1
chr8	2093	2109	1
chr8	757	772	1
chr8	44	62	1
chr8	2235	2256	1
chr8	2115	2136	1
chr8	1993	2015	1
chr8	2034	2046	1
chr8	179	194	1
chr8	440	459	1
chr8	42	100	1
chr8	2577	2614	1
chr8	43	123	1
chr8	2215	2259	1
chr8	1388	1410	1
chr8	1755	1770	1
chr8	1912	1944	1
chr8	672	730	1
chr8	796	827	1
chr8	620	667	1
chr8	2575	2614	1
chr8	2290	2308	1
chr8	1141	1161	1
chr8	2849	2871	1
chr8	105	123	1
chr8	2274	2288	1
chr8	2587	2600	1
chr8	685	731	1
chr8	483	498	1
chr8	1414	1432	1
chr8	756	772	1
chr8	2718	2780	1
chr8	2096	2109	1
chr8	1994	2018	1
chr8	2368	2390	1
chr8	2873	2886	1
chr8	2215	2258	1
chr8	99	123	1
chr8	1534	1566	1
chr8	1054	1068	1
chr8	1415	1431	1
chr8	1141	1162	1
chr8	2558	2574	1
chr8	831	857	1
chr8	444	459	1
chr8	2321	2337	1
chr8	472	542	1
chr8	405	435	1
chr8	1860	1876	1
chr8	405	424	1
chr8	1592	1610	1
chr8	2873	2885	1
chr8	1333	1346	1
chr8	1502	1520	1
chr8	1254	1280	1
chr8	2216	2232	1
chr8	698	730	1
chr8	1350	1362	1
chr8	225	237	1
chr8	1463	1477	1
chr8	44	124	1
chr8	442	460	1
chr8	1032	1049	1
chr8	2637	2662	1
chr8	2718	2778	1
chr8	569	599	1
chr8	1253	1281	1
chr8	320	332	1
chr8	1545	1562	1
chr8	2637	2671	1
chr8	1993	2018	1
chr8	1773	1788	1
chr8	2273	2289	1
chr8	356	373	1
chr8	2874	2886	1
chr8	1916	1944	1
chr8	277	297	1
chr8	2718	2782	1
chr8	1166	1188	2
chr8	622	640	2
chr8	2456	2472	2
chr8	1771	1814	2
chr8	443	458	2
chr8	1170	1188	2
chr8	2078	2090	2
chr8	936	961	2
chr8	2453	2472	2
chr8	1656	1709	2
chr8	1894	1909	2
chr8	1108	1132	2
chr8	301	332	2
chr8	1109	1131	2
chr8	304	332	2
chr8	2812	2828	2
chr8	779	795	2
chr8	1820	1839	2
chr8	2574	2615	2
chr8	1754	1770	2
chr8	1308	1329	2
chr8	486	498	2
chr8	1756	1771	2
chr8	1894	1910	2
chr8	2321	2355	2
chr8	1347	1364	2
chr8	795	827	2
chr8	936	960	2
chr8	570	599	2
chr8	1347	1363	2
chr8	797	827	2
chr8	671	731	2
chr8	2115	2135	2
chr8	1285	1306	2
chr8	2215	2257	2
chr8	1225	1241	2
chr8	405	434	2
chr8	499	527	2
chr8	2579	2601	2
chr8	2857	2871	2
chr8	272	300	2
chr8	830	856	2
chr8	1224	1241	3
chr8	1657	1709	3
chr8	1254	1281	3
chr8	2637	2672	3
chr8	1309	1329	3
chr8	2274	2289	3
chr8	2813	2828	3
chr8	1286	1306	3
chr8	1773	1787	3
chr8	1530	1544	3
chr8	1771	1813	3
chr8	553	568	3
chr8	2092	2109	3
chr8	1142	1162	3
chr8	2794	2828	3
chr8	1528	1566	3
chr8	2317	2362	3
chr8	1820	1842	3
chr8	779	794	3
chr8	621	640	3
chr8	621	668	3
chr8	1002	1050	3
chr8	797	817	4
chr8	2556	2574	4
chr8	2556	2615	4
chr8	1389	1410	4
chr8	2176	2194	4
chr8	1332	1346	4
chr8	1464	1477	4
chr8	1567	1584	4
chr8	1191	1221	4
chr8	357	373	4
chr8	343	355	4
chr8	1591	1610	4
chr8	178	194	4
chr8	1619	1651	4
chr8	1848	1893	5
chr8	2047	2064	5
chr8	1983	2022	5
chr8	2367	2415	5
chr8	2154	2175	5
chr8	2485	2509	5
chr8	375	393	5
chr8	648	666	5
chr8	2535	2555	5
chr8	1526	1584	5
chr8	2690	2717	5
chr8	1077	1094	5
chr8	1926	1944	5
chr8	1946	1971	5
chr8	1433	1453	5
chr8	2196	2214	5
chr8	2439	2472	5
chr9	2038	2051	1
chr9	136	182	1
chr9	569	646	1
chr9	1556	1586	1
chr9	2342	2388	1
chr9	1960	1979	1
chr9	1689	1704	1
chr9	730	748	1
chr9	364	384	1
chr9	2067	2083	1
chr9	693	713	1
chr9	2068	2083	1
chr9	1556	1579	1
chr9	157	178	1
chr9	671	690	1
chr9	316	336	1
chr9	1439	1463	1
chr9	2288	2311	1
chr9	394	423	1
chr9	1779	1799	1
chr9	156	180	1
chr9	157	180	1
chr9	42	56	1
chr9	406	422	1
chr9	205	248	1
chr9	1597	1616	1
chr9	1656	1714	1
chr9	404	423	1
chr9	2688	2704	1
chr9	200	247	1
chr9	202	248	1
chr9	21	37	1
chr9	2444	2461	1
chr9	668	687	1
chr9	94	113	1
chr9	2787	2807	1
chr9	1705	1719	1
chr9	671	691	1
chr9	1661	1713	1
chr9	2755	2772	1
chr9	252	297	1
chr9	2405	2444	1
chr9	697	712	1
chr9	1664	1685	1
chr9	1912	1927	1
chr9	2754	2773	1
chr9	771	838	1
chr9	1620	1638	1
chr9	1594	1616	1
chr9	2343	2388	1
chr9	94	112	1
chr9	136	180	1
chr9	21	38	1
chr9	2342	2365	1
chr9	200	248	1
chr9	2790	2803	1
chr9	2592	2615	1
chr9	2203	2231	1
chr9	93	113	1
chr9	1912	1926	1
chr9	2207	2231	1
chr9	2288	2313	1
chr9	1873	1895	1
chr9	1663	1704	1
chr9	136	154	1
chr9	1440	1463	1
chr9	426	445	1
chr9	1991	2007	1
chr9	1554	1587	1
chr9	2591	2603	1
chr9	2009	2031	1
chr9	2687	2717	1
chr9	1619	1646	1
chr9	2688	2717	1
chr9	2563	2587	1
chr9	2704	2717	1
chr9	1705	1723	1
chr9	1596	1616	1
chr9	21	39	1
chr9	2525	2537	1
chr9	2320	2341	1
chr9	1662	1713	1
chr9	397	423	1
chr9	315	337	1
chr9	2704	2716	1
chr9	1959	1980	1
chr9	2445	2460	1
chr9	2551	2591	1
chr9	1619	1647	1
chr9	62	90	1
chr9	1556	1587	1
chr9	2288	2319	1
chr9	1555	1586	1
chr9	364	385	1
chr9	1873	1896	1
chr9	136	181	1
chr9	567	646	1
chr9	1662	1705	1
chr9	2523	2544	1
chr9	568	646	1
chr9	2099	2140	1
chr9	219	247	1
chr9	41	56	1
chr9	1779	1798	1
chr9	2688	2703	1
chr9	1465	1478	1
chr9	365	388	1
chr9	2523	2542	1
chr9	1946	1988	1
chr9	449	467	1
chr9	205	247	1
chr9	316	338	1
chr9	158	178	1
chr9	1959	1981	1
chr9	2563	2575	1
chr9	2550	2591	1
chr9	751	769	1
chr9	396	423	1
chr9	365	380	2
chr9	395	423	2
chr9	1518	1542	2
chr9	2232	2244	2
chr9	351	363	2
chr9	735	748	2
chr9	1690	1704	2
chr9	2787	2803	2
chr9	2263	2284	2
chr9	22	37	2
chr9	2389	2405	2
chr9	94	114	2
chr9	1990	2007	2
chr9	1824	1838	2
chr9	1810	1838	2
chr9	136	152	2
chr9	1780	1798	2
chr9	1960	1980	2
chr9	1989	2007	2
chr9	136	153	2
chr9	715	727	2
chr9	566	646	2
chr9	2288	2312	2
chr9	1947	1988	2
chr9	151	198	2
chr9	426	444	2
chr9	732	748	2
chr9	1686	1704	2
chr9	1595	1617	2
chr9	2740	2753	2
chr9	316	337	2
chr9	63	89	2
chr9	534	551	2
chr9	2246	2261	2
chr9	2321	2341	3
chr9	2068	2082	3
chr9	2592	2613	3
chr9	2389	2404	3
chr9	693	712	3
chr9	1619	1654	3
chr9	350	363	3
chr9	1913	1927	3
chr9	2038	2067	3
chr9	2755	2771	3
chr9	2246	2260	3
chr9	1809	1838	3
chr9	2705	2717	3
chr9	40	56	3
chr9	2263	2285	3
chr9	1440	1458	3
chr9	1518	1543	3
chr9	2204	2231	3
chr9	1897	1911	3
chr9	449	466	4
chr9	749	768	4
chr9	1663	1685	4
chr9	2406	2444	4
chr9	2563	2590	4
chr9	1465	1477	4
chr9	74	87	5
chr9	2087	2149	5
chr9	350	388	5
chr9	2467	2483	5
chr9	2367	2388	5
chr9	314	349	5
chr9	2390	2465	5
chr9	1740	1767	5
chr9	116	134	5
chr9	266	289	5
chr9	2171	2199	5
chrX	507	547	1
chrX	1550	1567	1
chrX	1909	1950	1
chrX	550	570	1
chrX	237	257	1
chrX	2700	2720	1
chrX	2619	2660	1
chrX	388	403	1
chrX	2244	2267	1
chrX	1073	1092	1
chrX	828	871	1
chrX	1998	2012	1
chrX	2244	2268	1
chrX	129	158	1
chrX	411	435	1
chrX	1919	1939	1
chrX	2983	2997	1
chrX	2950	2970	1
chrX	77	114	1
chrX	35	50	1
chrX	669	687	1
chrX	2797	2827	1
chrX	1073	1135	1
chrX	1322	1347	1
chrX	2757	2782	1
chrX	2619	2638	1
chrX	1102	1135	1
chrX	2782	2796	1
chrX	552	570	1
chrX	618	635	1
chrX	368	387	1
chrX	159	172	1
chrX	1920	1938	1
chrX	1357	1372	1
chrX	1306	1320	1
chrX	2468	2570	1
chrX	128	157	1
chrX	2589	2601	1
chrX	989	1007	1
chrX	126	158	1
chrX	1597	1613	1
chrX	1919	1942	1
chrX	3019	3035	1
chrX	991	1015	1
chrX	2670	2682	1
chrX	786	806	1
chrX	550	610	1
chrX	873	927	1
chrX	1549	1567	1
chrX	2468	2553	1
chrX	2982	2998	1
chrX	2468	2567	1
chrX	3018	3036	1
chrX	968	981	1
chrX	2797	2822	1
chrX	743	764	1
chrX	618	634	1
chrX	1477	1505	1
chrX	2302	2348	1
chrX	2640	2658	1
chrX	2402	2445	1
chrX	237	255	1
chrX	2468	2550	1
chrX	134	158	1
chrX	769	807	1
chrX	1081	1101	1
chrX	1373	1385	1
chrX	529	546	1
chrX	1321	1347	1
chrX	1601	1660	1
chrX	1697	1725	1
chrX	2942	2970	1
chrX	1024	1039	1
chrX	1444	1460	1
chrX	2469	2569	1
chrX	585	601	1
chrX	940	982	1
chrX	2397	2445	1
chrX	342	354	1
chrX	3040	3056	1
chrX	2013	2048	1
chrX	1444	1471	1
chrX	411	436	1
chrX	3005	3039	1
chrX	2700	2719	1
chrX	743	765	1
chrX	551	611	1
chrX	440	462	1
chrX	769	808	1
chrX	340	355	1
chrX	1910	1946	1
chrX	875	900	1
chrX	124	158	1
chrX	874	900	1
chrX	2983	2995	1
chrX	527	546	1
chrX	1601	1661	1
chrX	873	926	1
chrX	2121	2146	1
chrX	2943	2970	1
chrX	337	355	1
chrX	691	707	1
chrX	832	871	1
chrX	571	604	1
chrX	2756	2787	1
chrX	1354	1372	1
chrX	619	634	1
chrX	507	546	1
chrX	505	547	1
chrX	2304	2348	1
chrX	902	926	1
chrX	1516	1531	1
chrX	582	602	1
chrX	743	766	1
chrX	1515	1530	1
chrX	3021	3035	1
chrX	1444	1467	1
chrX	2946	2970	1
chrX	256	275	1
chrX	2619	2659	1
chrX	2756	2781	1
chrX	1477	1503	1
chrX	2194	2210	1
chrX	2641	2657	1
chrX	1912	1950	1
chrX	572	604	1
chrX	314	335	1
chrX	2174	2192	1
chrX	875	901	1
chrX	1260	1294	1
chrX	1262	1347	1
chrX	2948	2970	1
chrX	832	872	1
chrX	2797	2821	1
chrX	1138	1159	1
chrX	2402	2447	1
chrX	1534	1547	1
chrX	1599	1613	1
chrX	2024	2047	1
chrX	670	686	1
chrX	1509	1547	1
chrX	390	404	1
chrX	2588	2602	1
chrX	2757	2771	1
chrX	743	767	2
chrX	2147	2173	2
chrX	874	927	2
chrX	2402	2446	2
chrX	1535	1547	2
chrX	486	504	2
chrX	342	355	2
chrX	1233	1294	2
chrX	832	869	2
chrX	1662	1686	2
chrX	808	821	2
chrX	56	74	2
chrX	31	50	2
chrX	2797	2823	2
chrX	506	547	2
chrX	1510	1548	2
chrX	2982	2997	2
chrX	202	222	2
chrX	618	636	2
chrX	3059	3075	2
chrX	2670	2683	2
chrX	31	51	2
chrX	874	901	2
chrX	1510	1547	2
chrX	648	668	2
chrX	175	197	2
chrX	583	601	2
chrX	1357	1371	2
chrX	2148	2173	2
chrX	1997	2013	2
chrX	1997	2012	2
chrX	1103	1134	2
chrX	1261	1294	2
chrX	2245	2266	2
chrX	55	74	3
chrX	786	807	3
chrX	1663	1686	3
chrX	390	403	3
chrX	770	808	3
chrX	2588	2601	3
chrX	236	255	3
chrX	551	610	3
chrX	175	196	3
chrX	2640	2657	3
chrX	1477	1506	3
chrX	649	668	3
chrX	1373	1386	3
chrX	410	435	3
chrX	2303	2348	3
chrX	669	686	3
chrX	202	230	3
chrX	313	335	4
chrX	902	925	4
chrX	367	387	4
chrX	2122	2146	4
chrX	159	173	4
chrX	927	939	4
chrX	3005	3036	4
chrX	2619	2637	4
chrX	2572	2587	5
chrX	689	738	5
chrX	2218	2241	5
chrX	647	686	5
chrX	1136	1171	5
chrX	440	472	5
chrX	281	305	5
