chr1	2087	2181	1
chr1	4151	4154	1
chr1	1311	1345	1
chr1	829	904	1
chr1	3657	3698	1
chr1	966	1039	1
chr1	2874	2998	1
chr1	4112	4138	1
chr1	1524	1553	1
chr1	66	71	1
chr1	3499	3536	1
chr1	4688	4735	1
chr1	3253	3264	1
chr1	4155	4203	1
chr1	1713	1740	1
chr1	185	211	1
chr1	4824	4840	1
chr1	1080	1080	1
chr1	1788	1838	1
chr1	881	890	1
chr1	3082	3097	1
chr1	2965	2996	1
chr1	3080	3102	1
chr1	4156	4202	1
chr1	766	791	1
chr1	938	1038	1
chr1	905	938	1
chr1	1525	1553	1
chr1	4136	4150	1
chr1	4689	4735	1
chr1	2039	2085	1
chr1	160	211	1
chr1	4459	4509	1
chr1	4629	4673	1
chr1	3223	3250	1
chr1	3082	3101	1
chr1	3499	3535	1
chr1	4151	4155	1
chr1	1714	1739	1
chr1	3657	3699	1
chr1	830	890	1
chr1	348	391	1
chr1	672	708	1
chr1	3500	3536	1
chr1	349	390	1
chr1	4674	4674	1
chr1	3563	3595	1
chr1	891	903	1
chr1	880	880	1
chr1	4575	4593	1
chr1	2998	3026	1
chr1	2180	2219	1
chr1	631	672	1
chr1	1740	1787	1
chr1	709	733	1
chr1	3265	3306	1
chr1	2219	2260	1
chr1	4109	4110	1
chr1	2440	2872	1
chr1	673	707	1
chr1	3700	3727	1
chr1	4288	4315	1
chr1	4265	4287	1
chr1	1984	2007	1
chr1	829	889	1
chr1	631	671	1
chr1	3595	3624	1
chr1	2008	2038	1
chr1	4025	4059	1
chr1	3562	3594	1
chr1	2086	2180	1
chr1	348	390	1
chr1	905	937	1
chr1	3251	3264	1
chr1	2182	2218	1
chr1	3364	3393	1
chr1	3039	3080	1
chr1	829	879	1
chr1	805	829	1
chr1	4090	4111	1
chr1	4735	4803	1
chr1	2084	2181	1
chr1	3223	3252	1
chr1	3027	3039	1
chr1	2967	2997	1
chr1	1040	1075	1
chr1	735	765	1
chr1	2874	2964	1
chr1	2181	2219	1
chr1	4823	4840	1
chr1	4630	4672	1
chr1	2183	2219	1
chr1	1714	1742	1
chr1	4407	4458	1
chr1	802	805	1
chr1	830	889	1
chr1	1423	1524	1
chr1	734	766	1
chr1	4090	4113	1
chr1	4114	4135	1
chr1	2221	2259	1
chr1	4204	4233	1
chr1	3307	3338	1
chr1	129	159	1
chr1	1257	1310	1
chr1	891	904	1
chr1	4460	4509	1
chr1	4234	4263	1
chr1	4529	4574	1
chr1	4111	4138	1
chr1	2999	3026	1
chr1	939	963	1
chr1	1741	1786	1
chr1	3308	3338	1
chr1	2039	2086	1
chr1	4026	4060	1
chr1	4203	4232	1
chr1	4060	4090	1
chr1	4804	4835	1
chr1	4139	4203	1
chr1	964	965	1
chr1	160	184	1
chr1	3098	3101	1
chr1	1080	1081	1
chr1	2873	2966	1
chr1	4407	4459	1
chr1	214	222	1
chr1	2220	2260	1
chr1	3336	3363	1
chr1	2085	2179	1
chr1	4673	4674	1
chr1	72	128	1
chr1	2039	2084	1
chr1	4233	4263	1
chr1	4139	4150	1
chr1	806	829	1
chr1	4615	4629	1
chr1	3699	3727	1
chr1	1081	1082	1
chr1	3082	3102	1
chr1	4836	4868	1
chr1	3039	3079	1
chr1	708	734	1
chr1	1423	1523	1
chr1	3944	3974	1
chr1	2182	2220	1
chr1	3536	3562	1
chr1	3081	3102	1
chr1	213	213	1
chr1	4689	4734	1
chr1	160	212	1
chr1	4091	4108	1
chr1	791	801	1
chr1	4628	4687	1
chr1	767	791	1
chr1	2084	2182	1
chr1	1082	1082	1
chr1	2997	3026	1
chr1	4626	4627	1
chr1	3975	4025	1
chr1	3859	3943	1
chr1	4615	4625	1
chr1	4823	4823	1
chr1	1787	1839	2
chr1	3026	3038	2
chr1	4317	4366	2
chr1	1713	1742	2
chr1	4574	4593	2
chr1	3336	3362	2
chr1	1378	1422	2
chr1	391	417	2
chr1	1865	1911	2
chr1	3943	3974	2
chr1	1610	1611	2
chr1	1912	1983	2
chr1	2307	2329	2
chr1	3339	3362	2
chr1	3500	3535	2
chr1	4736	4803	2
chr1	1688	1713	2
chr1	545	576	2
chr1	577	630	2
chr1	160	222	2
chr1	2261	2291	2
chr1	4574	4592	2
chr1	4091	4113	2
chr1	4804	4836	2
chr1	3857	3944	2
chr1	3537	3561	2
chr1	3859	3942	2
chr1	1568	1609	2
chr1	2220	2259	2
chr1	1039	1079	2
chr1	4289	4315	2
chr1	4593	4614	2
chr1	2997	3025	2
chr1	3030	3039	2
chr1	4804	4822	2
chr1	4837	4868	2
chr1	1271	1274	2
chr1	1257	1309	2
chr1	2292	2306	2
chr1	212	222	2
chr1	1039	1075	2
chr1	316	347	2
chr1	3139	3222	2
chr1	66	72	2
chr1	4264	4289	2
chr1	4675	4688	2
chr1	349	391	2
chr1	2874	2996	2
chr1	4629	4688	2
chr1	2330	2370	2
chr1	4510	4528	2
chr1	3431	3498	2
chr1	3811	3856	2
chr1	4265	4288	2
chr1	3102	3138	2
chr1	4290	4316	2
chr1	4061	4089	2
chr1	1554	1567	2
chr1	3363	3393	2
chr1	1346	1377	2
chr1	791	804	2
chr1	72	129	2
chr1	1083	1109	2
chr1	4367	4406	2
chr1	1840	1864	2
chr1	2007	2037	2
chr1	1	71	2
chr1	1258	1270	2
chr1	890	903	2
chr1	4689	4733	2
chr1	3536	3561	2
chr1	3945	3974	2
chr1	4114	4137	2
chr1	1787	1838	2
chr1	3395	3430	2
chr1	792	804	2
chr1	4061	4090	2
chr1	73	129	2
chr1	2038	2083	2
chr1	4841	4868	2
chr1	418	437	2
chr1	1210	1257	2
chr1	438	481	2
chr1	4734	4803	2
chr1	3027	3029	2
chr1	3363	3394	2
chr1	1275	1309	2
chr1	1612	1687	2
chr1	2007	2038	2
chr1	4138	4203	2
chr1	3308	3335	3
chr1	1377	1422	3
chr1	904	938	3
chr1	1839	1863	3
chr1	1557	1568	3
chr1	675	706	3
chr1	3222	3264	3
chr1	3139	3221	3
chr1	1210	1256	3
chr1	2329	2370	3
chr1	2260	2306	3
chr1	736	766	3
chr1	3562	3595	3
chr1	1569	1687	3
chr1	4509	4528	3
chr1	4367	4405	3
chr1	3103	3138	3
chr1	1556	1556	3
chr1	1864	1912	3
chr1	439	481	3
chr1	545	574	3
chr1	1743	1786	3
chr1	939	1038	3
chr1	707	735	3
chr1	630	674	3
chr1	316	348	3
chr1	1688	1712	3
chr1	1523	1555	3
chr1	3811	3858	3
chr1	3394	3430	3
chr1	418	438	3
chr1	1076	1109	3
chr1	3698	3727	3
chr1	4406	4459	3
chr1	4615	4628	3
chr1	4025	4060	3
chr1	575	629	3
chr1	4233	4264	3
chr1	805	828	3
chr1	3657	3697	3
chr1	4594	4614	3
chr1	1	65	3
chr1	4204	4232	3
chr1	4316	4366	3
chr1	392	417	3
chr1	3431	3499	3
chr1	3040	3081	3
chr1	1423	1522	3
chr1	1913	1983	3
chr1	2307	2328	3
chr1	767	790	3
chr1	1346	1376	3
chr1	4460	4508	3
chr1	130	159	4
chr1	4529	4573	4
chr1	3265	3307	4
chr1	1984	2006	4
chr1	3596	3624	4
chr1	3975	4024	4
chr1	2440	2873	4
chr1	1310	1345	4
chr1	482	544	5
chr1	3625	3656	5
chr1	4869	4894	5
chr1	4895	4985	5
chr1	1146	1178	5
chr1	242	315	5
chr1	223	241	5
chr1	1179	1209	5
chr1	1110	1145	5
chr1	3728	3810	5
chr1	2371	2439	5
chr10	989	1021	1
chr10	1090	1133	1
chr10	990	1021	1
chr10	1039	1089	1
chr10	922	990	1
chr10	1961	1987	1
chr10	1928	1987	1
chr10	2041	2050	1
chr10	1200	1244	1
chr10	1989	2053	1
chr10	2445	2447	1
chr10	926	988	1
chr10	1821	1860	1
chr10	1769	1820	1
chr10	923	989	1
chr10	1245	1283	1
chr10	1958	1960	1
chr10	841	921	1
chr10	612	650	1
chr10	2112	2207	1
chr10	2524	2546	1
chr10	990	1038	1
chr10	962	989	1
chr10	2051	2052	1
chr10	1201	1246	1
chr10	2475	2524	1
chr10	2041	2109	1
chr10	516	517	1
chr10	991	1021	1
chr10	926	962	1
chr10	2114	2207	1
chr10	1134	1199	1
chr10	840	924	1
chr10	2053	2111	1
chr10	1201	1247	1
chr10	516	548	1
chr10	336	376	1
chr10	611	611	1
chr10	2414	2438	1
chr10	1090	1135	1
chr10	1876	1908	1
chr10	1041	1089	1
chr10	426	471	1
chr10	1136	1199	1
chr10	597	612	1
chr10	518	548	1
chr10	963	991	1
chr10	1248	1283	1
chr10	2547	2571	1
chr10	1863	1875	1
chr10	2474	2524	1
chr10	1247	1283	1
chr10	2436	2473	1
chr10	1394	1416	1
chr10	840	922	1
chr10	472	547	1
chr10	791	840	1
chr10	548	576	1
chr10	2053	2113	1
chr10	2438	2444	1
chr10	2053	2109	1
chr10	1928	1957	1
chr10	2642	2711	1
chr10	2438	2473	1
chr10	2598	2641	1
chr10	1040	1089	1
chr10	2115	2207	1
chr10	377	425	1
chr10	2436	2474	1
chr10	1090	1132	1
chr10	2448	2473	1
chr10	1909	1927	1
chr10	1133	1199	1
chr10	925	961	1
chr10	1022	1039	1
chr10	1861	1862	1
chr10	2439	2473	1
chr10	2054	2114	1
chr10	597	610	1
chr10	306	335	1
chr10	992	1021	1
chr10	1417	1477	1
chr10	1820	1875	2
chr10	1041	1088	2
chr10	2340	2368	2
chr10	121	152	2
chr10	791	839	2
chr10	1089	1200	2
chr10	1821	1875	2
chr10	747	791	2
chr10	1418	1477	2
chr10	240	267	2
chr10	2574	2597	2
chr10	2415	2435	2
chr10	1642	1719	2
chr10	2414	2437	2
chr10	2548	2571	2
chr10	63	120	2
chr10	1988	2040	2
chr10	1479	1511	2
chr10	2548	2572	2
chr10	1769	1819	2
chr10	1720	1767	2
chr10	1200	1245	2
chr10	1418	1478	2
chr10	1246	1283	2
chr10	840	925	2
chr10	1989	2052	2
chr10	1876	1888	2
chr10	2381	2414	2
chr10	709	746	2
chr10	2309	2339	2
chr10	2525	2547	2
chr10	651	708	2
chr10	472	515	2
chr10	2241	2280	2
chr10	1876	1909	2
chr10	792	839	2
chr10	2110	2240	2
chr10	1	62	2
chr10	1768	1820	2
chr10	1626	1641	2
chr10	2524	2547	2
chr10	2573	2573	2
chr10	472	548	2
chr10	188	239	2
chr10	1889	1909	2
chr10	2474	2523	3
chr10	1478	1511	3
chr10	2309	2340	3
chr10	710	746	3
chr10	188	240	3
chr10	610	612	3
chr10	747	790	3
chr10	122	152	3
chr10	651	709	3
chr10	1928	1988	3
chr10	1022	1040	3
chr10	1626	1642	3
chr10	2381	2413	3
chr10	241	267	3
chr10	1643	1719	3
chr10	2240	2280	3
chr10	62	121	3
chr10	1720	1768	3
chr10	1	61	3
chr10	2341	2368	3
chr10	2572	2597	3
chr10	597	609	3
chr10	2208	2239	3
chr10	2643	2711	4
chr10	1910	1927	4
chr10	549	576	4
chr10	335	376	4
chr10	425	471	4
chr10	306	334	4
chr10	613	650	4
chr10	1394	1417	4
chr10	2598	2642	4
chr10	377	424	4
chr10	1512	1540	5
chr10	2281	2308	5
chr10	1593	1625	5
chr10	2369	2380	5
chr10	577	596	5
chr10	1314	1393	5
chr10	268	305	5
chr10	153	187	5
chr10	1284	1313	5
chr10	1541	1592	5
chr11	1090	1133	1
chr11	715	735	1
chr11	2152	2200	1
chr11	1210	1291	1
chr11	594	599	1
chr11	660	735	1
chr11	1556	1582	1
chr11	595	599	1
chr11	1638	1640	1
chr11	2581	2581	1
chr11	2380	2404	1
chr11	1090	1129	1
chr11	1641	1688	1
chr11	659	735	1
chr11	962	1036	1
chr11	1131	1210	1
chr11	2042	2052	1
chr11	1623	1688	1
chr11	2345	2364	1
chr11	2379	2404	1
chr11	1562	1578	1
chr11	1624	1687	1
chr11	1317	1346	1
chr11	1466	1501	1
chr11	2120	2148	1
chr11	2366	2382	1
chr11	1621	1642	1
chr11	1	74	1
chr11	1468	1501	1
chr11	1255	1291	1
chr11	1798	1830	1
chr11	2582	2598	1
chr11	536	593	1
chr11	244	270	1
chr11	270	351	1
chr11	2121	2147	1
chr11	72	173	1
chr11	2377	2378	1
chr11	1090	1132	1
chr11	175	215	1
chr11	1433	1445	1
chr11	2202	2239	1
chr11	676	713	1
chr11	352	378	1
chr11	1503	1532	1
chr11	1213	1253	1
chr11	2472	2521	1
chr11	1134	1212	1
chr11	1467	1502	1
chr11	1213	1254	1
chr11	2121	2148	1
chr11	1644	1688	1
chr11	1797	1829	1
chr11	2120	2151	1
chr11	1621	1643	1
chr11	2153	2201	1
chr11	2378	2382	1
chr11	1131	1209	1
chr11	2148	2201	1
chr11	1560	1578	1
chr11	1533	1561	1
chr11	2201	2240	1
chr11	270	350	1
chr11	1406	1432	1
chr11	2377	2379	1
chr11	1315	1316	1
chr11	1	75	1
chr11	1707	1736	1
chr11	1533	1559	1
chr11	1736	1797	1
chr11	1794	1836	1
chr11	1038	1089	1
chr11	1583	1623	1
chr11	2120	2152	1
chr11	2598	2616	1
chr11	1737	1794	1
chr11	2544	2580	1
chr11	76	176	1
chr11	2405	2471	1
chr11	2581	2597	1
chr11	2552	2553	1
chr11	2149	2200	1
chr11	2554	2580	1
chr11	2026	2042	1
chr11	1708	1736	1
chr11	1643	1688	1
chr11	659	674	1
chr11	660	712	1
chr11	1130	1210	1
chr11	1446	1466	1
chr11	1292	1314	1
chr11	1736	1793	1
chr11	2599	2616	1
chr11	2544	2551	1
chr11	1	71	1
chr11	962	1038	1
chr11	2026	2041	1
chr11	1406	1431	1
chr11	1708	1735	1
chr11	1688	1706	1
chr11	177	215	1
chr11	1795	1836	1
chr11	1797	1830	1
chr11	1736	1796	1
chr11	1623	1637	1
chr11	2382	2404	1
chr11	271	350	1
chr11	714	714	1
chr11	1037	1088	1
chr11	2377	2381	1
chr11	2365	2377	1
chr11	1446	1467	1
chr11	1133	1212	1
chr11	2149	2201	1
chr11	1737	1796	1
chr11	2201	2239	1
chr11	1830	1870	1
chr11	1446	1465	1
chr11	1090	1130	1
chr11	2045	2052	1
chr11	660	674	1
chr11	536	594	1
chr11	962	1037	1
chr11	536	603	1
chr11	676	712	1
chr11	75	174	1
chr11	2026	2044	1
chr11	2043	2052	1
chr11	1254	1291	1
chr11	1089	1130	1
chr11	351	378	2
chr11	1	73	2
chr11	675	675	2
chr11	349	379	2
chr11	2273	2343	2
chr11	1446	1464	2
chr11	1870	1891	2
chr11	960	1038	2
chr11	1911	1924	2
chr11	734	871	2
chr11	596	603	2
chr11	2240	2272	2
chr11	2053	2120	2
chr11	1583	1622	2
chr11	2345	2365	2
chr11	1347	1405	2
chr11	931	959	2
chr11	1689	1706	2
chr11	2026	2043	2
chr11	2202	2240	2
chr11	622	658	2
chr11	872	930	2
chr11	1707	1735	2
chr11	1837	1869	2
chr11	1583	1620	2
chr11	1925	2025	2
chr11	380	409	2
chr11	1689	1707	2
chr11	1892	1910	2
chr11	2044	2052	2
chr11	2383	2404	2
chr11	536	595	2
chr11	2344	2365	2
chr11	74	173	2
chr11	2522	2543	2
chr11	600	603	2
chr11	1211	1291	2
chr11	713	733	2
chr11	2617	2699	2
chr11	410	451	2
chr11	1556	1578	2
chr11	452	535	2
chr11	270	348	2
chr11	1831	1870	2
chr11	1465	1501	2
chr11	1871	1889	3
chr11	1890	1925	3
chr11	2241	2272	3
chr11	2273	2344	3
chr11	1347	1404	3
chr11	413	448	3
chr11	622	659	3
chr11	2522	2546	3
chr11	871	919	3
chr11	2547	2596	3
chr11	2053	2119	3
chr11	1533	1555	3
chr11	449	535	3
chr11	1039	1089	3
chr11	1405	1431	3
chr11	920	961	3
chr11	2618	2699	3
chr11	2366	2376	3
chr11	736	870	3
chr11	174	215	3
chr11	1926	2025	3
chr11	2597	2617	3
chr11	379	412	3
chr11	2471	2521	4
chr11	2405	2470	4
chr11	1432	1445	4
chr11	1502	1532	4
chr11	1292	1346	4
chr11	244	269	4
chr11	1579	1582	4
chr11	216	243	5
chr11	604	621	5
chr12	1892	1925	1
chr12	1867	1877	1
chr12	172	212	1
chr12	1878	1892	1
chr12	1926	1984	1
chr12	1129	1162	1
chr12	2168	2168	1
chr12	233	266	1
chr12	1374	1398	1
chr12	189	212	1
chr12	1050	1077	1
chr12	1985	2003	1
chr12	1279	1298	1
chr12	2205	2222	1
chr12	1346	1373	1
chr12	1164	1191	1
chr12	1926	1988	1
chr12	1988	2002	1
chr12	848	888	1
chr12	1431	1513	1
chr12	1892	1924	1
chr12	1398	1437	1
chr12	1257	1277	1
chr12	1163	1191	1
chr12	1347	1373	1
chr12	1793	1831	1
chr12	1164	1186	1
chr12	1926	1987	1
chr12	2241	2260	1
chr12	267	319	1
chr12	171	186	1
chr12	1299	1345	1
chr12	1129	1163	1
chr12	2005	2039	1
chr12	217	232	1
chr12	1376	1397	1
chr12	216	232	1
chr12	231	269	1
chr12	1400	1435	1
chr12	795	818	1
chr12	1438	1513	1
chr12	2003	2037	1
chr12	2150	2167	1
chr12	1346	1372	1
chr12	1832	1866	1
chr12	1399	1436	1
chr12	216	231	1
chr12	95	142	1
chr12	1374	1397	1
chr12	1257	1278	1
chr12	1926	1986	1
chr12	187	188	1
chr12	987	1049	1
chr12	1049	1076	1
chr12	1436	1503	1
chr12	143	171	1
chr12	144	170	1
chr12	822	888	1
chr12	1278	1298	1
chr12	233	265	1
chr12	2168	2204	1
chr12	1298	1346	1
chr12	2205	2240	1
chr12	822	846	1
chr12	1187	1189	1
chr12	1375	1398	1
chr12	2437	2483	1
chr12	1985	2004	1
chr12	2205	2244	1
chr12	2246	2259	1
chr12	1893	1925	1
chr12	170	216	1
chr12	231	270	1
chr12	2245	2245	1
chr12	1299	1344	1
chr12	1399	1430	1
chr12	1345	1375	1
chr12	232	269	1
chr12	1989	2002	1
chr12	144	169	1
chr12	1398	1436	1
chr12	1770	1792	1
chr12	1987	2002	1
chr12	2150	2177	1
chr12	2038	2083	1
chr12	2151	2167	1
chr12	819	910	1
chr12	1346	1374	1
chr12	2223	2259	1
chr12	1078	1095	1
chr12	271	321	1
chr12	2004	2039	1
chr12	1077	1095	1
chr12	1925	1984	1
chr12	847	847	1
chr12	2169	2177	1
chr12	266	319	1
chr12	2412	2436	1
chr12	1373	1399	1
chr12	142	169	2
chr12	1568	1596	2
chr12	95	141	2
chr12	586	628	2
chr12	889	911	2
chr12	2085	2111	2
chr12	432	457	2
chr12	987	1048	2
chr12	2112	2149	2
chr12	320	320	2
chr12	1770	1795	2
chr12	1597	1637	2
chr12	988	1048	2
chr12	753	795	2
chr12	1514	1546	2
chr12	2240	2260	2
chr12	2205	2239	2
chr12	170	215	2
chr12	2578	2677	2
chr12	1192	1256	2
chr12	2178	2204	2
chr12	1164	1189	2
chr12	819	889	2
chr12	2040	2084	2
chr12	2511	2577	2
chr12	1796	1831	2
chr12	2260	2351	2
chr12	213	215	2
chr12	2151	2168	2
chr12	216	230	2
chr12	95	143	2
chr12	1832	1865	2
chr12	890	910	2
chr12	2003	2038	2
chr12	396	431	2
chr12	1547	1567	2
chr12	1638	1711	2
chr12	1877	1891	2
chr12	1770	1793	2
chr12	2039	2083	2
chr12	629	658	2
chr12	321	365	2
chr12	270	318	2
chr12	1832	1864	2
chr12	1437	1503	2
chr12	795	821	2
chr12	796	818	2
chr12	319	321	2
chr12	1096	1128	2
chr12	2169	2204	2
chr12	912	987	2
chr12	1298	1345	2
chr12	366	395	2
chr12	1794	1831	2
chr12	1866	1877	2
chr12	1865	1876	2
chr12	1878	1925	2
chr12	1257	1276	3
chr12	2084	2111	3
chr12	1596	1638	3
chr12	1098	1126	3
chr12	1078	1097	3
chr12	753	794	3
chr12	365	393	3
chr12	433	457	3
chr12	628	658	3
chr12	1127	1163	3
chr12	2579	2677	3
chr12	911	986	3
chr12	586	627	3
chr12	322	364	3
chr12	2261	2351	3
chr12	2112	2150	3
chr12	1049	1077	3
chr12	1549	1566	3
chr12	1504	1548	3
chr12	1190	1256	3
chr12	394	432	3
chr12	1277	1297	3
chr12	1567	1595	3
chr12	2511	2578	3
chr12	1639	1711	3
chr12	2412	2435	4
chr12	2436	2483	4
chr12	2352	2411	5
chr12	458	503	5
chr12	64	94	5
chr12	504	556	5
chr12	2484	2510	5
chr12	1	63	5
chr12	704	752	5
chr12	1712	1769	5
chr12	659	703	5
chr12	557	585	5
chr13	1950	1998	1
chr13	1178	1251	1
chr13	1969	1998	1
chr13	548	596	1
chr13	1998	2027	1
chr13	1038	1069	1
chr13	478	515	1
chr13	2181	2221	1
chr13	1480	1483	1
chr13	1599	1629	1
chr13	1710	1731	1
chr13	1709	1731	1
chr13	2028	2068	1
chr13	506	514	1
chr13	1732	1763	1
chr13	1325	1371	1
chr13	478	505	1
chr13	1969	1997	1
chr13	934	936	1
chr13	1071	1166	1
chr13	921	937	1
chr13	1933	1949	1
chr13	1038	1070	1
chr13	1599	1630	1
chr13	1630	1709	1
chr13	1070	1165	1
chr13	896	897	1
chr13	2157	2180	1
chr13	808	831	1
chr13	478	506	1
chr13	2069	2155	1
chr13	1326	1370	1
chr13	597	641	1
chr13	974	1000	1
chr13	921	933	1
chr13	440	476	1
chr13	733	748	1
chr13	508	514	1
chr13	507	507	1
chr13	1731	1763	1
chr13	936	973	1
chr13	1631	1709	1
chr13	1325	1370	1
chr13	404	439	1
chr13	1038	1071	1
chr13	1766	1845	1
chr13	1250	1300	1
chr13	1171	1251	1
chr13	1072	1165	1
chr13	1300	1324	1
chr13	898	921	1
chr13	809	831	1
chr13	896	921	1
chr13	895	921	1
chr13	934	937	1
chr13	791	809	1
chr13	748	790	1
chr13	1069	1170	1
chr13	935	935	1
chr13	934	935	1
chr13	1372	1425	1
chr13	1301	1324	1
chr13	1481	1483	1
chr13	733	747	1
chr13	1167	1249	1
chr13	1069	1177	1
chr13	809	830	1
chr13	439	476	1
chr13	936	974	1
chr13	1483	1522	1
chr13	2070	2155	1
chr13	1300	1325	1
chr13	922	934	1
chr13	937	974	1
chr13	1846	1932	1
chr13	749	791	1
chr13	1710	1730	1
chr13	792	807	1
chr13	792	809	1
chr13	1464	1479	1
chr13	1732	1765	1
chr13	637	686	2
chr13	1252	1298	2
chr13	1036	1068	2
chr13	1933	1945	2
chr13	1484	1522	2
chr13	1952	1968	2
chr13	1250	1299	2
chr13	405	438	2
chr13	1911	1931	2
chr13	975	1000	2
chr13	548	597	2
chr13	404	438	2
chr13	2156	2179	2
chr13	1999	2027	2
chr13	1003	1035	2
chr13	1709	1730	2
chr13	895	920	2
chr13	515	549	2
chr13	1326	1364	2
chr13	1815	1847	2
chr13	2223	2303	2
chr13	1946	1949	2
chr13	1299	1325	2
chr13	2180	2222	2
chr13	598	641	2
chr13	1166	1249	2
chr13	1848	1932	2
chr13	1560	1598	2
chr13	1429	1464	2
chr13	832	857	2
chr13	2180	2221	2
chr13	858	895	2
chr13	2000	2027	2
chr13	1950	1999	2
chr13	792	808	2
chr13	1524	1559	2
chr13	938	974	2
chr13	922	933	2
chr13	975	1002	2
chr13	1848	1910	2
chr13	477	515	2
chr13	1	404	2
chr13	687	732	2
chr13	1371	1425	2
chr13	810	830	2
chr13	2157	2179	2
chr13	1731	1765	2
chr13	1483	1523	2
chr13	550	600	2
chr13	1766	1814	2
chr13	1365	1428	2
chr13	1932	1951	2
chr13	1764	1847	2
chr13	1465	1480	2
chr13	1464	1480	2
chr13	601	636	2
chr13	858	894	3
chr13	1481	1482	3
chr13	516	547	3
chr13	734	747	3
chr13	1523	1558	3
chr13	1559	1598	3
chr13	1633	1708	3
chr13	642	687	3
chr13	688	733	3
chr13	831	857	3
chr13	1599	1632	3
chr13	2070	2156	3
chr13	2222	2303	3
chr13	439	477	3
chr13	1	403	3
chr13	1426	1463	3
chr13	1001	1037	3
chr13	748	791	3
chr13	2028	2069	4
chr14	1	414	1
chr14	1309	1334	1
chr14	1	411	1
chr14	513	582	1
chr14	794	839	1
chr14	512	512	1
chr14	1884	1887	1
chr14	1471	1491	1
chr14	1521	1547	1
chr14	1359	1404	1
chr14	1402	1460	1
chr14	1308	1334	1
chr14	1142	1174	1
chr14	415	500	1
chr14	501	583	1
chr14	1243	1244	1
chr14	503	511	1
chr14	1283	1307	1
chr14	1728	1776	1
chr14	1778	1813	1
chr14	1777	1813	1
chr14	840	912	1
chr14	1282	1309	1
chr14	661	698	1
chr14	557	582	1
chr14	1548	1548	1
chr14	794	838	1
chr14	1836	1871	1
chr14	1112	1141	1
chr14	1486	1489	1
chr14	1888	1941	1
chr14	514	582	1
chr14	1470	1485	1
chr14	502	584	1
chr14	2053	2083	1
chr14	1240	1242	1
chr14	1467	1470	1
chr14	1462	1466	1
chr14	1728	1774	1
chr14	412	502	1
chr14	1	413	1
chr14	1547	1548	1
chr14	1206	1238	1
chr14	1521	1546	1
chr14	514	556	1
chr14	2001	2052	1
chr14	839	912	1
chr14	1871	1883	1
chr14	1405	1469	1
chr14	1283	1308	1
chr14	1205	1239	1
chr14	584	621	1
chr14	1872	1941	1
chr14	414	501	1
chr14	1245	1281	1
chr14	622	660	1
chr14	1336	1358	1
chr14	1643	1727	1
chr14	1175	1205	1
chr14	585	621	1
chr14	1402	1461	1
chr14	1461	1491	1
chr14	1728	1777	1
chr14	1729	1774	2
chr14	1360	1401	2
chr14	727	752	2
chr14	1492	1520	2
chr14	511	513	2
chr14	1561	1582	2
chr14	753	793	2
chr14	1053	1111	2
chr14	1583	1640	2
chr14	662	698	2
chr14	2052	2083	2
chr14	1003	1052	2
chr14	2056	2083	2
chr14	663	698	2
chr14	1641	1727	2
chr14	2001	2051	2
chr14	1360	1403	2
chr14	1549	1560	2
chr14	2001	2055	2
chr14	913	1002	2
chr14	1942	2000	2
chr14	1404	1469	2
chr14	1643	1728	2
chr14	503	510	2
chr14	1	412	2
chr14	622	661	2
chr14	1336	1359	2
chr14	413	502	2
chr14	1335	1359	2
chr14	1814	1835	2
chr14	622	662	2
chr14	1470	1489	2
chr14	1283	1309	2
chr14	727	794	3
chr14	1523	1544	3
chr14	795	913	3
chr14	1310	1335	3
chr14	1943	2000	3
chr14	914	1002	3
chr14	1205	1238	3
chr14	1582	1642	3
chr14	1871	1888	3
chr14	1545	1560	3
chr14	583	621	3
chr14	1815	1835	3
chr14	1561	1581	3
chr14	1003	1050	3
chr14	1775	1814	3
chr14	1889	1942	3
chr14	1051	1111	3
chr14	1490	1522	3
chr14	1112	1140	4
chr14	1239	1282	4
chr14	1836	1870	4
chr14	1141	1174	4
chr14	1175	1204	4
chr14	699	726	5
chr14	2084	2146	5
chr15	570	687	1
chr15	1549	1549	1
chr15	602	604	1
chr15	455	473	1
chr15	1133	1161	1
chr15	1487	1513	1
chr15	1115	1131	1
chr15	1	474	1
chr15	812	832	1
chr15	1422	1451	1
chr15	1606	1607	1
chr15	475	569	1
chr15	1580	1607	1
chr15	1453	1487	1
chr15	1662	1701	1
chr15	1	453	1
chr15	1213	1249	1
chr15	1486	1514	1
chr15	829	832	1
chr15	974	1042	1
chr15	688	774	1
chr15	1629	1662	1
chr15	572	601	1
chr15	1487	1514	1
chr15	776	812	1
chr15	1515	1565	1
chr15	1702	1724	1
chr15	1250	1272	1
chr15	1981	1991	1
chr15	1582	1610	1
chr15	831	881	1
chr15	1134	1162	1
chr15	1981	2051	1
chr15	689	775	1
chr15	1250	1274	1
chr15	1992	1993	1
chr15	509	571	1
chr15	475	568	1
chr15	812	881	1
chr15	1566	1583	1
chr15	1488	1514	1
chr15	569	606	1
chr15	1704	1704	1
chr15	1701	1723	1
chr15	1548	1549	1
chr15	1210	1212	1
chr15	775	811	1
chr15	688	775	1
chr15	1043	1114	1
chr15	507	568	1
chr15	475	507	1
chr15	1213	1250	1
chr15	1994	2051	1
chr15	1628	1661	1
chr15	1566	1579	1
chr15	1664	1699	1
chr15	1198	1211	1
chr15	1629	1659	1
chr15	1453	1485	1
chr15	1115	1132	1
chr15	1515	1548	1
chr15	830	830	1
chr15	1269	1290	1
chr15	812	880	1
chr15	454	474	1
chr15	1388	1421	1
chr15	1422	1452	1
chr15	1516	1565	1
chr15	776	811	1
chr15	1725	1787	1
chr15	1273	1289	1
chr15	1705	1723	1
chr15	1212	1212	1
chr15	1198	1249	1
chr15	608	687	1
chr15	505	506	1
chr15	1044	1114	1
chr15	474	508	1
chr15	1515	1547	1
chr15	508	571	1
chr15	1251	1268	1
chr15	813	828	1
chr15	1389	1421	1
chr15	1566	1581	1
chr15	1611	1627	1
chr15	1700	1724	1
chr15	1388	1420	1
chr15	475	504	1
chr15	1132	1161	1
chr15	1651	1724	1
chr15	1628	1650	1
chr15	569	607	1
chr15	572	606	1
chr15	1663	1703	1
chr15	1275	1289	1
chr15	974	1043	1
chr15	1514	1565	1
chr15	1113	1133	1
chr15	1628	1663	1
chr15	812	829	1
chr15	1291	1309	1
chr15	1452	1515	1
chr15	1198	1209	1
chr15	1660	1700	1
chr15	605	688	1
chr15	1584	1605	1
chr15	1787	1830	2
chr15	1290	1310	2
chr15	1311	1335	2
chr15	1336	1371	2
chr15	1372	1387	2
chr15	1583	1611	2
chr15	1867	1897	2
chr15	950	973	2
chr15	455	474	2
chr15	774	811	2
chr15	1608	1627	2
chr15	1724	1787	2
chr15	1831	1866	2
chr15	1162	1197	2
chr15	1113	1132	2
chr15	1453	1486	2
chr15	1198	1250	2
chr15	833	880	2
chr15	1550	1565	2
chr15	882	900	2
chr15	688	773	2
chr15	1389	1420	2
chr15	1566	1582	2
chr15	1290	1309	2
chr15	1269	1289	2
chr15	607	687	2
chr15	1133	1162	2
chr15	1898	1980	2
chr15	1725	1786	2
chr15	901	949	2
chr15	1251	1264	2
chr15	1265	1268	2
chr15	1612	1628	2
chr15	1898	1979	3
chr15	1831	1867	3
chr15	1992	1994	3
chr15	949	973	3
chr15	1868	1897	3
chr15	1163	1197	3
chr15	1	454	3
chr15	1980	1991	3
chr15	974	1044	3
chr15	901	948	3
chr15	1310	1336	3
chr15	881	900	3
chr15	1372	1388	3
chr15	1045	1112	3
chr15	1421	1452	3
chr15	1788	1830	3
chr15	1995	2051	3
chr15	1337	1371	3
chr16	413	474	1
chr16	282	295	1
chr16	395	412	1
chr16	174	218	1
chr16	1622	1637	1
chr16	1634	1637	1
chr16	1173	1267	1
chr16	1267	1303	1
chr16	1410	1491	1
chr16	475	561	1
chr16	245	281	1
chr16	1622	1633	1
chr16	683	715	1
chr16	1507	1508	1
chr16	1174	1266	1
chr16	1433	1491	1
chr16	173	218	1
chr16	1634	1636	1
chr16	245	295	1
chr16	1621	1633	1
chr16	296	327	1
chr16	1637	1684	1
chr16	475	562	1
chr16	620	683	1
chr16	1336	1409	1
chr16	297	326	1
chr16	282	293	1
chr16	716	920	1
chr16	1547	1620	1
chr16	1430	1432	1
chr16	100	173	1
chr16	245	296	1
chr16	564	619	1
chr16	1131	1172	1
chr16	64	98	1
chr16	296	326	1
chr16	474	563	1
chr16	921	971	1
chr16	99	172	1
chr16	1510	1546	1
chr16	294	324	1
chr16	297	327	1
chr16	973	994	1
chr16	1336	1408	1
chr16	621	684	1
chr16	685	715	1
chr16	920	972	1
chr16	414	474	1
chr16	282	296	1
chr16	1268	1303	1
chr16	621	682	1
chr16	1131	1173	1
chr16	1409	1429	1
chr16	1507	1509	1
chr16	716	971	1
chr16	562	620	1
chr16	325	327	1
chr16	1509	1547	1
chr16	414	473	1
chr16	328	394	1
chr16	995	1045	2
chr16	621	683	2
chr16	1	62	2
chr16	1621	1637	2
chr16	1638	1684	2
chr16	328	411	2
chr16	1686	1806	2
chr16	1492	1506	2
chr16	1638	1685	2
chr16	327	413	2
chr16	246	281	2
chr16	1046	1066	2
chr16	219	245	2
chr16	475	486	2
chr16	1548	1621	2
chr16	1304	1335	2
chr16	488	562	2
chr16	64	99	2
chr16	63	99	2
chr16	487	487	2
chr16	920	971	2
chr16	412	474	2
chr16	1067	1130	2
chr16	1548	1620	2
chr16	1266	1303	3
chr16	1066	1129	3
chr16	684	715	3
chr16	1304	1336	3
chr16	1	63	3
chr16	100	170	3
chr16	1130	1173	3
chr16	716	919	3
chr16	219	244	3
chr16	563	620	3
chr16	1337	1411	3
chr16	995	1065	3
chr16	1510	1547	3
chr16	1174	1265	3
chr16	1412	1491	3
chr16	171	218	3
chr16	1492	1509	3
chr16	1685	1806	3
chr16	972	994	4
chr17	985	1065	1
chr17	258	314	1
chr17	1543	1543	1
chr17	1250	1319	1
chr17	368	368	1
chr17	142	171	1
chr17	1241	1246	1
chr17	860	918	1
chr17	804	829	1
chr17	1251	1319	1
chr17	1544	1561	1
chr17	398	451	1
chr17	694	734	1
chr17	142	170	1
chr17	831	859	1
chr17	385	395	1
chr17	689	735	1
chr17	1211	1240	1
chr17	1529	1530	1
chr17	103	142	1
chr17	319	384	1
chr17	736	754	1
chr17	1460	1542	1
chr17	1531	1539	1
chr17	75	101	1
chr17	398	450	1
chr17	190	207	1
chr17	1152	1210	1
chr17	1	75	1
chr17	1461	1528	1
chr17	1541	1561	1
chr17	1	74	1
chr17	1247	1249	1
chr17	986	1066	1
chr17	1461	1539	1
chr17	366	450	1
chr17	919	984	1
chr17	614	694	1
chr17	396	451	1
chr17	320	362	1
chr17	387	396	1
chr17	319	363	1
chr17	187	189	1
chr17	171	187	1
chr17	1101	1152	1
chr17	76	101	1
chr17	364	397	1
chr17	172	187	1
chr17	189	207	1
chr17	1247	1250	1
chr17	986	1065	1
chr17	397	451	1
chr17	614	693	1
chr17	830	861	1
chr17	1135	1151	1
chr17	755	803	1
chr17	1460	1561	1
chr17	143	171	1
chr17	211	239	1
chr17	319	367	1
chr17	614	688	1
chr17	188	188	1
chr17	315	365	1
chr17	172	186	1
chr17	369	386	1
chr17	695	734	1
chr17	363	397	1
chr17	1460	1540	1
chr17	258	319	1
chr17	169	187	2
chr17	102	143	2
chr17	952	984	2
chr17	693	734	2
chr17	208	209	2
chr17	985	1066	2
chr17	210	239	2
chr17	919	949	2
chr17	950	951	2
chr17	103	141	2
chr17	1320	1372	2
chr17	1429	1460	2
chr17	211	238	2
chr17	1066	1100	2
chr17	451	500	2
chr17	1540	1560	2
chr17	919	985	2
chr17	144	168	2
chr17	239	257	2
chr17	1561	1624	2
chr17	1373	1428	2
chr17	614	692	2
chr17	1067	1100	3
chr17	1247	1248	3
chr17	190	210	3
chr17	258	318	3
chr17	1372	1429	3
chr17	452	500	3
chr17	1249	1319	3
chr17	1430	1459	3
chr17	188	189	3
chr17	831	861	3
chr17	1135	1152	3
chr17	74	102	3
chr17	1	73	3
chr17	1320	1371	3
chr17	1562	1624	3
chr17	240	257	3
chr17	862	918	4
chr17	1211	1239	4
chr17	1240	1246	4
chr17	1153	1210	4
chr17	735	754	4
chr17	1133	1134	4
chr17	1101	1132	4
chr17	803	830	4
chr17	755	802	4
chr17	539	613	5
chr17	501	538	5
chr18	672	696	1
chr18	1	104	1
chr18	581	615	1
chr18	1092	1106	1
chr18	578	613	1
chr18	867	889	1
chr18	91	104	1
chr18	963	1038	1
chr18	821	874	1
chr18	1441	1493	1
chr18	654	672	1
chr18	634	652	1
chr18	90	90	1
chr18	1332	1365	1
chr18	821	876	1
chr18	145	174	1
chr18	105	144	1
chr18	794	820	1
chr18	316	361	1
chr18	175	192	1
chr18	654	671	1
chr18	821	875	1
chr18	86	105	1
chr18	1	89	1
chr18	362	408	1
chr18	963	1037	1
chr18	699	793	1
chr18	1	85	1
chr18	265	265	1
chr18	498	577	1
chr18	1294	1331	1
chr18	363	408	1
chr18	1406	1440	1
chr18	193	264	1
chr18	876	889	1
chr18	964	1036	1
chr18	85	105	1
chr18	1150	1199	1
chr18	1	88	1
chr18	699	792	1
chr18	699	753	1
chr18	105	143	1
chr18	91	103	1
chr18	104	143	1
chr18	617	634	1
chr18	581	616	1
chr18	1107	1149	1
chr18	634	654	1
chr18	194	272	1
chr18	1143	1199	1
chr18	269	315	1
chr18	614	652	1
chr18	875	890	1
chr18	1039	1089	1
chr18	653	671	1
chr18	891	963	1
chr18	1038	1089	1
chr18	616	634	1
chr18	1494	1561	1
chr18	273	315	1
chr18	868	889	1
chr18	877	889	1
chr18	655	671	1
chr18	673	698	1
chr18	1	84	1
chr18	89	90	1
chr18	266	268	1
chr18	867	867	1
chr18	1107	1142	1
chr18	1107	1143	1
chr18	673	696	1
chr18	754	792	1
chr18	653	672	1
chr18	1144	1199	1
chr18	144	174	2
chr18	175	193	2
chr18	579	613	2
chr18	144	173	2
chr18	823	866	2
chr18	890	962	2
chr18	1331	1364	2
chr18	1092	1105	2
chr18	1151	1199	2
chr18	672	698	2
chr18	476	580	2
chr18	635	653	2
chr18	697	753	2
chr18	439	475	2
chr18	1090	1106	2
chr18	1493	1561	2
chr18	1234	1295	2
chr18	793	820	2
chr18	1294	1330	2
chr18	1106	1150	2
chr18	1442	1492	2
chr18	903	906	2
chr18	1408	1440	2
chr18	1296	1330	2
chr18	1441	1491	2
chr18	963	1036	2
chr18	614	633	2
chr18	498	578	2
chr18	409	438	2
chr18	1406	1441	2
chr18	1365	1407	2
chr18	794	822	2
chr18	754	793	2
chr18	1200	1233	2
chr18	106	143	2
chr18	890	902	2
chr18	1492	1561	2
chr18	1331	1365	2
chr18	174	193	2
chr18	907	962	2
chr18	194	275	3
chr18	1037	1091	3
chr18	439	476	3
chr18	363	409	3
chr18	1235	1293	3
chr18	276	315	3
chr18	410	438	3
chr18	1366	1405	3
chr18	1200	1234	3
chr18	477	497	3
chr18	316	362	4
chr19	208	261	1
chr19	1131	1183	1
chr19	618	668	1
chr19	393	500	1
chr19	1096	1130	1
chr19	798	854	1
chr19	292	332	1
chr19	55	93	1
chr19	548	597	1
chr19	951	1009	1
chr19	1128	1183	1
chr19	777	797	1
chr19	391	500	1
chr19	855	884	1
chr19	1008	1027	1
chr19	670	728	1
chr19	921	950	1
chr19	548	598	1
chr19	615	617	1
chr19	620	668	1
chr19	1096	1128	1
chr19	1031	1095	1
chr19	599	619	1
chr19	885	920	1
chr19	391	499	1
chr19	1096	1127	1
chr19	1008	1096	1
chr19	207	261	1
chr19	597	614	1
chr19	501	545	1
chr19	728	776	1
chr19	669	727	1
chr19	1010	1095	1
chr19	333	392	1
chr19	205	261	1
chr19	1028	1030	1
chr19	177	207	1
chr19	546	597	1
chr19	620	669	1
chr19	1096	1129	1
chr19	1129	1183	1
chr19	262	291	1
chr19	500	547	1
chr19	117	204	1
chr19	547	597	1
chr19	1097	1129	1
chr19	598	619	1
chr19	177	206	1
chr19	54	94	1
chr19	669	728	1
chr19	54	93	1
chr19	548	596	1
chr19	501	546	1
chr19	598	615	2
chr19	392	500	2
chr19	856	884	2
chr19	953	1006	2
chr19	1130	1183	2
chr19	923	952	2
chr19	287	332	2
chr19	94	116	2
chr19	616	617	2
chr19	117	176	2
chr19	333	391	2
chr19	885	921	2
chr19	856	885	2
chr19	618	669	2
chr19	798	855	2
chr19	728	775	2
chr19	922	950	2
chr19	1007	1095	2
chr19	293	332	2
chr19	670	727	2
chr19	55	94	2
chr19	1	53	2
chr19	797	855	2
chr19	951	1007	2
chr19	206	261	2
chr19	117	205	2
chr19	501	547	2
chr19	262	286	2
chr19	729	776	2
chr19	777	796	2
chr19	776	797	2
chr19	333	390	2
chr19	886	922	2
chr19	262	292	2
chr19	1	54	3
chr19	95	116	3
chr2	2619	2651	1
chr2	359	416	1
chr2	3511	3590	1
chr2	2556	2613	1
chr2	263	317	1
chr2	3194	3216	1
chr2	1624	1692	1
chr2	4033	4063	1
chr2	1998	2038	1
chr2	4225	4247	1
chr2	2210	2227	1
chr2	3331	3334	1
chr2	351	355	1
chr2	342	350	1
chr2	1693	1729	1
chr2	1473	1496	1
chr2	4470	4498	1
chr2	2232	2283	1
chr2	2205	2231	1
chr2	1178	1222	1
chr2	1619	1697	1
chr2	4064	4096	1
chr2	3953	3970	1
chr2	3969	4016	1
chr2	263	318	1
chr2	4746	4761	1
chr2	1223	1282	1
chr2	1476	1496	1
chr2	2771	2795	1
chr2	4248	4269	1
chr2	1997	2037	1
chr2	4648	4669	1
chr2	1625	1693	1
chr2	3171	3194	1
chr2	318	343	1
chr2	3783	3783	1
chr2	3680	3753	1
chr2	4470	4497	1
chr2	3789	3811	1
chr2	2038	2065	1
chr2	2150	2181	1
chr2	1607	1623	1
chr2	1605	1606	1
chr2	3006	3052	1
chr2	3755	3763	1
chr2	3615	3679	1
chr2	653	677	1
chr2	2208	2230	1
chr2	264	318	1
chr2	2556	2618	1
chr2	1811	1853	1
chr2	236	263	1
chr2	4182	4223	1
chr2	1474	1496	1
chr2	4686	4742	1
chr2	4249	4270	1
chr2	2618	2651	1
chr2	1409	1473	1
chr2	1174	1176	1
chr2	1966	1996	1
chr2	1731	1783	1
chr2	2182	2203	1
chr2	1784	1855	1
chr2	1497	1518	1
chr2	2617	2651	1
chr2	1730	1784	1
chr2	4638	4645	1
chr2	1901	1965	1
chr2	3591	3613	1
chr2	2974	3005	1
chr2	352	355	1
chr2	1780	1810	1
chr2	2228	2284	1
chr2	2556	2617	1
chr2	3168	3193	1
chr2	4645	4647	1
chr2	3335	3402	1
chr2	3615	3678	1
chr2	343	358	1
chr2	1605	1625	1
chr2	2652	2711	1
chr2	2148	2179	1
chr2	4682	4685	1
chr2	2067	2111	1
chr2	1696	1723	1
chr2	4617	4637	1
chr2	417	481	1
chr2	2112	2149	1
chr2	920	956	1
chr2	2614	2652	1
chr2	1856	1899	1
chr2	3767	3782	1
chr2	4670	4681	1
chr2	4646	4646	1
chr2	1409	1472	1
chr2	1174	1177	1
chr2	1698	1728	1
chr2	510	552	1
chr2	2039	2065	1
chr2	2653	2712	1
chr2	2231	2283	1
chr2	3216	3245	1
chr2	2204	2204	1
chr2	3766	3781	1
chr2	3680	3765	1
chr2	3336	3401	1
chr2	482	509	1
chr2	1619	1695	1
chr2	2735	2770	1
chr2	652	677	1
chr2	3757	3763	1
chr2	4645	4646	1
chr2	4034	4064	1
chr2	4224	4249	1
chr2	3971	4016	1
chr2	4687	4742	1
chr2	1901	1958	1
chr2	4469	4498	1
chr2	2206	2232	1
chr2	2111	2147	1
chr2	3953	3968	1
chr2	4564	4616	1
chr2	3073	3170	1
chr2	3195	3216	1
chr2	342	351	1
chr2	2951	2973	1
chr2	3053	3072	1
chr2	606	652	1
chr2	4687	4745	1
chr2	3168	3194	1
chr2	4182	4224	1
chr2	1626	1693	1
chr2	4225	4248	1
chr2	882	919	1
chr2	1724	1728	1
chr2	1177	1222	1
chr2	359	417	1
chr2	1520	1618	1
chr2	4017	4033	1
chr2	1959	1997	1
chr2	1283	1310	1
chr2	3679	3766	1
chr2	2181	2207	1
chr2	1785	1853	1
chr2	3246	3266	1
chr2	2653	2711	1
chr2	789	854	1
chr2	2233	2283	1
chr2	1900	1957	1
chr2	3755	3756	1
chr2	3511	3591	1
chr2	3764	3788	1
chr2	357	417	1
chr2	3336	3402	1
chr2	4250	4270	1
chr2	2202	2205	1
chr2	2617	2652	1
chr2	3754	3763	1
chr2	745	788	1
chr2	3512	3591	1
chr2	2210	2228	1
chr2	344	358	1
chr2	1410	1475	1
chr2	1156	1222	1
chr2	1520	1624	1
chr2	2150	2180	1
chr2	606	651	1
chr2	1731	1779	1
chr2	2111	2149	1
chr2	343	356	1
chr2	1519	1618	1
chr2	183	218	1
chr2	2180	2201	1
chr2	2229	2284	1
chr2	3782	3783	1
chr2	2453	2556	2
chr2	3245	3266	2
chr2	745	787	2
chr2	3073	3169	2
chr2	3245	3265	2
chr2	3217	3244	2
chr2	2772	2795	2
chr2	320	341	2
chr2	2285	2373	2
chr2	3334	3401	2
chr2	1119	1155	2
chr2	4638	4644	2
chr2	4406	4469	2
chr2	3764	3811	2
chr2	4143	4181	2
chr2	4499	4563	2
chr2	4647	4669	2
chr2	4247	4269	2
chr2	3170	3194	2
chr2	1311	1372	2
chr2	745	786	2
chr2	4687	4761	2
chr2	3512	3558	2
chr2	4225	4246	2
chr2	553	581	2
chr2	2147	2183	2
chr2	3331	3333	2
chr2	3592	3613	2
chr2	4743	4762	2
chr2	509	552	2
chr2	3121	3167	2
chr2	1156	1179	2
chr2	3216	3244	2
chr2	2374	2402	2
chr2	220	235	2
chr2	3316	3335	2
chr2	1729	1781	2
chr2	482	508	2
chr2	2403	2452	2
chr2	356	417	2
chr2	3591	3614	2
chr2	582	605	2
chr2	1082	1118	2
chr2	146	183	2
chr2	1782	1853	2
chr2	3559	3590	2
chr2	1180	1222	2
chr2	1015	1081	2
chr2	2184	2209	2
chr2	2795	2876	2
chr2	3784	3810	2
chr2	3680	3754	2
chr2	2652	2712	2
chr2	2712	2734	2
chr2	319	342	2
chr2	2066	2113	2
chr2	4638	4669	2
chr2	4763	4782	2
chr2	183	219	2
chr2	1475	1496	2
chr2	1901	1957	2
chr2	1156	1173	2
chr2	4341	4405	2
chr2	3811	3847	2
chr2	787	854	2
chr2	508	552	2
chr2	3073	3120	2
chr2	1410	1474	2
chr2	4469	4497	2
chr2	3266	3315	2
chr2	2557	2616	2
chr2	2114	2146	2
chr2	957	1014	2
chr2	2772	2794	2
chr2	482	507	2
chr2	3403	3436	2
chr2	4271	4340	2
chr2	1520	1604	2
chr2	263	319	2
chr2	3470	3510	2
chr2	184	218	2
chr2	2067	2110	2
chr2	1694	1730	2
chr2	788	854	2
chr2	1373	1408	2
chr2	219	235	3
chr2	1311	1373	3
chr2	606	650	3
chr2	4342	4405	3
chr2	2373	2402	3
chr2	3470	3511	3
chr2	2403	2453	3
chr2	957	1013	3
chr2	1958	1997	3
chr2	3812	3847	3
chr2	3614	3679	3
chr2	146	182	3
chr2	4270	4341	3
chr2	1120	1155	3
chr2	4183	4224	3
chr2	2713	2734	3
chr2	2038	2066	3
chr2	2284	2372	3
chr2	3953	3969	3
chr2	4498	4563	3
chr2	3267	3315	3
chr2	2454	2555	3
chr2	3402	3436	3
chr2	3316	3330	3
chr2	651	677	3
chr2	2796	2876	3
chr2	1082	1119	3
chr2	4762	4782	3
chr2	1998	2037	3
chr2	583	605	3
chr2	3195	3215	3
chr2	3970	4016	3
chr2	1374	1409	3
chr2	553	582	3
chr2	4406	4468	3
chr2	4033	4064	3
chr2	1014	1081	3
chr2	4143	4182	3
chr2	4017	4032	4
chr2	236	262	4
chr2	4564	4615	4
chr2	1497	1519	4
chr2	919	956	4
chr2	2735	2771	4
chr2	3006	3051	4
chr2	882	918	4
chr2	3052	3072	4
chr2	4670	4686	4
chr2	418	481	4
chr2	2973	3005	4
chr2	4616	4637	4
chr2	1854	1900	4
chr2	1284	1310	4
chr2	4065	4096	4
chr2	2951	2972	4
chr2	1223	1283	4
chr2	76	145	5
chr2	3848	3952	5
chr2	855	881	5
chr2	1	75	5
chr2	678	744	5
chr2	2877	2950	5
chr2	4783	4864	5
chr2	4097	4142	5
chr2	3437	3469	5
chr20	637	637	1
chr20	366	395	1
chr20	971	989	1
chr20	583	636	1
chr20	871	894	1
chr20	806	843	1
chr20	957	968	1
chr20	396	415	1
chr20	395	415	1
chr20	1014	1058	1
chr20	160	176	1
chr20	534	580	1
chr20	870	892	1
chr20	366	394	1
chr20	894	924	1
chr20	1101	1166	1
chr20	473	532	1
chr20	105	159	1
chr20	1059	1100	1
chr20	895	925	1
chr20	894	925	1
chr20	582	654	1
chr20	957	971	1
chr20	972	989	1
chr20	581	715	1
chr20	745	805	1
chr20	893	923	1
chr20	844	869	1
chr20	925	955	1
chr20	533	582	1
chr20	655	715	1
chr20	871	893	1
chr20	956	969	1
chr20	970	970	1
chr20	894	923	1
chr20	638	715	1
chr20	746	804	2
chr20	870	893	2
chr20	1014	1057	2
chr20	1102	1166	2
chr20	956	968	2
chr20	447	473	2
chr20	807	843	2
chr20	474	533	2
chr20	277	351	2
chr20	582	715	2
chr20	924	956	2
chr20	926	955	2
chr20	805	844	2
chr20	1166	1260	2
chr20	716	745	2
chr20	233	261	2
chr20	195	232	2
chr20	352	365	2
chr20	1060	1100	2
chr20	262	276	2
chr20	473	533	2
chr20	844	870	2
chr20	1058	1101	2
chr20	416	446	2
chr20	1101	1165	2
chr20	990	1013	2
chr20	745	806	2
chr20	845	869	2
chr20	1014	1059	2
chr20	991	1013	3
chr20	1167	1260	3
chr20	971	990	3
chr20	415	445	3
chr20	234	259	3
chr20	395	414	3
chr20	195	233	3
chr20	446	472	3
chr20	260	278	3
chr20	279	366	3
chr20	716	744	3
chr20	367	394	3
chr20	534	581	3
chr20	969	970	3
chr20	159	176	4
chr20	105	158	4
chr20	1	104	5
chr20	177	194	5
chr21	773	792	1
chr21	886	909	1
chr21	613	680	1
chr21	772	796	1
chr21	342	386	1
chr21	854	884	1
chr21	886	908	1
chr21	756	771	1
chr21	698	755	1
chr21	680	697	1
chr21	793	795	1
chr21	440	539	1
chr21	279	341	1
chr21	909	963	1
chr21	387	436	1
chr21	797	816	1
chr21	437	439	1
chr21	796	816	1
chr21	681	698	1
chr21	387	539	2
chr21	854	885	2
chr21	541	560	2
chr21	817	857	2
chr21	1	231	2
chr21	858	884	2
chr21	386	442	2
chr21	561	611	2
chr21	279	340	2
chr21	232	279	2
chr21	280	340	2
chr21	613	679	2
chr21	341	385	2
chr21	443	540	2
chr21	612	679	2
chr21	341	386	2
chr21	1	232	3
chr21	233	278	3
chr21	680	698	3
chr21	818	853	3
chr21	885	909	3
chr21	773	795	3
chr21	561	612	3
chr21	540	560	3
chr21	796	817	3
chr21	699	755	4
chr21	756	772	4
chr21	910	963	4
chr22	393	397	1
chr22	395	446	1
chr22	841	862	1
chr22	737	760	1
chr22	348	363	1
chr22	841	864	1
chr22	363	398	1
chr22	863	907	1
chr22	716	736	1
chr22	314	346	1
chr22	638	714	1
chr22	314	343	1
chr22	447	504	1
chr22	715	737	1
chr22	347	361	1
chr22	716	737	1
chr22	505	537	1
chr22	393	394	1
chr22	865	908	1
chr22	364	392	1
chr22	362	392	1
chr22	346	361	1
chr22	447	505	1
chr22	344	345	1
chr22	348	361	1
chr22	506	537	1
chr22	864	908	1
chr22	1	362	1
chr22	398	446	1
chr22	1	347	2
chr22	362	398	2
chr22	736	760	2
chr22	864	907	2
chr22	761	781	2
chr22	1	313	2
chr22	782	840	2
chr22	909	939	2
chr22	716	735	2
chr22	738	760	2
chr22	841	863	3
chr22	507	537	3
chr22	399	446	3
chr22	447	506	3
chr22	761	782	3
chr22	908	939	3
chr22	783	840	3
chr22	638	715	4
chr22	940	1025	5
chr22	595	637	5
chr22	567	594	5
chr22	538	566	5
chr3	3210	3212	1
chr3	2714	2737	1
chr3	3143	3171	1
chr3	2759	2771	1
chr3	546	571	1
chr3	87	100	1
chr3	1818	1864	1
chr3	3585	3655	1
chr3	1251	1276	1
chr3	3225	3303	1
chr3	1436	1464	1
chr3	1233	1250	1
chr3	2597	2642	1
chr3	2847	2866	1
chr3	2314	2376	1
chr3	1625	1644	1
chr3	1730	1764	1
chr3	2713	2739	1
chr3	2975	3008	1
chr3	895	936	1
chr3	1276	1308	1
chr3	3586	3654	1
chr3	3303	3353	1
chr3	1167	1199	1
chr3	309	331	1
chr3	2760	2817	1
chr3	1309	1326	1
chr3	2715	2736	1
chr3	278	308	1
chr3	2077	2103	1
chr3	1200	1252	1
chr3	2488	2510	1
chr3	676	739	1
chr3	571	600	1
chr3	3142	3171	1
chr3	402	450	1
chr3	3224	3301	1
chr3	100	103	1
chr3	1819	1864	1
chr3	103	173	1
chr3	1863	1966	1
chr3	449	498	1
chr3	2686	2713	1
chr3	740	787	1
chr3	1199	1249	1
chr3	278	306	1
chr3	1466	1474	1
chr3	3728	3781	1
chr3	3586	3653	1
chr3	308	330	1
chr3	404	449	1
chr3	3374	3394	1
chr3	602	624	1
chr3	331	401	1
chr3	1309	1327	1
chr3	572	600	1
chr3	69	85	1
chr3	1250	1276	1
chr3	244	260	1
chr3	3370	3370	1
chr3	1308	1326	1
chr3	3302	3353	1
chr3	332	364	1
chr3	2740	2759	1
chr3	362	363	1
chr3	1645	1729	1
chr3	1340	1383	1
chr3	625	625	1
chr3	3224	3302	1
chr3	2377	2426	1
chr3	3354	3369	1
chr3	3213	3224	1
chr3	1232	1232	1
chr3	1328	1338	1
chr3	450	498	1
chr3	1437	1465	1
chr3	1765	1818	1
chr3	2032	2076	1
chr3	404	448	1
chr3	3353	3373	1
chr3	87	102	1
chr3	3114	3142	1
chr3	1765	1819	1
chr3	2759	2780	1
chr3	546	570	1
chr3	939	950	1
chr3	332	363	1
chr3	1277	1307	1
chr3	278	305	1
chr3	364	403	1
chr3	2772	2780	1
chr3	2737	2758	1
chr3	3371	3394	1
chr3	2643	2686	1
chr3	895	938	1
chr3	104	172	1
chr3	1199	1231	1
chr3	86	173	1
chr3	951	1004	1
chr3	3655	3707	1
chr3	3654	3707	1
chr3	307	330	1
chr3	571	602	1
chr3	1765	1817	1
chr3	3354	3371	1
chr3	602	658	1
chr3	331	402	1
chr3	2910	2974	1
chr3	1403	1435	1
chr3	451	498	1
chr3	2738	2758	1
chr3	86	100	1
chr3	365	403	1
chr3	1594	1624	1
chr3	331	361	1
chr3	1277	1308	1
chr3	2272	2313	1
chr3	626	658	1
chr3	364	402	1
chr3	1327	1339	1
chr3	3656	3708	1
chr3	3884	3906	1
chr3	499	513	1
chr3	3907	3960	1
chr3	3142	3172	1
chr3	308	331	1
chr3	86	99	1
chr3	306	330	1
chr3	3210	3223	1
chr3	2686	2714	1
chr3	1820	1862	1
chr3	2511	2581	1
chr3	603	658	1
chr3	3372	3394	1
chr3	937	949	1
chr3	1967	1991	2
chr3	3078	3113	2
chr3	1478	1513	2
chr3	2169	2237	2
chr3	676	740	2
chr3	677	740	2
chr3	658	676	2
chr3	2597	2641	2
chr3	1384	1401	2
chr3	1005	1065	2
chr3	103	172	2
chr3	2910	2924	2
chr3	2739	2759	2
chr3	278	307	2
chr3	3655	3708	2
chr3	2313	2377	2
chr3	1066	1135	2
chr3	498	513	2
chr3	1	67	2
chr3	3807	3847	2
chr3	513	545	2
chr3	1766	1817	2
chr3	2378	2427	2
chr3	2081	2103	2
chr3	601	657	2
chr3	3172	3209	2
chr3	1594	1623	2
chr3	1199	1252	2
chr3	2848	2867	2
chr3	3049	3077	2
chr3	2596	2643	2
chr3	3708	3724	2
chr3	3114	3140	2
chr3	1402	1436	2
chr3	3010	3048	2
chr3	2868	2911	2
chr3	1310	1326	2
chr3	1166	1194	2
chr3	101	102	2
chr3	3781	3806	2
chr3	2510	2581	2
chr3	499	512	2
chr3	403	449	2
chr3	857	894	2
chr3	3727	3781	2
chr3	190	242	2
chr3	3725	3726	2
chr3	2781	2818	2
chr3	1865	1966	2
chr3	2032	2077	2
chr3	2463	2487	2
chr3	1992	2030	2
chr3	3395	3450	2
chr3	3353	3372	2
chr3	2378	2426	2
chr3	2784	2817	2
chr3	2272	2312	2
chr3	69	86	2
chr3	2760	2783	2
chr3	2847	2862	2
chr3	571	601	2
chr3	3531	3585	2
chr3	3870	3883	2
chr3	243	259	2
chr3	2975	3009	2
chr3	2581	2595	2
chr3	1818	1863	2
chr3	2510	2580	2
chr3	1538	1592	2
chr3	2925	2926	2
chr3	2976	3008	2
chr3	1136	1165	2
chr3	3728	3780	2
chr3	1475	1477	2
chr3	1625	1730	2
chr3	244	245	2
chr3	3848	3869	2
chr3	2031	2080	2
chr3	2144	2168	2
chr3	2644	2685	2
chr3	3451	3530	2
chr3	2863	2866	2
chr3	1624	1645	2
chr3	3585	3654	2
chr3	1514	1537	2
chr3	1593	1624	2
chr3	2927	2974	2
chr3	2819	2847	2
chr3	1167	1198	2
chr3	68	85	2
chr3	1731	1764	2
chr3	174	189	2
chr3	3373	3394	2
chr3	2238	2270	2
chr3	2271	2313	2
chr3	3224	3303	2
chr3	1864	1966	2
chr3	2912	2975	2
chr3	2314	2377	2
chr3	2642	2686	2
chr3	2078	2103	2
chr3	450	497	2
chr3	1730	1765	2
chr3	2713	2738	2
chr3	1276	1309	2
chr3	1403	1436	2
chr3	1646	1729	2
chr3	1195	1198	2
chr3	246	260	2
chr3	3141	3172	2
chr3	2428	2462	2
chr3	260	277	2
chr3	3114	3141	2
chr3	3532	3584	3
chr3	1253	1275	3
chr3	2170	2237	3
chr3	3049	3076	3
chr3	3173	3210	3
chr3	3709	3724	3
chr3	3304	3352	3
chr3	3806	3847	3
chr3	190	243	3
chr3	2818	2846	3
chr3	2687	2712	3
chr3	3009	3048	3
chr3	3782	3805	3
chr3	514	546	3
chr3	173	189	3
chr3	3211	3212	3
chr3	1065	1135	3
chr3	2427	2464	3
chr3	1136	1166	3
chr3	2582	2596	3
chr3	897	936	3
chr3	3452	3531	3
chr3	2144	2169	3
chr3	857	896	3
chr3	2238	2271	3
chr3	547	570	3
chr3	3725	3727	3
chr3	659	675	3
chr3	1	68	3
chr3	946	949	3
chr3	1479	1513	3
chr3	3395	3451	3
chr3	1327	1338	3
chr3	1475	1478	3
chr3	1967	1990	3
chr3	3213	3223	3
chr3	2465	2487	3
chr3	2867	2909	3
chr3	937	945	3
chr3	1384	1402	3
chr3	1005	1064	3
chr3	3848	3883	3
chr3	1437	1464	3
chr3	3077	3113	3
chr3	1514	1593	3
chr3	1991	2031	3
chr3	261	277	3
chr3	741	787	4
chr3	2488	2509	4
chr3	950	1004	4
chr3	3884	3907	4
chr3	1465	1474	4
chr3	1339	1383	4
chr3	3908	3960	4
chr3	2104	2143	5
chr3	788	856	5
chr4	1306	1369	1
chr4	2265	2266	1
chr4	2936	2936	1
chr4	3508	3537	1
chr4	419	433	1
chr4	3634	3690	1
chr4	3418	3483	1
chr4	2837	2892	1
chr4	2218	2263	1
chr4	2937	2976	1
chr4	1042	1109	1
chr4	1923	1980	1
chr4	460	513	1
chr4	3566	3633	1
chr4	64	134	1
chr4	2892	2922	1
chr4	645	750	1
chr4	1222	1268	1
chr4	3690	3722	1
chr4	2921	2935	1
chr4	1745	1770	1
chr4	615	643	1
chr4	3328	3380	1
chr4	176	268	1
chr4	3537	3565	1
chr4	2187	2189	1
chr4	310	354	1
chr4	1042	1160	1
chr4	614	644	1
chr4	927	981	1
chr4	2085	2175	1
chr4	2577	2602	1
chr4	1370	1425	1
chr4	1412	1425	1
chr4	1922	1980	1
chr4	1370	1424	1
chr4	2578	2601	1
chr4	2085	2143	1
chr4	3190	3208	1
chr4	2317	2358	1
chr4	2577	2601	1
chr4	3418	3482	1
chr4	1480	1536	1
chr4	982	1004	1
chr4	981	1002	1
chr4	1537	1567	1
chr4	66	130	1
chr4	459	513	1
chr4	1041	1109	1
chr4	1270	1306	1
chr4	1717	1743	1
chr4	135	173	1
chr4	1770	1803	1
chr4	2506	2525	1
chr4	2802	2834	1
chr4	1686	1716	1
chr4	134	173	1
chr4	2385	2419	1
chr4	751	778	1
chr4	3281	3328	1
chr4	3327	3380	1
chr4	2454	2470	1
chr4	982	983	1
chr4	310	353	1
chr4	2922	2961	1
chr4	614	643	1
chr4	3208	3280	1
chr4	372	421	1
chr4	2923	2935	1
chr4	2190	2217	1
chr4	3272	3327	1
chr4	1904	1922	1
chr4	3690	3724	1
chr4	778	840	1
chr4	3508	3538	1
chr4	423	432	1
chr4	3691	3723	1
chr4	928	980	1
chr4	1590	1594	1
chr4	1307	1369	1
chr4	2893	2920	1
chr4	1771	1804	1
chr4	778	826	1
chr4	2526	2577	1
chr4	3636	3689	1
chr4	2140	2158	1
chr4	2471	2505	1
chr4	2893	2922	1
chr4	3724	3744	1
chr4	3484	3507	1
chr4	1805	1819	1
chr4	2191	2225	1
chr4	3041	3074	1
chr4	2176	2190	1
chr4	3329	3381	1
chr4	3567	3636	1
chr4	1743	1770	1
chr4	1716	1743	1
chr4	1820	1869	1
chr4	2835	2892	1
chr4	3566	3635	1
chr4	3077	3108	1
chr4	433	459	1
chr4	896	926	1
chr4	434	459	1
chr4	3272	3326	1
chr4	2226	2264	1
chr4	2084	2139	1
chr4	2526	2576	1
chr4	64	133	1
chr4	2454	2472	1
chr4	2837	2891	1
chr4	2175	2186	1
chr4	2922	2935	1
chr4	2525	2576	1
chr4	3191	3207	1
chr4	2264	2277	1
chr4	1686	1717	1
chr4	3538	3566	1
chr4	422	422	1
chr4	2472	2504	1
chr4	1005	1040	1
chr4	2505	2525	1
chr4	1688	1715	1
chr4	827	841	1
chr4	355	418	1
chr4	1717	1742	1
chr4	1275	1368	1
chr4	460	512	1
chr4	419	432	1
chr4	131	175	1
chr4	1369	1411	1
chr4	3272	3328	1
chr4	1745	1769	1
chr4	2141	2158	1
chr4	2084	2140	1
chr4	3110	3189	1
chr4	1904	1921	1
chr4	2359	2385	1
chr4	2964	2976	1
chr4	3282	3328	1
chr4	928	981	1
chr4	3723	3743	1
chr4	842	895	1
chr4	1717	1744	1
chr4	2267	2277	1
chr4	3209	3281	1
chr4	3382	3417	1
chr4	1870	1902	1
chr4	2360	2384	1
chr4	3075	3109	1
chr4	3539	3565	1
chr4	2923	2963	1
chr4	1568	1589	1
chr4	3041	3076	1
chr4	1222	1269	1
chr4	2144	2174	1
chr4	2360	2385	1
chr4	1269	1305	1
chr4	2473	2505	1
chr4	3637	3689	1
chr4	3725	3743	1
chr4	3483	3507	1
chr4	1718	1744	1
chr4	354	418	1
chr4	3745	3821	1
chr4	2085	2174	1
chr4	984	1002	1
chr4	1275	1369	2
chr4	2977	3018	2
chr4	459	512	2
chr4	543	613	2
chr4	1160	1221	2
chr4	2802	2835	2
chr4	257	268	2
chr4	615	637	2
chr4	751	777	2
chr4	2364	2385	2
chr4	752	778	2
chr4	2803	2836	2
chr4	3634	3689	2
chr4	2317	2359	2
chr4	1370	1411	2
chr4	372	432	2
chr4	1820	1870	2
chr4	1538	1568	2
chr4	1666	1685	2
chr4	2362	2363	2
chr4	896	981	2
chr4	1003	1040	2
chr4	3019	3040	2
chr4	2578	2602	2
chr4	1597	1665	2
chr4	2159	2174	2
chr4	3329	3380	2
chr4	638	751	2
chr4	1819	1872	2
chr4	1688	1716	2
chr4	1412	1424	2
chr4	1568	1594	2
chr4	896	927	2
chr4	2938	2961	2
chr4	66	129	2
chr4	3537	3566	2
chr4	2472	2505	2
chr4	1873	1903	2
chr4	1003	1041	2
chr4	1804	1819	2
chr4	176	256	2
chr4	1110	1159	2
chr4	2316	2361	2
chr4	1041	1160	2
chr4	2681	2759	2
chr4	2760	2802	2
chr4	3724	3743	2
chr4	982	1002	2
chr4	174	269	2
chr4	2936	2937	2
chr4	644	750	2
chr4	1538	1567	2
chr4	2893	2921	2
chr4	1744	1770	2
chr4	2278	2315	2
chr4	1804	1818	2
chr4	2011	2083	2
chr4	1569	1596	2
chr4	3567	3633	2
chr4	2602	2680	2
chr4	1981	2010	2
chr4	270	309	2
chr4	1426	1462	2
chr4	2836	2892	2
chr4	2525	2577	2
chr4	3690	3723	2
chr4	1	63	2
chr4	130	175	2
chr4	514	542	2
chr4	1871	1902	2
chr4	779	826	3
chr4	2760	2801	3
chr4	2218	2277	3
chr4	269	310	3
chr4	2680	2759	3
chr4	1771	1803	3
chr4	354	371	3
chr4	3482	3508	3
chr4	2454	2471	3
chr4	3076	3108	3
chr4	1	65	3
chr4	543	614	3
chr4	1161	1219	3
chr4	1220	1274	3
chr4	2278	2316	3
chr4	2603	2679	3
chr4	3191	3208	3
chr4	311	353	3
chr4	513	542	3
chr4	3418	3481	3
chr4	3509	3536	3
chr4	2506	2524	3
chr4	827	840	3
chr4	2175	2190	3
chr4	433	458	3
chr4	2962	2977	3
chr4	1980	2012	3
chr4	2978	3017	3
chr4	1425	1462	3
chr4	1922	1979	3
chr4	1903	1921	3
chr4	2013	2084	3
chr4	3018	3040	3
chr4	3209	3271	3
chr4	1595	1665	3
chr4	3041	3075	3
chr4	1666	1687	3
chr4	2191	2217	3
chr4	1480	1537	4
chr4	2386	2419	4
chr4	3381	3417	4
chr4	3744	3821	4
chr4	841	895	4
chr4	3109	3190	4
chr4	1463	1479	5
chr4	2420	2453	5
chr5	1550	1566	1
chr5	2916	2949	1
chr5	281	282	1
chr5	1803	1812	1
chr5	635	699	1
chr5	3504	3551	1
chr5	859	903	1
chr5	727	741	1
chr5	2821	2841	1
chr5	936	981	1
chr5	2255	2258	1
chr5	606	634	1
chr5	3458	3503	1
chr5	157	216	1
chr5	2520	2535	1
chr5	2581	2616	1
chr5	1419	1457	1
chr5	3502	3553	1
chr5	1161	1236	1
chr5	2056	2153	1
chr5	214	294	1
chr5	326	344	1
chr5	1803	1811	1
chr5	1686	1687	1
chr5	473	605	1
chr5	3086	3139	1
chr5	283	296	1
chr5	2535	2567	1
chr5	3436	3457	1
chr5	905	935	1
chr5	2154	2179	1
chr5	1755	1757	1
chr5	2568	2580	1
chr5	2237	2258	1
chr5	2917	2948	1
chr5	3436	3456	1
chr5	3086	3140	1
chr5	2534	2568	1
chr5	1482	1524	1
chr5	3403	3414	1
chr5	214	295	1
chr5	296	326	1
chr5	2035	2055	1
chr5	3404	3415	1
chr5	157	217	1
chr5	841	934	1
chr5	2750	2802	1
chr5	3140	3175	1
chr5	2056	2152	1
chr5	2536	2566	1
chr5	282	282	1
chr5	2583	2631	1
chr5	1237	1275	1
chr5	1756	1757	1
chr5	2750	2784	1
chr5	2521	2534	1
chr5	1446	1457	1
chr5	3404	3410	1
chr5	3552	3619	1
chr5	2567	2616	1
chr5	3403	3410	1
chr5	2258	2293	1
chr5	1568	1596	1
chr5	1418	1445	1
chr5	982	1042	1
chr5	2802	2821	1
chr5	842	858	1
chr5	3011	3085	1
chr5	860	865	1
chr5	3141	3174	1
chr5	3457	3504	1
chr5	2786	2800	1
chr5	1896	1921	1
chr5	100	156	1
chr5	636	672	1
chr5	1525	1549	1
chr5	841	858	1
chr5	2950	2971	1
chr5	439	473	1
chr5	841	868	1
chr5	3403	3415	1
chr5	217	281	1
chr5	2750	2783	1
chr5	869	899	1
chr5	3010	3085	1
chr5	859	934	1
chr5	1812	1814	1
chr5	2037	2055	1
chr5	475	605	1
chr5	283	295	1
chr5	1370	1418	1
chr5	2822	2841	1
chr5	1	99	1
chr5	295	326	1
chr5	2696	2750	1
chr5	2153	2179	1
chr5	1659	1684	1
chr5	472	609	1
chr5	2037	2056	1
chr5	769	780	1
chr5	216	280	1
chr5	2569	2582	1
chr5	3175	3197	1
chr5	781	819	1
chr5	609	632	1
chr5	1597	1610	1
chr5	3009	3085	1
chr5	3435	3460	1
chr5	904	904	1
chr5	371	437	1
chr5	2974	3009	1
chr5	1813	1814	1
chr5	673	699	1
chr5	1922	1968	1
chr5	2255	2257	1
chr5	1735	1754	1
chr5	868	899	1
chr5	474	605	1
chr5	2521	2530	1
chr5	2531	2533	1
chr5	2801	2820	1
chr5	606	636	1
chr5	1611	1632	1
chr5	2872	2916	1
chr5	841	859	1
chr5	3461	3501	1
chr5	3176	3197	1
chr5	2785	2785	1
chr5	1659	1685	1
chr5	1598	1611	1
chr5	3505	3552	1
chr5	439	474	1
chr5	1568	1597	1
chr5	606	635	1
chr5	157	215	1
chr5	1685	1687	1
chr5	3415	3434	1
chr5	297	325	1
chr5	438	472	1
chr5	2972	3010	1
chr5	3554	3619	1
chr5	637	699	1
chr5	820	841	1
chr5	2750	2801	1
chr5	2974	3008	1
chr5	2803	2820	1
chr5	218	295	1
chr5	700	726	1
chr5	2457	2519	1
chr5	1735	1755	1
chr5	472	608	1
chr5	2784	2801	1
chr5	866	867	1
chr5	1370	1417	1
chr5	610	632	1
chr5	2751	2801	1
chr5	345	370	1
chr5	2568	2581	2
chr5	2949	2971	2
chr5	3436	3460	2
chr5	3461	3502	2
chr5	436	471	2
chr5	1	100	2
chr5	371	438	2
chr5	1897	1919	2
chr5	2617	2631	2
chr5	1896	1920	2
chr5	725	741	2
chr5	1200	1234	2
chr5	700	725	2
chr5	2180	2203	2
chr5	101	156	2
chr5	1458	1481	2
chr5	2534	2567	2
chr5	1921	1968	2
chr5	2842	2871	2
chr5	369	435	2
chr5	1758	1802	2
chr5	726	741	2
chr5	1077	1090	2
chr5	1	103	2
chr5	2237	2254	2
chr5	633	699	2
chr5	2432	2456	2
chr5	2035	2056	2
chr5	3503	3552	2
chr5	783	819	2
chr5	296	325	2
chr5	1969	2036	2
chr5	1235	1277	2
chr5	900	934	2
chr5	2949	2950	2
chr5	1920	1968	2
chr5	345	368	2
chr5	3414	3435	2
chr5	2582	2631	2
chr5	3416	3435	2
chr5	1551	1566	2
chr5	3198	3256	2
chr5	2670	2694	2
chr5	1161	1235	2
chr5	2695	2749	2
chr5	104	157	2
chr5	1688	1734	2
chr5	2802	2820	2
chr5	782	819	2
chr5	2521	2533	2
chr5	2972	3011	2
chr5	158	213	2
chr5	3411	3413	2
chr5	2259	2293	2
chr5	770	770	2
chr5	1278	1309	2
chr5	2696	2749	2
chr5	3358	3403	2
chr5	2951	2973	2
chr5	742	769	2
chr5	1551	1567	2
chr5	1236	1275	2
chr5	769	781	2
chr5	326	370	2
chr5	2237	2293	2
chr5	2368	2431	2
chr5	1161	1195	2
chr5	1310	1369	2
chr5	2645	2669	2
chr5	3012	3085	2
chr5	327	344	2
chr5	771	782	2
chr5	1196	1199	2
chr5	2632	2644	2
chr5	1815	1896	2
chr5	700	724	2
chr5	3358	3402	3
chr5	742	768	3
chr5	1421	1458	3
chr5	2368	2430	3
chr5	2838	2840	3
chr5	2153	2203	3
chr5	1079	1090	3
chr5	2916	2948	3
chr5	1459	1481	3
chr5	1567	1596	3
chr5	1369	1420	3
chr5	2057	2152	3
chr5	1735	1802	3
chr5	2632	2646	3
chr5	1659	1690	3
chr5	1311	1368	3
chr5	3086	3138	3
chr5	2647	2668	3
chr5	1077	1078	3
chr5	2821	2837	3
chr5	3139	3174	3
chr5	1803	1895	3
chr5	1969	2034	3
chr5	1276	1310	3
chr5	2669	2695	3
chr5	1691	1734	3
chr5	2431	2456	3
chr5	1597	1611	3
chr5	3199	3256	3
chr5	3553	3619	3
chr5	2841	2871	3
chr5	3175	3198	3
chr5	820	840	4
chr5	2872	2915	4
chr5	2457	2520	4
chr5	1612	1632	4
chr5	935	982	4
chr5	983	1042	4
chr5	1524	1550	4
chr5	1482	1523	4
chr5	1633	1658	5
chr5	2204	2236	5
chr5	2294	2367	5
chr5	3257	3357	5
chr5	1043	1076	5
chr5	1129	1160	5
chr5	1091	1128	5
chr6	2022	2105	1
chr6	602	632	1
chr6	2462	2479	1
chr6	2783	2852	1
chr6	3036	3103	1
chr6	1231	1269	1
chr6	518	601	1
chr6	2383	2430	1
chr6	2348	2380	1
chr6	3319	3319	1
chr6	160	216	1
chr6	924	998	1
chr6	518	602	1
chr6	1529	1610	1
chr6	216	264	1
chr6	998	1013	1
chr6	932	932	1
chr6	3054	3102	1
chr6	2347	2379	1
chr6	2023	2105	1
chr6	2288	2329	1
chr6	2480	2500	1
chr6	2382	2428	1
chr6	1755	1807	1
chr6	1829	1883	1
chr6	833	872	1
chr6	3320	3334	1
chr6	633	634	1
chr6	267	325	1
chr6	3319	3334	1
chr6	2380	2382	1
chr6	3104	3172	1
chr6	1830	1882	1
chr6	516	600	1
chr6	1182	1230	1
chr6	2105	2143	1
chr6	2429	2479	1
chr6	1277	1328	1
chr6	157	158	1
chr6	1883	1914	1
chr6	1661	1686	1
chr6	1727	1753	1
chr6	3103	3172	1
chr6	887	922	1
chr6	1231	1350	1
chr6	1149	1182	1
chr6	2193	2232	1
chr6	1612	1659	1
chr6	2348	2429	1
chr6	154	216	1
chr6	923	931	1
chr6	2019	2021	1
chr6	1276	1328	1
chr6	1232	1275	1
chr6	1756	1807	1
chr6	2144	2164	1
chr6	834	871	1
chr6	634	638	1
chr6	603	632	1
chr6	2165	2192	1
chr6	1440	1460	1
chr6	1274	1349	1
chr6	133	159	1
chr6	2461	2479	1
chr6	3054	3101	1
chr6	1660	1686	1
chr6	833	885	1
chr6	2002	2105	1
chr6	1150	1181	1
chr6	2740	2782	1
chr6	1042	1149	1
chr6	1232	1276	1
chr6	998	1012	1
chr6	2003	2018	1
chr6	2347	2429	1
chr6	489	515	1
chr6	2382	2430	1
chr6	933	997	1
chr6	1183	1230	1
chr6	834	885	1
chr6	2165	2193	1
chr6	1419	1439	1
chr6	1727	1754	1
chr6	1884	1914	1
chr6	217	266	1
chr6	1014	1041	1
chr6	2495	2500	1
chr6	1726	1755	1
chr6	1351	1388	1
chr6	635	638	1
chr6	833	886	1
chr6	1270	1273	1
chr6	2853	2889	1
chr6	3103	3187	1
chr6	873	886	1
chr6	3102	3187	1
chr6	2430	2461	1
chr6	1886	1913	1
chr6	1754	1806	1
chr6	632	666	1
chr6	1688	1725	1
chr6	1808	1829	1
chr6	2194	2232	1
chr6	133	156	1
chr6	159	215	1
chr6	1914	1941	1
chr6	2890	2924	1
chr6	924	997	1
chr6	2195	2232	1
chr6	268	325	1
chr6	2347	2380	1
chr6	3189	3334	1
chr6	999	1012	1
chr6	133	153	1
chr6	217	267	1
chr6	1275	1349	1
chr6	872	886	1
chr6	2003	2022	1
chr6	2889	2924	1
chr6	601	631	1
chr6	2480	2494	1
chr6	2105	2142	1
chr6	1232	1274	1
chr6	3103	3188	1
chr6	2249	2287	1
chr6	1611	1660	1
chr6	633	633	1
chr6	2430	2460	1
chr6	1808	1828	1
chr6	1419	1440	2
chr6	2195	2231	2
chr6	82	104	2
chr6	1687	1725	2
chr6	2381	2381	2
chr6	406	489	2
chr6	1000	1012	2
chr6	2232	2248	2
chr6	2711	2738	2
chr6	2002	2104	2
chr6	1726	1754	2
chr6	2431	2458	2
chr6	217	264	2
chr6	3036	3102	2
chr6	133	216	2
chr6	326	367	2
chr6	1529	1611	2
chr6	3173	3188	2
chr6	489	514	2
chr6	515	597	2
chr6	1419	1437	2
chr6	1438	1459	2
chr6	1886	1914	2
chr6	2501	2525	2
chr6	3036	3053	2
chr6	1688	1726	2
chr6	775	833	2
chr6	1329	1390	2
chr6	887	923	2
chr6	1915	1941	2
chr6	2659	2686	2
chr6	490	517	2
chr6	2640	2658	2
chr6	1484	1529	2
chr6	2459	2479	2
chr6	2739	2781	2
chr6	2977	3002	2
chr6	639	666	2
chr6	3333	3422	2
chr6	3189	3332	2
chr6	105	132	2
chr6	2925	2942	2
chr6	3003	3035	2
chr6	710	744	2
chr6	2740	2781	2
chr6	2687	2710	2
chr6	598	632	2
chr6	2330	2347	2
chr6	924	999	2
chr6	1391	1418	2
chr6	3188	3318	2
chr6	1460	1483	2
chr6	886	923	2
chr6	1915	1942	2
chr6	1755	1806	2
chr6	1530	1611	2
chr6	633	666	2
chr6	1943	2002	2
chr6	1350	1388	2
chr6	1441	1460	2
chr6	745	774	2
chr6	265	325	3
chr6	2330	2346	3
chr6	1612	1660	3
chr6	2927	2942	3
chr6	1661	1687	3
chr6	2977	3003	3
chr6	2480	2525	3
chr6	345	367	3
chr6	406	488	3
chr6	775	832	3
chr6	3335	3422	3
chr6	1461	1482	3
chr6	2712	2739	3
chr6	746	774	3
chr6	2889	2926	3
chr6	326	344	3
chr6	710	745	3
chr6	1483	1528	3
chr6	2233	2248	3
chr6	1149	1181	3
chr6	82	103	3
chr6	1182	1231	3
chr6	2658	2686	3
chr6	1389	1418	3
chr6	2640	2657	3
chr6	1830	1885	3
chr6	1807	1829	3
chr6	3004	3035	3
chr6	2106	2142	3
chr6	2165	2194	3
chr6	104	132	3
chr6	1942	2001	3
chr6	2687	2711	3
chr6	2853	2888	4
chr6	2249	2288	4
chr6	2782	2852	4
chr6	1013	1041	4
chr6	1042	1148	4
chr6	2289	2329	4
chr6	2143	2164	4
chr6	2526	2556	5
chr6	2943	2976	5
chr6	2606	2639	5
chr6	60	81	5
chr6	368	405	5
chr6	1	59	5
chr6	2557	2605	5
chr6	667	709	5
chr7	1546	1578	1
chr7	1	108	1
chr7	1031	1093	1
chr7	1652	1726	1
chr7	900	964	1
chr7	1238	1285	1
chr7	2343	2343	1
chr7	897	902	1
chr7	1987	2047	1
chr7	1908	1979	1
chr7	714	732	1
chr7	1290	1303	1
chr7	2047	2093	1
chr7	1986	2046	1
chr7	1909	1986	1
chr7	1032	1093	1
chr7	2231	2245	1
chr7	2354	2408	1
chr7	593	614	1
chr7	768	795	1
chr7	1980	2046	1
chr7	1981	2045	1
chr7	416	447	1
chr7	1715	1721	1
chr7	1410	1446	1
chr7	715	766	1
chr7	733	767	1
chr7	1218	1290	1
chr7	1987	2046	1
chr7	705	763	1
chr7	333	369	1
chr7	395	416	1
chr7	2355	2408	1
chr7	2047	2092	1
chr7	1409	1446	1
chr7	1939	1939	1
chr7	898	899	1
chr7	449	472	1
chr7	3054	3093	1
chr7	2979	3013	1
chr7	1854	1854	1
chr7	652	713	1
chr7	1	106	1
chr7	1855	1908	1
chr7	109	136	1
chr7	1909	1985	1
chr7	2342	2353	1
chr7	1410	1447	1
chr7	3014	3053	1
chr7	1909	1938	1
chr7	1725	1756	1
chr7	369	395	1
chr7	2046	2095	1
chr7	107	136	1
chr7	1722	1725	1
chr7	1218	1237	1
chr7	1093	1167	1
chr7	106	139	1
chr7	333	368	1
chr7	1578	1603	1
chr7	1908	1980	1
chr7	1334	1408	1
chr7	2094	2158	1
chr7	2320	2341	1
chr7	2688	2777	1
chr7	1799	1841	1
chr7	1652	1724	1
chr7	334	369	1
chr7	2269	2318	1
chr7	1307	1333	1
chr7	796	841	1
chr7	1003	1031	1
chr7	1291	1303	1
chr7	767	794	1
chr7	2497	2544	1
chr7	1715	1725	1
chr7	652	714	1
chr7	416	448	1
chr7	448	472	1
chr7	651	704	1
chr7	1286	1306	1
chr7	2344	2357	1
chr7	1001	1032	1
chr7	2450	2496	1
chr7	2319	2319	1
chr7	965	1000	1
chr7	615	650	1
chr7	881	897	1
chr7	2047	2095	1
chr7	2342	2354	1
chr7	2409	2449	1
chr7	370	395	1
chr7	1652	1725	1
chr7	1841	1908	1
chr7	903	964	1
chr7	140	166	1
chr7	902	964	1
chr7	1033	1092	1
chr7	2159	2230	1
chr7	2048	2092	1
chr7	1940	1986	1
chr7	1842	1908	1
chr7	881	901	1
chr7	2269	2342	1
chr7	1841	1853	1
chr7	370	394	1
chr7	1727	1756	1
chr7	1003	1030	1
chr7	1218	1289	1
chr7	1546	1577	1
chr7	1448	1518	1
chr7	1	105	1
chr7	594	614	2
chr7	1857	1907	2
chr7	2495	2544	2
chr7	702	763	2
chr7	167	230	2
chr7	3017	3051	2
chr7	2688	2699	2
chr7	1757	1799	2
chr7	1446	1518	2
chr7	2447	2494	2
chr7	1447	1518	2
chr7	2451	2496	2
chr7	2497	2543	2
chr7	2093	2158	2
chr7	1000	1032	2
chr7	1519	1545	2
chr7	1168	1216	2
chr7	396	416	2
chr7	1625	1650	2
chr7	616	650	2
chr7	1092	1167	2
chr7	965	999	2
chr7	395	415	2
chr7	2342	2357	2
chr7	1651	1714	2
chr7	304	332	2
chr7	1	111	2
chr7	1033	1091	2
chr7	2688	2697	2
chr7	545	593	2
chr7	2544	2560	2
chr7	2700	2777	2
chr7	1410	1445	2
chr7	897	900	2
chr7	615	651	2
chr7	2809	2831	2
chr7	2698	2698	2
chr7	2409	2450	2
chr7	2882	2978	2
chr7	3016	3051	2
chr7	334	370	2
chr7	2699	2777	2
chr7	2832	2881	2
chr7	1094	1167	2
chr7	1800	1838	2
chr7	112	136	2
chr7	964	1002	2
chr7	2979	3016	2
chr7	231	303	2
chr7	1288	1303	2
chr7	2096	2158	2
chr7	1839	1856	2
chr7	901	963	2
chr7	1799	1840	2
chr7	2979	3015	2
chr7	371	394	2
chr7	651	701	2
chr7	1217	1287	2
chr7	2409	2446	2
chr7	593	615	2
chr7	232	303	3
chr7	2885	2978	3
chr7	2269	2341	3
chr7	2358	2408	3
chr7	1545	1578	3
chr7	764	794	3
chr7	417	446	3
chr7	1757	1798	3
chr7	545	592	3
chr7	1519	1544	3
chr7	1168	1217	3
chr7	304	333	3
chr7	1625	1651	3
chr7	2809	2832	3
chr7	881	896	3
chr7	2833	2884	3
chr7	167	231	3
chr7	1726	1756	3
chr7	447	472	3
chr7	2545	2560	3
chr7	1579	1603	4
chr7	2159	2229	4
chr7	2230	2245	4
chr7	3052	3093	4
chr7	137	166	4
chr7	1304	1333	4
chr7	1334	1409	4
chr7	795	841	4
chr7	473	504	5
chr7	842	880	5
chr7	505	544	5
chr7	2625	2687	5
chr7	2592	2624	5
chr7	1604	1624	5
chr7	2778	2808	5
chr7	2561	2591	5
chr7	3094	3183	5
chr7	2246	2268	5
chr8	2488	2515	1
chr8	779	861	1
chr8	1229	1230	1
chr8	377	399	1
chr8	1915	1944	1
chr8	2852	2927	1
chr8	134	161	1
chr8	1383	1415	1
chr8	778	861	1
chr8	1067	1108	1
chr8	2105	2107	1
chr8	1435	1462	1
chr8	972	973	1
chr8	1655	1726	1
chr8	559	565	1
chr8	933	972	1
chr8	1727	1751	1
chr8	2212	2276	1
chr8	356	375	1
chr8	1730	1751	1
chr8	252	271	1
chr8	974	999	1
chr8	2212	2307	1
chr8	2831	2850	1
chr8	865	881	1
chr8	272	295	1
chr8	2094	2107	1
chr8	344	354	1
chr8	758	777	1
chr8	1753	1842	1
chr8	272	298	1
chr8	2800	2830	1
chr8	956	956	1
chr8	346	355	1
chr8	863	864	1
chr8	780	862	1
chr8	2488	2516	1
chr8	1656	1751	1
chr8	2719	2798	1
chr8	135	160	1
chr8	2156	2176	1
chr8	2634	2672	1
chr8	376	399	1
chr8	2517	2620	1
chr8	2199	2211	1
chr8	344	352	1
chr8	161	225	1
chr8	464	551	1
chr8	2621	2630	1
chr8	1285	1312	1
chr8	1231	1244	1
chr8	1188	1228	1
chr8	1330	1382	1
chr8	1	135	1
chr8	1	136	1
chr8	353	376	1
chr8	1727	1752	1
chr8	2276	2305	1
chr8	2797	2830	1
chr8	466	557	1
chr8	441	463	1
chr8	2306	2365	1
chr8	1312	1330	1
chr8	162	250	1
chr8	441	464	1
chr8	758	778	1
chr8	1313	1330	1
chr8	2516	2620	1
chr8	226	226	1
chr8	2178	2198	1
chr8	2830	2851	1
chr8	1843	1914	1
chr8	2094	2104	1
chr8	465	551	1
chr8	2830	2850	1
chr8	2799	2830	1
chr8	957	972	1
chr8	136	160	1
chr8	227	250	1
chr8	1728	1729	1
chr8	2278	2307	1
chr8	1	134	1
chr8	1285	1311	1
chr8	558	565	1
chr8	355	376	1
chr8	2719	2799	1
chr8	2631	2633	1
chr8	2177	2197	1
chr8	162	251	1
chr8	466	565	1
chr8	1109	1139	1
chr8	296	299	1
chr8	933	955	1
chr8	134	160	1
chr8	299	343	1
chr8	1655	1751	1
chr8	1656	1726	1
chr8	2277	2277	1
chr8	344	345	1
chr8	300	343	1
chr8	466	558	1
chr8	1655	1727	1
chr8	137	161	1
chr8	2212	2275	1
chr8	780	881	2
chr8	974	998	2
chr8	2198	2310	2
chr8	161	250	2
chr8	1589	1655	2
chr8	2365	2418	2
chr8	1245	1284	2
chr8	2797	2829	2
chr8	1187	1244	2
chr8	2674	2718	2
chr8	1330	1381	2
chr8	671	733	2
chr8	400	440	2
chr8	734	757	2
chr8	2621	2673	2
chr8	1105	1140	2
chr8	2108	2138	2
chr8	1067	1107	2
chr8	1069	1104	2
chr8	972	974	2
chr8	2198	2211	2
chr8	999	1068	2
chr8	552	566	2
chr8	2032	2093	2
chr8	1108	1139	2
chr8	1165	1186	2
chr8	2621	2672	2
chr8	1435	1463	2
chr8	1436	1462	2
chr8	1416	1435	2
chr8	344	376	2
chr8	1464	1522	2
chr8	1141	1164	2
chr8	973	973	2
chr8	2850	2927	2
chr8	975	999	2
chr8	862	881	2
chr8	567	613	2
chr8	2311	2364	2
chr8	1331	1381	2
chr8	614	670	2
chr8	2831	2849	2
chr8	2851	2927	2
chr8	1188	1244	2
chr8	2419	2487	2
chr8	2308	2365	2
chr8	1	133	2
chr8	1463	1522	3
chr8	2720	2796	3
chr8	2418	2488	3
chr8	672	732	3
chr8	757	779	3
chr8	2366	2417	3
chr8	1287	1309	3
chr8	1165	1187	3
chr8	1140	1164	3
chr8	1589	1654	3
chr8	933	971	3
chr8	401	439	3
chr8	2518	2620	3
chr8	1416	1434	3
chr8	1000	1066	3
chr8	377	400	3
chr8	733	756	3
chr8	2032	2065	3
chr8	566	614	3
chr8	440	465	3
chr8	272	343	3
chr8	2066	2094	3
chr8	2489	2517	3
chr8	1310	1329	3
chr8	2095	2138	3
chr8	2178	2197	3
chr8	2673	2719	3
chr8	1245	1286	3
chr8	615	671	3
chr8	1843	1913	4
chr8	2156	2177	4
chr8	1914	1944	4
chr8	251	271	4
chr8	1752	1842	4
chr8	1382	1415	4
chr8	2139	2155	5
chr8	882	932	5
chr8	1523	1588	5
chr8	1978	2031	5
chr8	1945	1977	5
chr9	193	251	1
chr9	845	896	1
chr9	753	772	1
chr9	814	839	1
chr9	882	897	1
chr9	446	516	1
chr9	955	955	1
chr9	1555	1595	1
chr9	772	797	1
chr9	136	195	1
chr9	1515	1553	1
chr9	842	869	1
chr9	1515	1554	1
chr9	754	771	1
chr9	509	534	1
chr9	956	1310	1
chr9	1312	1417	1
chr9	870	954	1
chr9	898	956	1
chr9	1422	1464	1
chr9	686	686	1
chr9	448	509	1
chr9	1617	1653	1
chr9	195	252	1
chr9	2288	2323	1
chr9	662	685	1
chr9	873	901	1
chr9	448	508	1
chr9	1417	1465	1
chr9	817	842	1
chr9	1465	1479	1
chr9	956	1306	1
chr9	1940	2009	1
chr9	1776	1805	1
chr9	732	752	1
chr9	1418	1463	1
chr9	516	535	1
chr9	1481	1515	1
chr9	1939	1940	1
chr9	773	818	1
chr9	843	871	1
chr9	1464	1480	1
chr9	1941	2009	1
chr9	814	842	1
chr9	956	1311	1
chr9	510	534	1
chr9	956	1417	1
chr9	134	192	1
chr9	687	731	1
chr9	195	251	1
chr9	840	881	1
chr9	1307	1416	1
chr9	957	1421	1
chr9	192	251	1
chr9	136	194	1
chr9	802	810	1
chr9	897	955	1
chr9	446	515	1
chr9	2069	2083	1
chr9	1311	1417	1
chr9	772	801	1
chr9	1806	1840	1
chr9	733	753	1
chr9	819	841	1
chr9	2596	2619	1
chr9	903	955	1
chr9	1418	1465	1
chr9	2595	2595	1
chr9	1554	1594	1
chr9	843	872	1
chr9	1553	1594	1
chr9	517	535	1
chr9	1465	1480	1
chr9	1596	1616	1
chr9	2654	2680	1
chr9	1516	1552	1
chr9	1481	1514	1
chr9	798	816	1
chr9	2681	2720	1
chr9	1480	1514	1
chr9	1418	1464	1
chr9	2324	2341	1
chr9	511	534	1
chr9	811	844	1
chr9	733	752	1
chr9	1939	1939	1
chr9	448	510	1
chr9	872	902	1
chr9	134	194	1
chr9	196	252	1
chr9	902	955	1
chr9	134	191	1
chr9	2034	2067	2
chr9	2391	2468	2
chr9	428	445	2
chr9	2010	2033	2
chr9	95	118	2
chr9	2069	2079	2
chr9	1466	1481	2
chr9	2246	2287	2
chr9	536	558	2
chr9	662	732	2
chr9	2068	2152	2
chr9	253	303	2
chr9	772	813	2
chr9	2547	2593	2
chr9	1653	1723	2
chr9	2595	2619	2
chr9	663	733	2
chr9	2171	2200	2
chr9	1617	1652	2
chr9	1775	1806	2
chr9	2519	2546	2
chr9	2721	2823	2
chr9	2342	2390	2
chr9	119	135	2
chr9	1595	1617	2
chr9	1776	1806	2
chr9	734	752	2
chr9	1913	1938	2
chr9	1552	1594	2
chr9	2201	2245	2
chr9	2080	2083	2
chr9	1516	1551	2
chr9	1482	1515	2
chr9	1618	1653	2
chr9	1595	1616	2
chr9	559	662	2
chr9	2594	2619	2
chr9	2469	2518	2
chr9	1724	1774	2
chr9	535	562	3
chr9	1723	1775	3
chr9	2392	2468	3
chr9	2547	2594	3
chr9	2721	2750	3
chr9	2084	2152	3
chr9	95	117	3
chr9	2518	2546	3
chr9	2010	2034	3
chr9	563	661	3
chr9	2753	2823	3
chr9	2751	2752	3
chr9	428	447	3
chr9	252	303	3
chr9	2245	2287	3
chr9	2469	2517	3
chr9	1913	2009	3
chr9	2342	2391	3
chr9	2171	2199	3
chr9	1654	1722	3
chr9	118	133	3
chr9	2035	2068	3
chr9	2200	2244	3
chr9	753	771	3
chr9	2288	2322	4
chr9	1807	1840	4
chr9	2680	2720	4
chr9	2323	2341	4
chr9	2654	2679	4
chr9	391	427	5
chr9	59	94	5
chr9	1841	1872	5
chr9	1	58	5
chr9	353	390	5
chr9	2153	2170	5
chr9	1873	1912	5
chr9	304	352	5
chr9	2620	2653	5
chrX	277	309	1
chrX	1391	1424	1
chrX	2756	2791	1
chrX	939	979	1
chrX	2586	2586	1
chrX	1423	1476	1
chrX	2070	2113	1
chrX	1376	1393	1
chrX	2075	2112	1
chrX	54	78	1
chrX	2825	2943	1
chrX	2852	2944	1
chrX	1105	1177	1
chrX	939	984	1
chrX	2943	2972	1
chrX	617	637	1
chrX	77	173	1
chrX	339	405	1
chrX	1375	1393	1
chrX	1739	1895	1
chrX	2570	2585	1
chrX	2457	2569	1
chrX	1352	1375	1
chrX	2590	2616	1
chrX	1592	1660	1
chrX	1297	1350	1
chrX	939	983	1
chrX	1394	1423	1
chrX	1179	1228	1
chrX	1375	1422	1
chrX	985	1060	1
chrX	2944	2970	1
chrX	2570	2589	1
chrX	1997	2050	1
chrX	639	687	1
chrX	1179	1227	1
chrX	1552	1577	1
chrX	2074	2112	1
chrX	53	78	1
chrX	1830	1896	1
chrX	2392	2454	1
chrX	2825	2942	1
chrX	2794	2818	1
chrX	2053	2053	1
chrX	437	504	1
chrX	2666	2722	1
chrX	2302	2352	1
chrX	2052	2073	1
chrX	437	489	1
chrX	2973	3002	1
chrX	1421	1437	1
chrX	767	811	1
chrX	2246	2301	1
chrX	1736	1825	1
chrX	2461	2569	1
chrX	812	826	1
chrX	940	982	1
chrX	3039	3106	1
chrX	2667	2722	1
chrX	1061	1178	1
chrX	310	338	1
chrX	1298	1350	1
chrX	1591	1662	1
chrX	980	981	1
chrX	1897	1995	1
chrX	2792	2826	1
chrX	1298	1352	1
chrX	2176	2211	1
chrX	688	746	1
chrX	2392	2463	1
chrX	78	173	1
chrX	1	53	1
chrX	1228	1296	1
chrX	2149	2174	1
chrX	2392	2455	1
chrX	2618	2665	1
chrX	1394	1420	1
chrX	748	767	1
chrX	1997	2051	1
chrX	2617	2666	1
chrX	340	404	1
chrX	1739	1829	1
chrX	1553	1581	1
chrX	1692	1735	1
chrX	1	78	1
chrX	2455	2569	1
chrX	1996	2052	1
chrX	2821	2944	1
chrX	2587	2617	1
chrX	489	504	1
chrX	2071	2113	1
chrX	1663	1692	1
chrX	767	810	1
chrX	1424	1434	1
chrX	1298	1351	1
chrX	2973	3003	1
chrX	2213	2243	1
chrX	2353	2391	1
chrX	1376	1421	1
chrX	2665	2724	1
chrX	490	506	1
chrX	2112	2147	1
chrX	986	1060	1
chrX	1422	1438	1
chrX	1738	1826	1
chrX	1826	1897	1
chrX	2054	2074	1
chrX	984	1059	1
chrX	2212	2243	1
chrX	2944	2972	1
chrX	2971	3002	1
chrX	53	76	1
chrX	1476	1507	1
chrX	3003	3038	1
chrX	2392	2456	1
chrX	311	339	1
chrX	405	436	1
chrX	983	1060	1
chrX	1438	1476	1
chrX	748	766	1
chrX	2819	2820	1
chrX	1060	1178	1
chrX	2052	2075	1
chrX	1739	1828	1
chrX	1553	1580	1
chrX	1580	1660	1
chrX	2392	2460	1
chrX	2302	2354	1
chrX	1827	1897	1
chrX	277	310	1
chrX	2794	2851	1
chrX	3003	3040	1
chrX	2456	2569	1
chrX	1582	1660	1
chrX	1693	1737	1
chrX	1353	1374	1
chrX	638	686	1
chrX	939	985	1
chrX	747	766	1
chrX	2213	2245	1
chrX	1476	1508	1
chrX	982	1061	1
chrX	1581	1591	1
chrX	2149	2175	1
chrX	2571	2587	1
chrX	3004	3040	1
chrX	1578	1588	1
chrX	2076	2111	1
chrX	1376	1390	1
chrX	1829	1895	1
chrX	2052	2070	1
chrX	2725	2792	1
chrX	811	826	1
chrX	1352	1374	1
chrX	1062	1104	1
chrX	1229	1296	1
chrX	2051	2069	1
chrX	1297	1351	1
chrX	903	939	1
chrX	2588	2616	1
chrX	2617	2664	1
chrX	1508	1551	1
chrX	2464	2570	1
chrX	1589	1590	1
chrX	2355	2391	1
chrX	1425	1434	1
chrX	1580	1661	1
chrX	1439	1476	1
chrX	1662	1691	1
chrX	53	77	1
chrX	2756	2792	1
chrX	2827	2943	1
chrX	2570	2588	2
chrX	1351	1375	2
chrX	2213	2244	2
chrX	1996	2051	2
chrX	257	276	2
chrX	505	549	2
chrX	2974	3002	2
chrX	201	232	2
chrX	1437	1475	2
chrX	1896	1995	2
chrX	1061	1177	2
chrX	233	256	2
chrX	873	902	2
chrX	3040	3106	2
chrX	1435	1436	2
chrX	2723	2793	2
chrX	2244	2301	2
chrX	827	872	2
chrX	2793	2824	2
chrX	2725	2755	2
chrX	747	767	2
chrX	489	506	2
chrX	687	747	2
chrX	3041	3106	2
chrX	1509	1552	2
chrX	2113	2147	2
chrX	2114	2148	2
chrX	1552	1579	2
chrX	2617	2665	2
chrX	174	200	2
chrX	2245	2301	2
chrX	550	616	2
chrX	2666	2724	2
chrX	687	746	2
chrX	1509	1551	2
chrX	2589	2616	2
chrX	1898	1996	2
chrX	2945	2973	2
chrX	3003	3039	2
chrX	549	616	3
chrX	507	548	3
chrX	1477	1508	3
chrX	768	809	3
chrX	174	199	3
chrX	2354	2391	3
chrX	1693	1738	3
chrX	2148	2174	3
chrX	276	309	3
chrX	257	275	3
chrX	234	256	3
chrX	639	686	3
chrX	437	488	3
chrX	2302	2353	3
chrX	310	339	3
chrX	79	173	3
chrX	1	52	3
chrX	1229	1297	3
chrX	340	405	3
chrX	200	233	3
chrX	1661	1692	3
chrX	872	902	3
chrX	810	827	3
chrX	1178	1228	3
chrX	828	871	3
chrX	903	938	4
chrX	2175	2212	4
chrX	406	436	4
chrX	617	638	4
