chr1	2996	3021	1
chr1	4201	4234	1
chr1	3695	3726	1
chr1	2081	2129	1
chr1	3365	3396	1
chr1	2887	2919	1
chr1	3528	3565	1
chr1	1209	1280	1
chr1	1259	1301	1
chr1	2005	2027	1
chr1	3337	3364	1
chr1	4894	4955	1
chr1	2996	3025	1
chr1	4757	4833	1
chr1	2963	2966	1
chr1	212	243	1
chr1	1147	1179	1
chr1	2891	2922	1
chr1	4061	4090	1
chr1	4401	4453	1
chr1	2087	2185	1
chr1	2883	2918	1
chr1	4037	4060	1
chr1	1409	1523	1
chr1	4403	4453	1
chr1	420	486	1
chr1	1835	1866	1
chr1	2997	3020	1
chr1	2354	2370	1
chr1	976	1016	1
chr1	1208	1266	1
chr1	2248	2309	1
chr1	4819	4892	1
chr1	1037	1074	1
chr1	629	657	1
chr1	1209	1258	1
chr1	2310	2370	1
chr1	2079	2130	1
chr1	975	1017	1
chr1	3501	3596	1
chr1	2959	2968	1
chr1	2079	2084	1
chr1	1716	1782	1
chr1	3267	3302	1
chr1	4670	4690	1
chr1	4454	4510	1
chr1	1112	1179	1
chr1	1636	1735	1
chr1	2883	2884	1
chr1	1586	1734	1
chr1	2967	2968	1
chr1	3026	3040	1
chr1	2997	3021	1
chr1	4024	4060	1
chr1	4088	4132	1
chr1	1075	1111	1
chr1	4369	4402	1
chr1	212	237	1
chr1	3501	3527	1
chr1	938	975	1
chr1	1948	1972	1
chr1	2877	2878	1
chr1	4128	4160	1
chr1	338	404	1
chr1	4459	4510	1
chr1	1735	1782	1
chr1	601	628	1
chr1	706	726	1
chr1	4011	4022	1
chr1	2342	2353	1
chr1	975	1016	1
chr1	3992	4023	1
chr1	2873	2878	1
chr1	2887	2922	1
chr1	4099	4132	1
chr1	404	420	1
chr1	1633	1687	1
chr1	1916	2004	1
chr1	3777	3809	1
chr1	1432	1523	1
chr1	3429	3495	1
chr1	811	834	1
chr1	1524	1585	1
chr1	4707	4725	1
chr1	3496	3559	1
chr1	1889	2003	1
chr1	1916	1972	1
chr1	238	256	1
chr1	38	160	1
chr1	1345	1431	1
chr1	3070	3103	1
chr1	2877	2884	1
chr1	2342	2370	1
chr1	4638	4669	1
chr1	706	725	1
chr1	4458	4509	1
chr1	418	448	1
chr1	1636	1715	1
chr1	4404	4457	1
chr1	4637	4668	1
chr1	2889	2890	1
chr1	835	872	1
chr1	1409	1514	1
chr1	317	337	1
chr1	1736	1782	1
chr1	1411	1523	1
chr1	4454	4511	1
chr1	4757	4811	1
chr1	4865	4893	1
chr1	4808	4864	1
chr1	338	417	1
chr1	3810	3947	1
chr1	449	472	1
chr1	726	739	1
chr1	244	316	1
chr1	405	486	1
chr1	3127	3200	1
chr1	1302	1344	1
chr1	3041	3070	1
chr1	4145	4160	1
chr1	3624	3657	1
chr1	1208	1280	1
chr1	1410	1523	1
chr1	4122	4160	1
chr1	2004	2039	1
chr1	2883	2886	1
chr1	658	679	1
chr1	4061	4127	1
chr1	1345	1409	1
chr1	2877	2882	1
chr1	4905	4954	1
chr1	2213	2228	1
chr1	832	872	1
chr1	238	255	1
chr1	1147	1183	1
chr1	2887	2888	1
chr1	4818	4892	1
chr1	1573	1632	1
chr1	441	472	1
chr1	811	831	1
chr1	2920	2952	1
chr1	420	440	1
chr1	1184	1207	1
chr1	4145	4163	1
chr1	3658	3694	1
chr1	2919	2922	1
chr1	2229	2247	1
chr1	4061	4119	1
chr1	4833	4904	1
chr1	4133	4163	1
chr1	4099	4133	1
chr1	4120	4163	1
chr1	1146	1179	1
chr1	4023	4036	1
chr1	4023	4087	1
chr1	4404	4458	1
chr1	194	237	1
chr1	3948	4022	1
chr1	1180	1207	1
chr1	727	739	1
chr1	3429	3500	1
chr1	1916	1947	1
chr1	4235	4266	1
chr1	4023	4060	1
chr1	421	448	1
chr1	3229	3266	1
chr1	4726	4833	1
chr1	4812	4893	1
chr1	1411	1514	1
chr1	3566	3596	1
chr1	2028	2039	1
chr1	256	317	1
chr1	3071	3103	1
chr1	4133	4160	1
chr1	4091	4121	1
chr1	3728	3776	1
chr1	4025	4060	1
chr1	161	193	1
chr1	4691	4706	1
chr1	4023	4098	1
chr1	1811	1834	1
chr1	4757	4807	1
chr1	1788	1810	1
chr1	2085	2086	1
chr1	4134	4160	1
chr1	680	705	1
chr1	1018	1036	1
chr1	3067	3103	1
chr1	4757	4832	1
chr1	2131	2185	1
chr1	4757	4818	1
chr1	3727	3810	1
chr1	3728	3809	1
chr1	1018	1047	1
chr1	1737	1787	1
chr1	257	317	1
chr1	2130	2184	1
chr1	1111	1145	1
chr1	4818	4893	1
chr1	759	787	2
chr1	1111	1146	2
chr1	3673	3694	2
chr1	4421	4453	2
chr1	1209	1266	2
chr1	4128	4144	2
chr1	4454	4493	2
chr1	3657	3672	2
chr1	2308	2341	2
chr1	4494	4511	2
chr1	4238	4266	2
chr1	1453	1523	2
chr1	4533	4553	2
chr1	1209	1295	2
chr1	3810	3948	2
chr1	938	974	2
chr1	1585	1634	2
chr1	3810	3848	2
chr1	4757	4817	2
chr1	4454	4509	2
chr1	537	562	2
chr1	1515	1584	2
chr1	3142	3162	2
chr1	2885	2886	2
chr1	3337	3362	2
chr1	2079	2184	2
chr1	473	487	2
chr1	513	536	2
chr1	1573	1634	2
chr1	3949	4022	2
chr1	4834	4984	2
chr1	2248	2310	2
chr1	4401	4420	2
chr1	4638	4668	2
chr1	487	512	2
chr1	1573	1635	2
chr1	4099	4127	2
chr1	3728	3810	2
chr1	4025	4043	2
chr1	1281	1306	2
chr1	2874	2952	2
chr1	3163	3182	2
chr1	1345	1410	2
chr1	537	563	2
chr1	1973	2004	2
chr1	4511	4532	2
chr1	1296	1344	2
chr1	2186	2212	2
chr1	2971	2996	2
chr1	3183	3200	2
chr1	4893	4954	2
chr1	3070	3086	2
chr1	4934	4955	2
chr1	1017	1047	2
chr1	2311	2370	2
chr1	740	789	2
chr1	3501	3559	2
chr1	972	1017	2
chr1	4201	4237	2
chr1	3597	3656	2
chr1	2874	2922	2
chr1	1407	1452	2
chr1	1345	1408	2
chr1	938	971	2
chr1	4894	4933	2
chr1	3363	3396	2
chr1	1345	1406	2
chr1	1307	1344	2
chr1	4404	4453	2
chr1	788	810	2
chr1	404	419	2
chr1	2879	2882	2
chr1	2248	2307	2
chr1	563	592	2
chr1	488	511	2
chr1	4554	4575	2
chr1	3849	3948	2
chr1	3022	3040	2
chr1	4044	4060	2
chr1	1	6	2
chr1	3127	3141	2
chr1	4161	4229	2
chr1	2955	2968	2
chr1	4161	4200	3
chr1	938	969	3
chr1	4576	4611	3
chr1	3695	3809	3
chr1	338	384	3
chr1	4669	4690	3
chr1	131	160	3
chr1	4612	4637	3
chr1	2309	2370	3
chr1	3455	3500	3
chr1	652	672	3
chr1	2248	2308	3
chr1	385	403	3
chr1	338	419	3
chr1	4061	4098	3
chr1	3560	3596	3
chr1	4201	4229	3
chr1	625	651	3
chr1	4011	4024	3
chr1	3501	3564	3
chr1	3430	3500	3
chr1	4369	4400	3
chr1	4510	4532	3
chr1	1267	1344	3
chr1	2873	2876	3
chr1	1048	1074	3
chr1	3397	3429	3
chr1	38	130	3
chr1	3565	3596	3
chr1	2081	2130	3
chr1	4512	4532	3
chr1	194	211	3
chr1	3067	3086	3
chr1	420	448	3
chr1	4956	4984	3
chr1	3041	3069	3
chr1	2131	2184	3
chr1	3429	3454	3
chr1	4164	4200	3
chr1	3811	3948	3
chr1	180	193	3
chr1	970	1017	3
chr1	1889	1915	3
chr1	4955	4984	3
chr1	904	937	4
chr1	922	937	4
chr1	1635	1687	4
chr1	487	511	4
chr1	904	921	4
chr1	2996	3020	4
chr1	180	211	4
chr1	3695	3727	4
chr1	3992	4010	4
chr1	759	789	4
chr1	4637	4690	4
chr1	4369	4403	4
chr1	2963	2968	4
chr1	3041	3066	4
chr1	1018	1046	4
chr1	1111	1179	4
chr1	122	160	4
chr1	38	121	4
chr1	1737	1782	4
chr1	2863	2872	4
chr1	1047	1074	4
chr1	2079	2080	4
chr1	2863	2873	4
chr1	449	486	4
chr1	625	672	4
chr1	537	545	4
chr1	546	563	4
chr1	1889	2004	4
chr1	3949	3991	5
chr1	3127	3143	5
chr1	2925	2952	5
chr1	2959	2962	5
chr1	1716	1736	5
chr1	1524	1572	5
chr1	212	246	5
chr1	4230	4266	5
chr1	2923	2924	5
chr1	3337	3363	5
chr1	3397	3428	5
chr1	3144	3200	5
chr1	4576	4636	5
chr1	3624	3656	5
chr1	3021	3040	5
chr1	247	317	5
chr1	1688	1715	5
chr1	3657	3694	5
chr1	3364	3396	5
chr1	3087	3103	5
chr1	1	2	6
chr1	3	6	6
chr1	564	592	6
chr1	3597	3623	6
chr1	2005	2039	6
chr1	831	872	6
chr1	740	758	6
chr1	4533	4575	6
chr1	790	810	6
chr1	2971	2995	6
chr1	2955	2958	6
chr1	811	830	6
chr1	2185	2212	6
chr1	512	536	6
chr1	1180	1208	6
chr1	706	739	6
chr1	3229	3256	7
chr1	1075	1110	7
chr1	4691	4725	7
chr1	673	705	7
chr1	1811	1866	7
chr1	161	179	7
chr1	3257	3302	7
chr1	4726	4756	7
chr1	1783	1810	7
chr1	2213	2247	7
chr1	601	624	7
chr1	318	337	7
chr1	2649	2650	8
chr1	2415	2430	8
chr1	2755	2756	8
chr1	2709	2710	8
chr1	2455	2456	8
chr1	2459	2460	8
chr1	2601	2602	8
chr1	2447	2448	8
chr1	2371	2414	8
chr1	2467	2468	8
chr1	2513	2514	8
chr1	2539	2540	8
chr1	2533	2534	8
chr1	2805	2806	8
chr1	2505	2506	8
chr1	2663	2664	8
chr1	2787	2788	8
chr1	2561	2562	8
chr1	2815	2816	8
chr1	2499	2500	8
chr1	2695	2696	8
chr1	2603	2604	8
chr1	2593	2594	8
chr1	2749	2750	8
chr1	2783	2784	8
chr1	2637	2638	8
chr1	2537	2538	8
chr1	2639	2640	8
chr1	2525	2526	8
chr1	2629	2630	8
chr1	2625	2626	8
chr1	599	600	8
chr1	2519	2520	8
chr1	2699	2700	8
chr1	2587	2588	8
chr1	2433	2434	8
chr1	2837	2838	8
chr1	2739	2740	8
chr1	2577	2578	8
chr1	2477	2478	8
chr1	2515	2516	8
chr1	2669	2670	8
chr1	2471	2472	8
chr1	2799	2800	8
chr1	2785	2786	8
chr1	2827	2828	8
chr1	2683	2684	8
chr1	2845	2846	8
chr1	2757	2758	8
chr1	2077	2078	8
chr1	2529	2530	8
chr1	2611	2612	8
chr1	2495	2496	8
chr1	2721	2722	8
chr1	2541	2542	8
chr1	2555	2556	8
chr1	2659	2660	8
chr1	2623	2624	8
chr1	2685	2686	8
chr1	2759	2760	8
chr1	2565	2566	8
chr1	2803	2804	8
chr1	2579	2580	8
chr1	2691	2692	8
chr1	2457	2458	8
chr1	2605	2606	8
chr1	2581	2582	8
chr1	2953	2954	8
chr1	2607	2608	8
chr1	2633	2634	8
chr1	2775	2776	8
chr1	2795	2796	8
chr1	2737	2738	8
chr1	2597	2598	8
chr1	2707	2708	8
chr1	2823	2824	8
chr1	2697	2698	8
chr1	2631	2632	8
chr1	2753	2754	8
chr1	4318	4368	8
chr1	2797	2798	8
chr1	2767	2768	8
chr1	2849	2850	8
chr1	2821	2822	8
chr1	2809	2810	8
chr1	2517	2518	8
chr1	2675	2676	8
chr1	2735	2736	8
chr1	2635	2636	8
chr1	2661	2662	8
chr1	2667	2668	8
chr1	2591	2592	8
chr1	2689	2690	8
chr1	2817	2818	8
chr1	2599	2600	8
chr1	2717	2718	8
chr1	2723	2724	8
chr1	2819	2820	8
chr1	2461	2462	8
chr1	2583	2584	8
chr1	2621	2622	8
chr1	2569	2570	8
chr1	2531	2532	8
chr1	2825	2826	8
chr1	2543	2544	8
chr1	2771	2772	8
chr1	2713	2714	8
chr1	9	10	8
chr1	2673	2674	8
chr1	2573	2574	8
chr1	2619	2620	8
chr1	2507	2508	8
chr1	2501	2502	8
chr1	2523	2524	8
chr1	2731	2732	8
chr1	2575	2576	8
chr1	2651	2652	8
chr1	2493	2494	8
chr1	2615	2616	8
chr1	2701	2702	8
chr1	2751	2752	8
chr1	2705	2706	8
chr1	3201	3228	8
chr1	2485	2486	8
chr1	2703	2704	8
chr1	11	37	8
chr1	2745	2746	8
chr1	2765	2766	8
chr1	2733	2734	8
chr1	2443	2444	8
chr1	2643	2644	8
chr1	3303	3336	8
chr1	2613	2614	8
chr1	2811	2812	8
chr1	2725	2726	8
chr1	2491	2492	8
chr1	2040	2076	8
chr1	2559	2560	8
chr1	2665	2666	8
chr1	7	8	8
chr1	2627	2628	8
chr1	2439	2440	8
chr1	2545	2546	8
chr1	2481	2482	8
chr1	2489	2490	8
chr1	2781	2782	8
chr1	2679	2680	8
chr1	2483	2484	8
chr1	2833	2834	8
chr1	2861	2862	8
chr1	2431	2432	8
chr1	2773	2774	8
chr1	2727	2728	8
chr1	2435	2436	8
chr1	2557	2558	8
chr1	2589	2590	8
chr1	2463	2464	8
chr1	2711	2712	8
chr1	2835	2836	8
chr1	2653	2654	8
chr1	2453	2454	8
chr1	2641	2642	8
chr1	1867	1888	8
chr1	2715	2716	8
chr1	2681	2682	8
chr1	2617	2618	8
chr1	2551	2552	8
chr1	2743	2744	8
chr1	2763	2764	8
chr1	2789	2790	8
chr1	2503	2504	8
chr1	2553	2554	8
chr1	2831	2832	8
chr1	2547	2548	8
chr1	2969	2970	8
chr1	2571	2572	8
chr1	2801	2802	8
chr1	3104	3126	8
chr1	2761	2762	8
chr1	2449	2450	8
chr1	4267	4317	8
chr1	2535	2536	8
chr1	2747	2748	8
chr1	2595	2596	8
chr1	2487	2488	8
chr1	2563	2564	8
chr1	2841	2842	8
chr1	2793	2794	8
chr1	2479	2480	8
chr1	2451	2452	8
chr1	2777	2778	8
chr1	2567	2568	8
chr1	2655	2656	8
chr1	2779	2780	8
chr1	2497	2498	8
chr1	2469	2470	8
chr1	2843	2844	8
chr1	2441	2442	8
chr1	2437	2438	8
chr1	2741	2742	8
chr1	2847	2848	8
chr1	2807	2808	8
chr1	873	903	8
chr1	2791	2792	8
chr1	2677	2678	8
chr1	593	598	8
chr1	2769	2770	8
chr1	2549	2550	8
chr1	2475	2476	8
chr1	2445	2446	8
chr1	2851	2860	8
chr1	2585	2586	8
chr1	2473	2474	8
chr1	2645	2646	8
chr1	2671	2672	8
chr1	2729	2730	8
chr1	2693	2694	8
chr1	2509	2510	8
chr1	2687	2688	8
chr1	2657	2658	8
chr1	2839	2840	8
chr1	2813	2814	8
chr1	2465	2466	8
chr1	2647	2648	8
chr1	2521	2522	8
chr1	2511	2512	8
chr1	2609	2610	8
chr1	2829	2830	8
chr1	2719	2720	8
chr1	2527	2528	8
chr10	520	578	1
chr10	884	913	1
chr10	669	707	1
chr10	1089	1146	1
chr10	1206	1251	1
chr10	338	379	1
chr10	1812	1830	1
chr10	1404	1420	1
chr10	930	935	1
chr10	1403	1424	1
chr10	1198	1251	1
chr10	1718	1768	1
chr10	2435	2490	1
chr10	1421	1472	1
chr10	2056	2078	1
chr10	2270	2308	1
chr10	1053	1088	1
chr10	2481	2523	1
chr10	1579	1642	1
chr10	531	578	1
chr10	1769	1830	1
chr10	98	187	1
chr10	2380	2405	1
chr10	350	380	1
chr10	579	596	1
chr10	1082	1148	1
chr10	964	987	1
chr10	2435	2480	1
chr10	1036	1051	1
chr10	984	1022	1
chr10	469	519	1
chr10	98	114	1
chr10	1831	1887	1
chr10	1052	1197	1
chr10	1436	1472	1
chr10	656	707	1
chr10	1035	1054	1
chr10	982	983	1
chr10	1024	1025	1
chr10	115	236	1
chr10	1392	1403	1
chr10	1579	1641	1
chr10	2369	2405	1
chr10	2	23	1
chr10	1593	1620	1
chr10	188	237	1
chr10	1791	1815	1
chr10	1894	1927	1
chr10	63	114	1
chr10	984	1023	1
chr10	1426	1482	1
chr10	1055	1081	1
chr10	130	157	1
chr10	1035	1053	1
chr10	1816	1887	1
chr10	1821	1893	1
chr10	1473	1511	1
chr10	264	305	1
chr10	1021	1051	1
chr10	2233	2308	1
chr10	110	187	1
chr10	914	929	1
chr10	24	63	1
chr10	237	263	1
chr10	2	24	1
chr10	1894	1962	1
chr10	554	578	1
chr10	1791	1807	1
chr10	1907	1937	1
chr10	2491	2523	1
chr10	577	596	1
chr10	883	914	1
chr10	1421	1437	1
chr10	966	979	1
chr10	25	63	1
chr10	964	965	1
chr10	306	349	1
chr10	2233	2256	1
chr10	619	668	1
chr10	1026	1034	1
chr10	1541	1641	1
chr10	63	109	1
chr10	962	986	1
chr10	1250	1283	1
chr10	1252	1283	1
chr10	1888	1962	1
chr10	554	576	1
chr10	264	309	1
chr10	988	1053	1
chr10	1199	1251	1
chr10	1512	1541	1
chr10	1579	1592	1
chr10	881	908	1
chr10	1769	1820	1
chr10	1392	1420	1
chr10	1542	1578	1
chr10	469	530	1
chr10	65	263	1
chr10	884	914	1
chr10	2167	2232	1
chr10	1875	1887	1
chr10	1392	1435	1
chr10	1205	1250	1
chr10	1088	1148	1
chr10	980	983	1
chr10	964	981	1
chr10	1149	1205	1
chr10	1808	1830	1
chr10	115	129	1
chr10	1138	1198	1
chr10	2029	2055	1
chr10	1888	1927	1
chr10	306	337	1
chr10	1054	1198	1
chr10	1769	1815	1
chr10	1816	1874	1
chr10	1199	1249	1
chr10	1579	1620	1
chr10	2233	2269	1
chr10	1438	1482	1
chr10	1092	1137	1
chr10	1888	1906	1
chr10	2380	2406	1
chr10	1149	1204	1
chr10	238	264	1
chr10	1438	1473	1
chr10	1403	1425	1
chr10	98	157	1
chr10	987	1020	1
chr10	306	380	1
chr10	1791	1811	1
chr10	2234	2256	1
chr10	2	64	1
chr10	1425	1472	1
chr10	1052	1198	1
chr10	1088	1146	1
chr10	1035	1052	1
chr10	1054	1091	1
chr10	1023	1035	1
chr10	848	880	1
chr10	958	963	2
chr10	2079	2107	2
chr10	265	309	2
chr10	930	933	2
chr10	1792	1830	2
chr10	656	785	2
chr10	2492	2523	2
chr10	158	236	2
chr10	115	157	2
chr10	532	618	2
chr10	1719	1768	2
chr10	2492	2551	2
chr10	984	987	2
chr10	915	929	2
chr10	532	554	2
chr10	1483	1511	2
chr10	884	908	2
chr10	2435	2488	2
chr10	938	1051	2
chr10	1313	1402	2
chr10	2368	2406	2
chr10	306	379	2
chr10	988	1023	2
chr10	2257	2308	2
chr10	1500	1518	2
chr10	1024	1034	2
chr10	1512	1540	2
chr10	381	423	2
chr10	964	983	2
chr10	1875	1893	2
chr10	2	62	2
chr10	1147	1198	2
chr10	532	553	2
chr10	1519	1540	2
chr10	2168	2232	2
chr10	883	908	2
chr10	158	187	2
chr10	1252	1312	2
chr10	2168	2233	2
chr10	1473	1499	2
chr10	2339	2379	2
chr10	2406	2434	2
chr10	1928	1962	2
chr10	1854	1874	2
chr10	2489	2523	2
chr10	579	618	2
chr10	64	114	2
chr10	1052	1087	2
chr10	1438	1453	2
chr10	1454	1473	2
chr10	2309	2367	2
chr10	1764	1791	2
chr10	1642	1718	2
chr10	555	596	2
chr10	1854	1893	2
chr10	962	963	3
chr10	1415	1437	3
chr10	2029	2056	3
chr10	2090	2107	3
chr10	1597	1620	3
chr10	1579	1596	3
chr10	1392	1414	3
chr10	2089	2107	3
chr10	188	236	3
chr10	1511	1540	3
chr10	64	97	3
chr10	2079	2089	3
chr10	2167	2233	3
chr10	2369	2406	3
chr10	2	63	3
chr10	1199	1250	3
chr10	848	882	3
chr10	1894	1937	3
chr10	1764	1790	3
chr10	1474	1510	3
chr10	2057	2088	3
chr10	619	655	3
chr10	310	379	3
chr10	1991	2028	4
chr10	597	619	4
chr10	1251	1283	4
chr10	670	707	4
chr10	2435	2491	4
chr10	1938	1962	4
chr10	2339	2368	4
chr10	2057	2078	4
chr10	265	305	4
chr10	2031	2056	4
chr10	2124	2166	4
chr10	2234	2308	4
chr10	2124	2167	4
chr10	958	961	4
chr10	1991	2030	4
chr10	644	669	4
chr10	848	883	4
chr10	620	643	4
chr10	1831	1853	4
chr10	909	929	5
chr10	930	931	5
chr10	1718	1763	5
chr10	1621	1642	5
chr10	932	933	5
chr10	237	264	5
chr10	1284	1312	6
chr10	2309	2338	6
chr10	938	957	6
chr10	1541	1578	6
chr10	469	531	6
chr10	1313	1391	6
chr10	380	423	6
chr10	708	785	6
chr10	1643	1717	6
chr10	2524	2551	6
chr10	2407	2434	6
chr10	934	935	7
chr10	804	805	8
chr10	810	811	8
chr10	792	793	8
chr10	846	847	8
chr10	806	807	8
chr10	1963	1990	8
chr10	788	789	8
chr10	832	833	8
chr10	812	813	8
chr10	2576	2711	8
chr10	834	835	8
chr10	800	801	8
chr10	826	827	8
chr10	936	937	8
chr10	840	841	8
chr10	2108	2123	8
chr10	818	819	8
chr10	820	821	8
chr10	822	823	8
chr10	802	803	8
chr10	2574	2575	8
chr10	808	809	8
chr10	794	795	8
chr10	828	829	8
chr10	786	787	8
chr10	836	837	8
chr10	790	791	8
chr10	816	817	8
chr10	424	468	8
chr10	830	831	8
chr10	844	845	8
chr10	796	797	8
chr10	842	843	8
chr10	814	815	8
chr10	824	825	8
chr10	838	839	8
chr10	798	799	8
chr10	2552	2573	8
chr11	1869	1894	1
chr11	1503	1525	1
chr11	737	881	1
chr11	161	196	1
chr11	692	736	1
chr11	1021	1022	1
chr11	1449	1472	1
chr11	2053	2153	1
chr11	1353	1448	1
chr11	1225	1238	1
chr11	1530	1566	1
chr11	1023	1032	1
chr11	1647	1776	1
chr11	647	691	1
chr11	2116	2152	1
chr11	917	944	1
chr11	648	691	1
chr11	1351	1367	1
chr11	2060	2115	1
chr11	197	270	1
chr11	18	83	1
chr11	2471	2490	1
chr11	692	710	1
chr11	137	163	1
chr11	623	647	1
chr11	1531	1566	1
chr11	2059	2116	1
chr11	1190	1224	1
chr11	1526	1547	1
chr11	2177	2194	1
chr11	2177	2228	1
chr11	1444	1473	1
chr11	882	917	1
chr11	1239	1253	1
chr11	1292	1322	1
chr11	2154	2228	1
chr11	84	163	1
chr11	1254	1271	1
chr11	1344	1366	1
chr11	1503	1530	1
chr11	1449	1479	1
chr11	647	878	1
chr11	1732	1776	1
chr11	84	136	1
chr11	1503	1566	1
chr11	647	736	1
chr11	1647	1732	1
chr11	1929	2152	1
chr11	1307	1321	1
chr11	918	944	1
chr11	1733	1775	1
chr11	2195	2228	1
chr11	2060	2152	1
chr11	1367	1390	1
chr11	1550	1926	1
chr11	1322	1366	1
chr11	1503	1549	1
chr11	1647	1731	1
chr11	1530	1547	1
chr11	1776	1868	1
chr11	1929	2052	1
chr11	217	270	1
chr11	2450	2470	1
chr11	622	647	1
chr11	1473	1502	1
chr11	622	657	1
chr11	648	736	1
chr11	1929	2058	1
chr11	217	335	1
chr11	2431	2458	1
chr11	1272	1291	1
chr11	2431	2449	1
chr11	161	216	1
chr11	2474	2490	1
chr11	1322	1343	1
chr11	692	878	1
chr11	1391	1430	1
chr11	75	160	1
chr11	1929	2038	1
chr11	1322	1352	1
chr11	84	160	1
chr11	879	916	1
chr11	2459	2473	1
chr11	711	736	1
chr11	2039	2152	1
chr11	1323	1350	1
chr11	248	305	1
chr11	1367	1430	1
chr11	1187	1210	1
chr11	1444	1479	1
chr11	552	646	1
chr11	197	216	2
chr11	2558	2577	2
chr11	1292	1321	2
chr11	2578	2594	2
chr11	2491	2523	2
chr11	692	711	2
chr11	1353	1443	2
chr11	2370	2385	2
chr11	2617	2698	2
chr11	2333	2385	2
chr11	164	180	2
chr11	1649	1685	2
chr11	1503	1528	2
chr11	336	381	2
chr11	2370	2384	2
chr11	2524	2557	2
chr11	75	163	2
chr11	1347	1367	2
chr11	2595	2616	2
chr11	1503	1529	2
chr11	164	216	2
chr11	945	964	2
chr11	1733	1776	2
chr11	164	196	2
chr11	1323	1352	2
chr11	136	163	2
chr11	270	305	2
chr11	2060	2116	2
chr11	197	269	2
chr11	380	413	2
chr11	1626	1648	2
chr11	248	270	2
chr11	1292	1306	2
chr11	1323	1346	2
chr11	1186	1209	2
chr11	2153	2176	2
chr11	712	736	2
chr11	1187	1224	2
chr11	1686	1706	2
chr11	271	335	2
chr11	1529	1547	2
chr11	1480	1502	2
chr11	623	657	2
chr11	1626	1776	2
chr11	181	196	2
chr11	271	305	2
chr11	1707	1732	2
chr11	1190	1210	2
chr11	589	621	2
chr11	2385	2404	2
chr11	353	379	2
chr11	1142	1185	2
chr11	336	352	2
chr11	2153	2228	2
chr11	2405	2430	2
chr11	1210	1224	2
chr11	84	135	2
chr11	2229	2698	2
chr11	382	646	2
chr11	1211	1224	3
chr11	964	1016	3
chr11	1095	1141	3
chr11	1777	1894	3
chr11	1291	1306	3
chr11	1567	1646	3
chr11	1142	1189	3
chr11	1368	1430	3
chr11	1254	1290	3
chr11	2178	2228	3
chr11	589	622	3
chr11	658	691	3
chr11	1777	1926	3
chr11	1093	1094	3
chr11	2153	2177	3
chr11	18	74	3
chr11	1142	1186	3
chr11	918	964	3
chr11	217	247	3
chr11	918	963	3
chr11	2117	2152	3
chr11	74	83	4
chr11	2345	2369	4
chr11	1254	1291	4
chr11	1895	1926	4
chr11	379	413	4
chr11	1548	1566	4
chr11	2386	2698	4
chr11	2333	2344	4
chr11	1307	1322	4
chr11	18	73	4
chr11	1567	1625	4
chr11	336	378	4
chr11	1929	2059	4
chr11	1449	1473	4
chr11	737	878	5
chr11	306	335	5
chr11	552	588	5
chr11	1474	1502	5
chr11	1431	1448	5
chr11	1093	1141	5
chr11	965	1016	5
chr11	2291	2332	6
chr11	2229	2290	6
chr11	414	551	6
chr11	879	917	6
chr11	1225	1253	7
chr11	1021	1032	7
chr11	1927	1928	8
chr11	1059	1060	8
chr11	1079	1080	8
chr11	1055	1056	8
chr11	1053	1054	8
chr11	1047	1048	8
chr11	1041	1042	8
chr11	1037	1038	8
chr11	1033	1034	8
chr11	1019	1020	8
chr11	1049	1050	8
chr11	1045	1046	8
chr11	1081	1082	8
chr11	1077	1078	8
chr11	1087	1088	8
chr11	1051	1052	8
chr11	1085	1086	8
chr11	1061	1062	8
chr11	1035	1036	8
chr11	1073	1074	8
chr11	1017	1018	8
chr11	1069	1070	8
chr11	1067	1068	8
chr11	3	17	8
chr11	1043	1044	8
chr11	1057	1058	8
chr11	1089	1090	8
chr11	1065	1066	8
chr11	1091	1092	8
chr11	1063	1064	8
chr11	1083	1084	8
chr11	1039	1040	8
chr11	1071	1072	8
chr11	1075	1076	8
chr12	1891	1909	1
chr12	910	962	1
chr12	189	259	1
chr12	2486	2512	1
chr12	173	188	1
chr12	758	910	1
chr12	1269	1296	1
chr12	2151	2205	1
chr12	2	38	1
chr12	2354	2411	1
chr12	1347	1368	1
chr12	1193	1252	1
chr12	1348	1385	1
chr12	2085	2113	1
chr12	911	928	1
chr12	1122	1141	1
chr12	2416	2445	1
chr12	2513	2625	1
chr12	366	428	1
chr12	1940	1988	1
chr12	1637	1699	1
chr12	173	260	1
chr12	1978	2035	1
chr12	2112	2134	1
chr12	1297	1345	1
chr12	1194	1252	1
chr12	1122	1142	1
chr12	208	233	1
chr12	795	982	1
chr12	2135	2161	1
chr12	365	427	1
chr12	795	927	1
chr12	1700	1728	1
chr12	877	910	1
chr12	1978	2004	1
chr12	1349	1385	1
chr12	1770	1831	1
chr12	795	816	1
chr12	1079	1099	1
chr12	1270	1296	1
chr12	1832	1863	1
chr12	458	551	1
chr12	234	258	1
chr12	1864	1909	1
chr12	1297	1347	1
chr12	1253	1269	1
chr12	1978	2007	1
chr12	2626	2671	1
chr12	1142	1163	1
chr12	928	961	1
chr12	1143	1167	1
chr12	1346	1368	1
chr12	189	207	1
chr12	169	188	1
chr12	1989	2035	1
chr12	1404	1447	1
chr12	324	365	1
chr12	929	961	1
chr12	1253	1268	1
chr12	2227	2236	1
chr12	288	323	1
chr12	1386	1403	1
chr12	525	551	1
chr12	189	206	1
chr12	1069	1078	1
chr12	259	287	1
chr12	1729	1768	1
chr12	174	260	1
chr12	207	233	1
chr12	817	876	1
chr12	2237	2259	1
chr12	2114	2150	1
chr12	2209	2226	1
chr12	39	128	1
chr12	1769	1827	1
chr12	129	172	1
chr12	458	524	1
chr12	458	557	1
chr12	911	961	1
chr12	2084	2112	1
chr12	2113	2161	1
chr12	148	172	1
chr12	795	909	1
chr12	1297	1349	1
chr12	174	233	1
chr12	2237	2258	1
chr12	2206	2236	1
chr12	1123	1167	1
chr12	2085	2111	1
chr12	2005	2035	1
chr12	758	982	1
chr12	1164	1192	1
chr12	1878	1890	1
chr12	2066	2083	1
chr12	1297	1348	1
chr12	1864	1877	1
chr12	1770	1827	1
chr12	1350	1447	1
chr12	1769	1834	1
chr12	2192	2208	1
chr12	129	188	1
chr12	2008	2035	1
chr12	2162	2191	1
chr12	323	364	1
chr12	429	557	1
chr12	1164	1193	1
chr12	148	168	1
chr12	2066	2084	1
chr12	1835	1863	1
chr12	2085	2116	2
chr12	985	1005	2
chr12	458	511	2
chr12	758	774	2
chr12	983	1005	2
chr12	758	794	2
chr12	2036	2065	2
chr12	2416	2434	2
chr12	1369	1385	2
chr12	1143	1163	2
chr12	148	189	2
chr12	1100	1121	2
chr12	1448	1514	2
chr12	1828	1863	2
chr12	2206	2227	2
chr12	148	173	2
chr12	261	699	2
chr12	1706	1768	2
chr12	1123	1142	2
chr12	1706	1769	2
chr12	538	551	2
chr12	1168	1296	2
chr12	1910	1939	2
chr12	2448	2485	2
chr12	2435	2447	2
chr12	758	927	2
chr12	512	537	2
chr12	928	962	2
chr12	775	794	2
chr12	190	233	2
chr12	2162	2205	2
chr12	1515	1567	2
chr12	558	628	2
chr12	2403	2415	3
chr12	1123	1163	3
chr12	100	128	3
chr12	2084	2116	3
chr12	1347	1385	3
chr12	1447	1501	3
chr12	1637	1709	3
chr12	2036	2084	3
chr12	2	10	3
chr12	1386	1446	3
chr12	2354	2402	3
chr12	1386	1447	3
chr12	2228	2259	3
chr12	2228	2258	3
chr12	963	984	3
chr12	36	79	3
chr12	2036	2083	3
chr12	2511	2671	3
chr12	11	35	3
chr12	962	984	3
chr12	1568	1636	3
chr12	1448	1501	3
chr12	80	99	3
chr12	2486	2510	3
chr12	1710	1768	3
chr12	1940	1977	3
chr12	2486	2511	4
chr12	2279	2328	4
chr12	1836	1863	4
chr12	985	1007	4
chr12	2512	2625	4
chr12	2260	2411	4
chr12	1979	2035	4
chr12	2652	2671	4
chr12	1008	1036	4
chr12	2329	2353	4
chr12	234	259	4
chr12	1297	1346	4
chr12	552	584	4
chr12	36	128	4
chr12	2162	2206	4
chr12	2207	2227	4
chr12	1164	1296	4
chr12	1940	1978	4
chr12	2	35	4
chr12	323	365	4
chr12	2626	2651	4
chr12	2259	2278	4
chr12	1769	1835	4
chr12	1637	1705	4
chr12	1006	1036	4
chr12	366	427	4
chr12	585	628	4
chr12	1568	1596	5
chr12	260	287	5
chr12	428	457	5
chr12	1597	1636	5
chr12	2117	2161	5
chr12	2412	2445	5
chr12	288	322	5
chr12	1864	1939	6
chr12	129	147	6
chr12	629	658	6
chr12	2446	2485	6
chr12	1502	1567	6
chr12	659	699	6
chr12	1100	1122	6
chr12	1069	1083	7
chr12	1084	1099	7
chr12	1037	1068	8
chr12	756	757	8
chr12	736	737	8
chr12	742	743	8
chr12	744	745	8
chr12	724	725	8
chr12	734	735	8
chr12	732	733	8
chr12	712	713	8
chr12	750	751	8
chr12	700	701	8
chr12	2672	2673	8
chr12	718	719	8
chr12	702	703	8
chr12	752	753	8
chr12	738	739	8
chr12	740	741	8
chr12	720	721	8
chr12	748	749	8
chr12	728	729	8
chr12	706	707	8
chr12	746	747	8
chr12	704	705	8
chr12	726	727	8
chr12	710	711	8
chr12	2674	2677	8
chr12	708	709	8
chr12	754	755	8
chr12	716	717	8
chr12	730	731	8
chr12	714	715	8
chr12	722	723	8
chr13	1064	1162	1
chr13	1708	1736	1
chr13	730	753	1
chr13	1163	1198	1
chr13	890	912	1
chr13	1063	1248	1
chr13	754	791	1
chr13	1662	1707	1
chr13	1850	1902	1
chr13	551	571	1
chr13	1991	2035	1
chr13	572	588	1
chr13	992	1062	1
chr13	1035	1057	1
chr13	1249	1359	1
chr13	1076	1163	1
chr13	1850	1901	1
chr13	2223	2248	1
chr13	520	600	1
chr13	992	1034	1
chr13	1995	2027	1
chr13	1301	1358	1
chr13	1005	1034	1
chr13	1361	1423	1
chr13	1934	1990	1
chr13	690	729	1
chr13	731	804	1
chr13	2178	2222	1
chr13	805	830	1
chr13	1076	1162	1
chr13	1250	1358	1
chr13	991	1034	1
chr13	1301	1359	1
chr13	1604	1633	1
chr13	1954	1994	1
chr13	2036	2064	1
chr13	1633	1661	1
chr13	2071	2176	1
chr13	1164	1198	1
chr13	1035	1075	1
chr13	1634	1736	1
chr13	1063	1247	1
chr13	1604	1632	1
chr13	1552	1604	1
chr13	1073	1249	1
chr13	792	805	1
chr13	2177	2217	1
chr13	551	588	1
chr13	1058	1075	1
chr13	2192	2217	1
chr13	1248	1359	1
chr13	2157	2177	1
chr13	1063	1162	1
chr13	1605	1736	1
chr13	1163	1221	1
chr13	913	947	1
chr13	1035	1072	1
chr13	1064	1163	1
chr13	948	990	1
chr13	1903	1933	1
chr13	2157	2191	1
chr13	948	1004	1
chr13	1164	1251	1
chr13	1954	2027	1
chr13	1252	1360	1
chr13	1163	1251	1
chr13	1035	1063	2
chr13	1518	1552	2
chr13	2157	2217	2
chr13	2251	2302	2
chr13	1467	1517	2
chr13	948	972	2
chr13	1252	1300	2
chr13	1252	1359	2
chr13	1553	1603	2
chr13	1359	1423	2
chr13	971	988	2
chr13	948	970	2
chr13	989	1009	2
chr13	589	600	2
chr13	1954	2064	2
chr13	973	1009	2
chr13	948	991	2
chr13	1850	1953	2
chr13	1035	1062	2
chr13	1199	1221	2
chr13	730	805	3
chr13	1467	1551	3
chr13	1222	1251	3
chr13	1466	1517	3
chr13	2157	2248	3
chr13	1518	1551	3
chr13	731	805	3
chr13	1954	1990	3
chr13	858	918	3
chr13	1991	2027	3
chr13	1424	1465	3
chr13	2065	2156	3
chr13	636	729	3
chr13	1010	1034	4
chr13	1739	1848	4
chr13	690	730	4
chr13	1849	1901	4
chr13	2071	2156	4
chr13	890	918	4
chr13	1739	1849	4
chr13	2218	2248	4
chr13	1604	1736	5
chr13	551	600	5
chr13	1552	1603	5
chr13	1934	1953	5
chr13	1424	1466	5
chr13	1360	1423	5
chr13	858	889	5
chr13	649	689	5
chr13	636	648	5
chr13	1902	1933	5
chr13	2028	2070	5
chr13	2264	2302	6
chr13	2251	2263	6
chr13	806	830	7
chr13	919	947	7
chr13	520	550	7
chr13	601	635	8
chr13	2249	2250	8
chr13	444	478	8
chr13	381	404	8
chr13	405	443	8
chr13	1737	1738	8
chr13	831	857	8
chr13	479	519	8
chr14	1524	1543	1
chr14	1302	1336	1
chr14	2044	2078	1
chr14	1336	1357	1
chr14	2044	2056	1
chr14	1567	1825	1
chr14	1028	1052	1
chr14	1028	1099	1
chr14	1200	1221	1
chr14	469	499	1
chr14	1077	1098	1
chr14	1588	1641	1
chr14	1174	1199	1
chr14	2079	2104	1
chr14	621	660	1
chr14	1642	1778	1
chr14	1393	1430	1
chr14	1114	1173	1
chr14	1310	1336	1
chr14	442	471	1
chr14	1303	1336	1
chr14	1098	1113	1
chr14	1941	1999	1
chr14	1544	1566	1
chr14	1174	1201	1
chr14	1940	1999	1
chr14	1277	1301	1
chr14	1056	1098	1
chr14	754	916	1
chr14	416	441	1
chr14	1028	1050	1
chr14	1077	1097	1
chr14	1277	1302	1
chr14	1567	1640	1
chr14	2057	2080	1
chr14	416	433	1
chr14	500	583	1
chr14	1779	1825	1
chr14	1788	1826	1
chr14	727	753	1
chr14	2081	2104	1
chr14	1053	1076	1
chr14	1277	1309	1
chr14	1051	1076	1
chr14	1100	1173	1
chr14	434	451	1
chr14	1028	1055	1
chr14	1642	1939	1
chr14	1202	1247	1
chr14	1366	1392	1
chr14	1642	1789	1
chr14	443	468	1
chr14	1222	1247	1
chr14	1641	1787	1
chr14	1337	1357	2
chr14	1826	1866	2
chr14	621	638	2
chr14	639	660	2
chr14	1301	1336	2
chr14	1336	1365	2
chr14	2044	2057	2
chr14	1827	1866	2
chr14	1546	1566	2
chr14	2000	2017	2
chr14	433	451	2
chr14	1201	1247	2
chr14	1567	1641	2
chr14	1524	1545	2
chr14	416	432	2
chr14	500	514	2
chr14	1524	1566	2
chr14	2058	2079	2
chr14	515	583	2
chr14	1641	1789	3
chr14	443	471	3
chr14	1367	1387	3
chr14	2080	2104	3
chr14	1301	1335	3
chr14	1588	1640	3
chr14	1337	1365	3
chr14	1827	1840	3
chr14	1358	1366	3
chr14	1547	1566	3
chr14	2108	2146	3
chr14	661	700	3
chr14	1841	1866	3
chr14	2080	2107	3
chr14	584	620	3
chr14	452	471	3
chr14	1524	1546	3
chr14	2044	2079	4
chr14	1492	1506	4
chr14	1366	1387	4
chr14	1567	1587	4
chr14	1507	1523	4
chr14	1028	1098	4
chr14	1248	1276	4
chr14	416	442	4
chr14	1809	1826	4
chr14	1492	1523	4
chr14	1790	1808	4
chr14	1201	1276	4
chr14	1277	1300	5
chr14	2105	2146	5
chr14	500	620	5
chr14	621	700	5
chr14	1999	2017	6
chr14	1941	1998	6
chr14	1099	1173	6
chr14	1174	1200	6
chr14	1388	1430	7
chr14	472	499	7
chr14	727	916	7
chr14	1867	1901	7
chr14	1902	1940	7
chr14	2018	2043	8
chr14	1470	1491	8
chr14	1431	1469	8
chr14	381	415	8
chr14	701	726	8
chr14	1002	1027	8
chr14	917	1001	8
chr15	1460	1484	1
chr15	1728	1788	1
chr15	453	474	1
chr15	659	705	1
chr15	1035	1061	1
chr15	1729	1788	1
chr15	1373	1484	1
chr15	1832	1871	1
chr15	816	835	1
chr15	1814	1831	1
chr15	707	774	1
chr15	1832	1872	1
chr15	1373	1485	1
chr15	1729	1780	1
chr15	1117	1168	1
chr15	1036	1061	1
chr15	1715	1728	1
chr15	1900	2007	1
chr15	1395	1422	1
chr15	973	1034	1
chr15	1614	1654	1
chr15	1833	1901	1
chr15	1485	1505	1
chr15	1372	1394	1
chr15	973	1035	1
chr15	973	1012	1
chr15	1422	1450	1
chr15	1013	1029	1
chr15	1994	2009	1
chr15	1781	1796	1
chr15	1806	1831	1
chr15	609	705	1
chr15	1506	1525	1
chr15	1789	1805	1
chr15	437	608	1
chr15	1423	1459	1
chr15	775	801	1
chr15	1797	1813	1
chr15	1026	1042	1
chr15	1030	1061	1
chr15	1584	1613	1
chr15	1789	1813	1
chr15	1781	1803	1
chr15	1814	1832	1
chr15	1657	1728	1
chr15	1657	1701	1
chr15	1396	1421	1
chr15	1486	1525	1
chr15	973	1042	1
chr15	1903	1980	1
chr15	1872	1902	1
chr15	1423	1484	1
chr15	1781	1831	1
chr15	1169	1200	1
chr15	1900	1993	1
chr15	1702	1714	1
chr15	1873	2007	1
chr15	802	815	1
chr15	1902	1980	1
chr15	1804	1831	1
chr15	1423	1485	1
chr15	1026	1061	1
chr15	475	567	1
chr15	707	765	2
chr15	1083	1115	2
chr15	973	1036	2
chr15	1423	1450	2
chr15	1062	1116	2
chr15	2008	2050	2
chr15	836	882	2
chr15	1082	1116	2
chr15	1170	1200	2
chr15	909	919	2
chr15	1659	1727	2
chr15	1043	1061	2
chr15	1083	1116	2
chr15	1116	1135	2
chr15	1657	1658	2
chr15	1136	1157	2
chr15	1338	1372	2
chr15	1158	1170	2
chr15	1592	1654	2
chr15	973	1025	2
chr15	1485	1524	2
chr15	1565	1591	2
chr15	437	472	2
chr15	1526	1564	2
chr15	883	919	2
chr15	1037	1061	2
chr15	1565	1654	2
chr15	882	908	2
chr15	1117	1169	2
chr15	1062	1081	2
chr15	1117	1170	3
chr15	1805	1831	3
chr15	1584	1614	3
chr15	687	705	3
chr15	1451	1485	3
chr15	1781	1804	3
chr15	687	706	3
chr15	1900	1980	3
chr15	1615	1654	3
chr15	882	907	4
chr15	1396	1422	4
chr15	908	919	4
chr15	453	472	4
chr15	1565	1583	4
chr15	1062	1082	4
chr15	1486	1524	4
chr15	1657	1727	4
chr15	437	452	5
chr15	1728	1780	5
chr15	1832	1899	5
chr15	1171	1200	5
chr15	1981	2009	5
chr15	1372	1395	5
chr15	706	765	5
chr15	659	686	6
chr15	473	567	6
chr15	1525	1564	6
chr15	2010	2050	6
chr15	1338	1371	6
chr15	836	881	6
chr15	813	835	7
chr15	568	608	7
chr15	766	812	7
chr15	609	658	7
chr15	429	430	8
chr15	1290	1312	8
chr15	401	428	8
chr15	433	434	8
chr15	435	436	8
chr15	1655	1656	8
chr15	431	432	8
chr15	1269	1289	8
chr15	1201	1268	8
chr15	1313	1337	8
chr15	920	972	8
chr16	1129	1155	1
chr16	506	552	1
chr16	1156	1338	1
chr16	62	88	1
chr16	241	297	1
chr16	1515	1545	1
chr16	1703	1747	1
chr16	471	491	1
chr16	1723	1773	1
chr16	1678	1721	1
chr16	563	582	1
chr16	492	562	1
chr16	1678	1703	1
chr16	1389	1417	1
chr16	1677	1702	1
chr16	297	329	1
chr16	1621	1690	1
chr16	1443	1494	1
chr16	1368	1388	1
chr16	553	619	1
chr16	1418	1494	1
chr16	1340	1368	1
chr16	1487	1514	1
chr16	281	296	1
chr16	1339	1367	1
chr16	1691	1722	1
chr16	89	103	1
chr16	583	619	1
chr16	281	415	1
chr16	1641	1676	1
chr16	1704	1773	1
chr16	1722	1773	1
chr16	330	391	1
chr16	1678	1701	2
chr16	2	15	2
chr16	245	297	2
chr16	506	551	2
chr16	975	1000	2
chr16	581	619	2
chr16	1177	1267	2
chr16	329	391	2
chr16	16	40	2
chr16	1329	1339	2
chr16	552	580	2
chr16	1702	1717	2
chr16	1001	1018	2
chr16	241	280	2
chr16	1495	1677	2
chr16	1268	1327	2
chr16	1328	1339	2
chr16	1019	1128	2
chr16	1678	1773	2
chr16	1177	1328	2
chr16	298	328	2
chr16	1718	1747	2
chr16	2	40	3
chr16	1177	1338	3
chr16	1351	1368	3
chr16	392	415	3
chr16	1339	1368	3
chr16	1340	1350	3
chr16	620	663	3
chr16	87	103	3
chr16	222	240	3
chr16	666	681	3
chr16	664	665	3
chr16	2	61	3
chr16	62	86	3
chr16	245	280	3
chr16	281	297	3
chr16	1748	1773	3
chr16	506	562	4
chr16	928	974	4
chr16	928	929	4
chr16	582	619	4
chr16	1641	1677	4
chr16	563	581	4
chr16	62	103	4
chr16	298	415	4
chr16	930	974	4
chr16	222	244	5
chr16	620	681	5
chr16	1517	1545	5
chr16	1487	1516	5
chr16	41	61	5
chr16	1621	1640	5
chr16	1546	1620	6
chr16	1443	1486	6
chr16	975	1128	6
chr16	471	505	7
chr16	1418	1442	7
chr16	1369	1387	7
chr16	1129	1152	7
chr16	1153	1176	7
chr16	1388	1417	7
chr16	716	717	8
chr16	864	865	8
chr16	810	811	8
chr16	858	859	8
chr16	762	763	8
chr16	914	915	8
chr16	906	907	8
chr16	772	773	8
chr16	718	719	8
chr16	682	683	8
chr16	812	813	8
chr16	816	817	8
chr16	920	921	8
chr16	770	771	8
chr16	722	723	8
chr16	908	909	8
chr16	806	807	8
chr16	886	887	8
chr16	798	799	8
chr16	910	911	8
chr16	832	833	8
chr16	846	847	8
chr16	784	785	8
chr16	824	825	8
chr16	866	867	8
chr16	778	779	8
chr16	872	873	8
chr16	818	819	8
chr16	820	821	8
chr16	780	781	8
chr16	902	903	8
chr16	684	707	8
chr16	860	861	8
chr16	764	765	8
chr16	814	815	8
chr16	894	895	8
chr16	1774	1805	8
chr16	738	739	8
chr16	854	855	8
chr16	792	793	8
chr16	730	731	8
chr16	852	853	8
chr16	874	875	8
chr16	758	759	8
chr16	842	843	8
chr16	786	787	8
chr16	904	905	8
chr16	880	881	8
chr16	752	753	8
chr16	916	917	8
chr16	834	835	8
chr16	788	789	8
chr16	774	775	8
chr16	104	171	8
chr16	726	727	8
chr16	740	741	8
chr16	876	877	8
chr16	416	470	8
chr16	744	745	8
chr16	848	849	8
chr16	884	885	8
chr16	922	923	8
chr16	882	883	8
chr16	734	735	8
chr16	828	829	8
chr16	888	889	8
chr16	924	925	8
chr16	896	897	8
chr16	822	823	8
chr16	868	869	8
chr16	878	879	8
chr16	836	837	8
chr16	710	711	8
chr16	708	709	8
chr16	712	713	8
chr16	870	871	8
chr16	856	857	8
chr16	800	801	8
chr16	794	795	8
chr16	754	755	8
chr16	796	797	8
chr16	918	919	8
chr16	172	221	8
chr16	746	747	8
chr16	850	851	8
chr16	830	831	8
chr16	756	757	8
chr16	844	845	8
chr16	782	783	8
chr16	728	729	8
chr16	840	841	8
chr16	760	761	8
chr16	748	749	8
chr16	768	769	8
chr16	890	891	8
chr16	808	809	8
chr16	720	721	8
chr16	766	767	8
chr16	750	751	8
chr16	838	839	8
chr16	802	803	8
chr16	862	863	8
chr16	732	733	8
chr16	926	927	8
chr16	898	899	8
chr16	742	743	8
chr16	804	805	8
chr16	912	913	8
chr16	892	893	8
chr16	900	901	8
chr16	714	715	8
chr16	736	737	8
chr16	790	791	8
chr16	826	827	8
chr16	724	725	8
chr16	776	777	8
chr17	936	969	1
chr17	1541	1560	1
chr17	1132	1146	1
chr17	726	738	1
chr17	334	382	1
chr17	193	318	1
chr17	1236	1264	1
chr17	970	987	1
chr17	1495	1521	1
chr17	726	752	1
chr17	396	430	1
chr17	584	614	1
chr17	383	397	1
chr17	193	309	1
chr17	1146	1175	1
chr17	334	395	1
chr17	1236	1258	1
chr17	1285	1320	1
chr17	1256	1302	1
chr17	748	769	1
chr17	1240	1320	1
chr17	193	332	1
chr17	1147	1175	1
chr17	1256	1284	1
chr17	361	382	1
chr17	336	360	1
chr17	1127	1145	1
chr17	752	770	1
chr17	398	432	1
chr17	383	432	1
chr17	969	987	1
chr17	319	335	1
chr17	507	538	1
chr17	1256	1307	1
chr17	1259	1302	1
chr17	539	583	1
chr17	833	849	1
chr17	755	770	1
chr17	726	751	1
chr17	1119	1132	1
chr17	1496	1521	1
chr17	1127	1239	1
chr17	1321	1458	1
chr17	1133	1146	1
chr17	615	627	1
chr17	1146	1163	1
chr17	535	558	1
chr17	1308	1320	1
chr17	739	754	1
chr17	310	332	1
chr17	1307	1320	1
chr17	730	769	1
chr17	1495	1554	1
chr17	1098	1118	1
chr17	1132	1145	1
chr17	748	770	1
chr17	936	968	1
chr17	1147	1163	1
chr17	584	610	1
chr17	505	534	1
chr17	195	318	1
chr17	815	839	1
chr17	195	309	1
chr17	505	506	1
chr17	1265	1306	1
chr17	193	310	1
chr17	840	866	1
chr17	850	866	1
chr17	194	309	1
chr17	194	318	1
chr17	1496	1540	1
chr17	919	964	1
chr17	611	627	1
chr17	311	430	1
chr17	1320	1351	2
chr17	1522	1540	2
chr17	1541	1561	2
chr17	833	864	2
chr17	1412	1428	2
chr17	333	382	2
chr17	1562	1592	2
chr17	166	193	2
chr17	1374	1411	2
chr17	1476	1494	2
chr17	1496	1554	2
chr17	166	194	2
chr17	20	31	2
chr17	1321	1346	2
chr17	730	752	2
chr17	684	747	2
chr17	32	53	2
chr17	1496	1560	2
chr17	310	333	2
chr17	770	797	2
chr17	1164	1175	2
chr17	1098	1126	2
chr17	1429	1444	2
chr17	1208	1235	2
chr17	319	382	2
chr17	433	434	2
chr17	1208	1234	2
chr17	865	902	2
chr17	1098	1131	2
chr17	1	19	2
chr17	21	53	2
chr17	1303	1320	2
chr17	1256	1319	2
chr17	435	446	2
chr17	1347	1373	2
chr17	867	902	2
chr17	1176	1234	3
chr17	1561	1592	3
chr17	798	832	3
chr17	1593	1624	3
chr17	1555	1592	3
chr17	684	698	3
chr17	753	770	3
chr17	684	729	3
chr17	1476	1495	3
chr17	1459	1477	3
chr17	1478	1495	3
chr17	1098	1144	3
chr17	1145	1175	3
chr17	1321	1351	3
chr17	699	725	3
chr17	1176	1207	4
chr17	867	918	4
chr17	166	192	4
chr17	815	832	4
chr17	54	71	4
chr17	988	1097	4
chr17	53	71	4
chr17	1061	1097	4
chr17	21	52	4
chr17	988	1060	4
chr17	383	430	4
chr17	903	918	4
chr17	833	866	4
chr17	798	814	5
chr17	1593	1611	5
chr17	1352	1444	5
chr17	1612	1624	5
chr17	1235	1255	5
chr17	1459	1475	5
chr17	936	964	5
chr17	771	797	6
chr17	539	558	6
chr17	505	538	6
chr17	584	605	6
chr17	1	20	6
chr17	431	446	6
chr17	965	987	6
chr17	606	627	6
chr17	1445	1458	7
chr17	919	935	7
chr17	559	583	7
chr17	465	466	8
chr17	467	468	8
chr17	491	492	8
chr17	503	504	8
chr17	628	683	8
chr17	499	500	8
chr17	471	472	8
chr17	449	450	8
chr17	451	452	8
chr17	495	496	8
chr17	453	454	8
chr17	463	464	8
chr17	469	470	8
chr17	457	458	8
chr17	481	482	8
chr17	447	448	8
chr17	483	484	8
chr17	461	462	8
chr17	473	474	8
chr17	485	486	8
chr17	497	498	8
chr17	72	108	8
chr17	477	478	8
chr17	489	490	8
chr17	501	502	8
chr17	455	456	8
chr17	143	165	8
chr17	109	142	8
chr17	493	494	8
chr17	479	480	8
chr17	459	460	8
chr17	475	476	8
chr17	487	488	8
chr18	247	276	1
chr18	612	650	1
chr18	1295	1364	1
chr18	1045	1105	1
chr18	864	919	1
chr18	408	438	1
chr18	436	649	1
chr18	200	246	1
chr18	437	649	1
chr18	471	530	1
chr18	1509	1560	1
chr18	1294	1364	1
chr18	1143	1184	1
chr18	139	169	1
chr18	437	547	1
chr18	616	650	1
chr18	1088	1142	1
chr18	1	17	1
chr18	246	289	1
chr18	1224	1293	1
chr18	246	275	1
chr18	1106	1138	1
chr18	616	651	1
chr18	652	690	1
chr18	1185	1223	1
chr18	1087	1138	1
chr18	52	65	1
chr18	172	245	1
chr18	1045	1087	1
chr18	103	138	1
chr18	291	310	1
chr18	531	571	1
chr18	616	649	1
chr18	276	290	1
chr18	652	689	1
chr18	171	245	1
chr18	613	651	1
chr18	290	310	1
chr18	1437	1508	1
chr18	103	171	1
chr18	921	966	1
chr18	548	611	1
chr18	865	920	1
chr18	371	689	1
chr18	66	102	1
chr18	439	558	1
chr18	103	170	1
chr18	18	51	1
chr18	824	863	1
chr18	1224	1294	1
chr18	559	612	1
chr18	1087	1142	1
chr18	651	690	2
chr18	1435	1490	2
chr18	865	966	2
chr18	1365	1434	2
chr18	408	436	2
chr18	1407	1436	2
chr18	1365	1406	2
chr18	1139	1196	2
chr18	505	571	2
chr18	690	791	2
chr18	471	504	2
chr18	941	966	2
chr18	920	940	2
chr18	691	790	3
chr18	1224	1292	3
chr18	791	823	3
chr18	1292	1329	3
chr18	967	1042	3
chr18	1224	1291	3
chr18	595	615	3
chr18	1293	1329	3
chr18	920	966	3
chr18	650	690	3
chr18	572	594	3
chr18	691	791	3
chr18	436	470	3
chr18	1087	1105	4
chr18	865	919	4
chr18	1365	1436	4
chr18	408	435	4
chr18	1106	1142	4
chr18	103	169	5
chr18	246	276	5
chr18	200	245	5
chr18	1020	1042	5
chr18	792	823	5
chr18	967	1019	5
chr18	1143	1196	5
chr18	1437	1490	5
chr18	277	310	6
chr18	1330	1364	6
chr18	170	199	6
chr18	1045	1086	6
chr18	52	74	7
chr18	75	102	7
chr18	1197	1223	7
chr18	1491	1560	7
chr18	824	864	7
chr18	371	407	7
chr18	1	51	7
chr18	363	364	8
chr18	345	346	8
chr18	335	336	8
chr18	349	350	8
chr18	369	370	8
chr18	315	316	8
chr18	329	330	8
chr18	333	334	8
chr18	353	354	8
chr18	357	358	8
chr18	319	320	8
chr18	317	318	8
chr18	361	362	8
chr18	365	366	8
chr18	327	328	8
chr18	331	332	8
chr18	351	352	8
chr18	343	344	8
chr18	1043	1044	8
chr18	339	340	8
chr18	355	356	8
chr18	323	324	8
chr18	311	312	8
chr18	347	348	8
chr18	337	338	8
chr18	313	314	8
chr18	341	342	8
chr18	367	368	8
chr18	359	360	8
chr18	321	322	8
chr18	325	326	8
chr19	235	256	1
chr19	212	234	1
chr19	902	925	1
chr19	257	293	1
chr19	200	211	1
chr19	350	371	1
chr19	120	172	1
chr19	624	656	1
chr19	200	219	1
chr19	161	174	1
chr19	956	983	1
chr19	600	623	1
chr19	957	983	1
chr19	332	349	1
chr19	768	789	1
chr19	879	901	1
chr19	927	966	1
chr19	173	199	1
chr19	175	199	1
chr19	790	823	1
chr19	929	955	1
chr19	926	956	1
chr19	824	859	1
chr19	984	1009	1
chr19	220	234	1
chr19	967	983	1
chr19	734	767	1
chr19	1010	1044	1
chr19	710	733	1
chr19	824	878	1
chr19	943	955	1
chr19	927	983	1
chr19	929	942	1
chr19	926	983	1
chr19	554	599	1
chr19	824	862	2
chr19	904	917	2
chr19	768	816	2
chr19	904	926	2
chr19	139	160	2
chr19	768	815	2
chr19	120	160	2
chr19	918	928	2
chr19	816	859	2
chr19	863	903	2
chr19	115	138	2
chr19	926	955	2
chr19	817	859	2
chr19	768	823	3
chr19	970	983	3
chr19	956	969	3
chr19	351	371	3
chr19	86	119	3
chr19	12	37	3
chr19	332	350	3
chr19	904	925	3
chr19	554	709	3
chr19	142	160	3
chr19	115	141	3
chr19	294	348	4
chr19	294	331	4
chr19	349	371	4
chr19	554	656	4
chr19	657	709	5
chr19	12	25	5
chr19	879	903	5
chr19	86	114	5
chr19	860	878	5
chr19	26	37	5
chr19	174	199	6
chr19	221	234	6
chr19	200	220	6
chr19	161	173	6
chr19	235	261	7
chr19	1013	1044	7
chr19	984	1012	7
chr19	710	734	7
chr19	735	767	7
chr19	262	293	7
chr19	534	535	8
chr19	498	499	8
chr19	538	539	8
chr19	514	515	8
chr19	512	513	8
chr19	518	519	8
chr19	520	521	8
chr19	1045	1092	8
chr19	510	511	8
chr19	526	527	8
chr19	546	547	8
chr19	544	545	8
chr19	552	553	8
chr19	1093	1124	8
chr19	38	59	8
chr19	528	529	8
chr19	504	505	8
chr19	508	509	8
chr19	2	11	8
chr19	530	531	8
chr19	500	501	8
chr19	548	549	8
chr19	542	543	8
chr19	540	541	8
chr19	372	393	8
chr19	496	497	8
chr19	516	517	8
chr19	502	503	8
chr19	522	523	8
chr19	536	537	8
chr19	524	525	8
chr19	550	551	8
chr19	494	495	8
chr19	506	507	8
chr19	532	533	8
chr19	1125	1183	8
chr19	394	493	8
chr19	60	85	8
chr2	4613	4653	1
chr2	3345	3402	1
chr2	861	883	1
chr2	2039	2068	1
chr2	608	637	1
chr2	3405	3435	1
chr2	3578	3618	1
chr2	3512	3575	1
chr2	2582	2652	1
chr2	3474	3511	1
chr2	2215	2226	1
chr2	781	800	1
chr2	4382	4406	1
chr2	2003	2037	1
chr2	3219	3265	1
chr2	1740	1780	1
chr2	1932	1964	1
chr2	1498	1603	1
chr2	4613	4638	1
chr2	2145	2176	1
chr2	3312	3342	1
chr2	4016	4034	1
chr2	4654	4668	1
chr2	3618	3678	1
chr2	4458	4519	1
chr2	2069	2177	1
chr2	4519	4612	1
chr2	2285	2371	1
chr2	1712	1728	1
chr2	3343	3380	1
chr2	4407	4470	1
chr2	3276	3311	1
chr2	4492	4519	1
chr2	1931	1964	1
chr2	4381	4411	1
chr2	3892	3950	1
chr2	1693	1717	1
chr2	370	402	1
chr2	186	217	1
chr2	180	217	1
chr2	4341	4380	1
chr2	3951	3982	1
chr2	4697	4784	1
chr2	1797	1798	1
chr2	4339	4381	1
chr2	140	191	1
chr2	1593	1711	1
chr2	3266	3311	1
chr2	141	185	1
chr2	2178	2212	1
chr2	4271	4339	1
chr2	4185	4226	1
chr2	38	78	1
chr2	4227	4270	1
chr2	3983	4014	1
chr2	1930	1963	1
chr2	2004	2068	1
chr2	4241	4270	1
chr2	4185	4269	1
chr2	1712	1767	1
chr2	3839	3895	1
chr2	3681	3723	1
chr2	4520	4563	1
chr2	1	78	1
chr2	4564	4612	1
chr2	78	140	1
chr2	1729	1780	1
chr2	784	860	1
chr2	1922	1963	1
chr2	3723	3767	1
chr2	1931	1963	1
chr2	1156	1218	1
chr2	180	219	1
chr2	4655	4669	1
chr2	4270	4339	1
chr2	3195	3264	1
chr2	1907	1921	1
chr2	3864	3898	1
chr2	2118	2144	1
chr2	3449	3473	1
chr2	3681	3722	1
chr2	1	77	1
chr2	3403	3435	1
chr2	2178	2225	1
chr2	372	479	1
chr2	4382	4411	1
chr2	884	916	1
chr2	3952	3980	1
chr2	316	371	1
chr2	3219	3246	1
chr2	2119	2176	1
chr2	1285	1317	1
chr2	3892	3951	1
chr2	2179	2225	1
chr2	4035	4062	1
chr2	4271	4338	1
chr2	1520	1592	1
chr2	3899	3950	1
chr2	1930	1964	1
chr2	3345	3405	1
chr2	1243	1284	1
chr2	3247	3275	1
chr2	2653	2714	1
chr2	1	76	1
chr2	192	217	1
chr2	1807	1812	1
chr2	2069	2117	1
chr2	79	144	1
chr2	4669	4696	1
chr2	1718	1780	1
chr2	2286	2375	1
chr2	4576	4612	1
chr2	38	77	1
chr2	77	139	1
chr2	4639	4654	1
chr2	1499	1603	1
chr2	1	144	1
chr2	3345	3404	1
chr2	1604	1692	1
chr2	1470	1498	1
chr2	2003	2038	1
chr2	3896	3950	1
chr2	2452	2558	1
chr2	4519	4575	1
chr2	1768	1794	1
chr2	2559	2714	1
chr2	3619	3678	1
chr2	2119	2178	1
chr2	1694	1711	1
chr2	4185	4240	1
chr2	4785	4835	1
chr2	316	369	1
chr2	1799	1806	1
chr2	1604	1693	1
chr2	842	860	1
chr2	140	179	1
chr2	1119	1155	1
chr2	801	841	1
chr2	78	144	1
chr2	4472	4612	1
chr2	79	139	1
chr2	3507	3575	1
chr2	4458	4491	1
chr2	3839	3863	1
chr2	4406	4471	1
chr2	2877	2949	2
chr2	741	783	2
chr2	3344	3380	2
chr2	2226	2251	2
chr2	1907	1930	2
chr2	3839	3891	2
chr2	2653	2875	2
chr2	2215	2224	2
chr2	3940	3980	2
chr2	217	236	2
chr2	2653	2693	2
chr2	3839	3890	2
chr2	4471	4518	2
chr2	519	535	2
chr2	2715	2875	2
chr2	4654	4696	2
chr2	180	216	2
chr2	2733	2744	2
chr2	3312	3343	2
chr2	802	860	2
chr2	3047	3072	2
chr2	3891	3950	2
chr2	3683	3723	2
chr2	4654	4669	2
chr2	859	882	2
chr2	3982	4015	2
chr2	784	858	2
chr2	3507	3577	2
chr2	2745	2772	2
chr2	4761	4788	2
chr2	2715	2732	2
chr2	2653	2692	2
chr2	658	677	2
chr2	784	859	2
chr2	2975	3009	2
chr2	3010	3046	2
chr2	1	140	2
chr2	860	882	2
chr2	2694	2875	2
chr2	2177	2212	2
chr2	3618	3680	2
chr2	1740	1794	2
chr2	2225	2226	2
chr2	4412	4457	2
chr2	141	191	2
chr2	2452	2556	2
chr2	1712	1794	2
chr2	2793	2876	2
chr2	3618	3660	2
chr2	2285	2375	2
chr2	4340	4381	2
chr2	2693	2714	2
chr2	3619	3680	2
chr2	1907	1929	2
chr2	3449	3472	2
chr2	4654	4864	2
chr2	3312	3345	2
chr2	4697	4760	2
chr2	3839	3939	2
chr2	3346	3405	2
chr2	3679	3723	2
chr2	4789	4835	2
chr2	2773	2792	2
chr2	1932	1963	2
chr2	607	637	2
chr2	637	657	2
chr2	608	636	2
chr2	1520	1603	2
chr2	192	219	2
chr2	2950	2974	2
chr2	3576	3618	2
chr2	480	518	2
chr2	781	801	2
chr2	1	37	2
chr2	1964	2002	2
chr2	3661	3682	2
chr2	3681	3810	2
chr2	3982	4014	2
chr2	536	558	2
chr2	4035	4063	3
chr2	4471	4519	3
chr2	3436	3448	3
chr2	371	402	3
chr2	1243	1277	3
chr2	2376	2451	3
chr2	218	236	3
chr2	577	607	3
chr2	607	638	3
chr2	4836	4864	3
chr2	4697	4828	3
chr2	2582	2614	3
chr2	1498	1518	3
chr2	678	741	3
chr2	742	783	3
chr2	3312	3344	3
chr2	2212	2226	3
chr2	1498	1519	3
chr2	2557	2652	3
chr2	1712	1739	3
chr2	1964	2003	3
chr2	741	780	3
chr2	639	677	3
chr2	3381	3405	3
chr2	559	576	3
chr2	1278	1317	3
chr2	316	370	3
chr2	3981	4015	3
chr2	1781	1794	3
chr2	1519	1603	3
chr2	1965	2003	3
chr2	4670	4696	3
chr2	316	479	3
chr2	4064	4087	3
chr2	1016	1078	3
chr2	2178	2211	3
chr2	2615	2652	3
chr2	4829	4864	3
chr2	944	976	3
chr2	220	263	3
chr2	861	882	3
chr2	638	677	3
chr2	2213	2214	3
chr2	4015	4034	3
chr2	1079	1118	3
chr2	145	179	3
chr2	2252	2284	3
chr2	1907	1931	3
chr2	977	1015	3
chr2	3473	3506	3
chr2	2145	2177	4
chr2	4520	4612	4
chr2	1366	1391	4
chr2	4341	4381	4
chr2	4016	4062	4
chr2	1243	1283	4
chr2	2286	2371	4
chr2	1284	1317	4
chr2	403	425	4
chr2	3473	3511	4
chr2	2119	2144	4
chr2	2557	2581	4
chr2	3512	3577	4
chr2	1318	1391	4
chr2	426	479	4
chr2	1318	1365	4
chr2	4406	4470	4
chr2	3951	3981	4
chr2	2252	2285	5
chr2	3219	3264	5
chr2	678	740	5
chr2	4242	4270	5
chr2	3578	3617	5
chr2	4382	4405	5
chr2	2004	2037	5
chr2	3436	3472	5
chr2	2408	2451	5
chr2	944	975	5
chr2	1080	1118	5
chr2	4063	4087	5
chr2	559	606	5
chr2	1016	1079	5
chr2	4185	4241	5
chr2	2496	2556	5
chr2	3724	3767	5
chr2	237	263	5
chr2	976	1015	5
chr2	1604	1711	5
chr2	4271	4340	5
chr2	2372	2407	5
chr2	2452	2495	5
chr2	3768	3810	6
chr2	4613	4634	6
chr2	3010	3042	6
chr2	2227	2251	6
chr2	2069	2118	6
chr2	2950	3009	6
chr2	522	558	6
chr2	3406	3435	6
chr2	480	521	6
chr2	4635	4653	6
chr2	3265	3311	6
chr2	3043	3072	6
chr2	2038	2068	6
chr2	2876	2949	6
chr2	3195	3218	7
chr2	1470	1497	7
chr2	1119	1156	7
chr2	1811	1812	7
chr2	883	916	7
chr2	1797	1810	7
chr2	1157	1218	7
chr2	1813	1814	8
chr2	1881	1882	8
chr2	1392	1411	8
chr2	1219	1242	8
chr2	1871	1872	8
chr2	1905	1906	8
chr2	1901	1902	8
chr2	1887	1888	8
chr2	917	943	8
chr2	1895	1896	8
chr2	264	315	8
chr2	1859	1860	8
chr2	1883	1884	8
chr2	1903	1904	8
chr2	1825	1826	8
chr2	3163	3194	8
chr2	1869	1870	8
chr2	1873	1874	8
chr2	1831	1848	8
chr2	1821	1822	8
chr2	1893	1894	8
chr2	1853	1854	8
chr2	1857	1858	8
chr2	1817	1818	8
chr2	1889	1890	8
chr2	1823	1824	8
chr2	1867	1868	8
chr2	1412	1469	8
chr2	1849	1850	8
chr2	1855	1856	8
chr2	1879	1880	8
chr2	3125	3162	8
chr2	1891	1892	8
chr2	1877	1878	8
chr2	1829	1830	8
chr2	1865	1866	8
chr2	1819	1820	8
chr2	1899	1900	8
chr2	3073	3124	8
chr2	1851	1852	8
chr2	1795	1796	8
chr2	4138	4184	8
chr2	1897	1898	8
chr2	1861	1862	8
chr2	1875	1876	8
chr2	1815	1816	8
chr2	1885	1886	8
chr2	1863	1864	8
chr2	3811	3838	8
chr2	4088	4137	8
chr2	1827	1828	8
chr20	745	807	1
chr20	2	29	1
chr20	842	988	1
chr20	474	527	1
chr20	889	958	1
chr20	959	987	1
chr20	858	888	1
chr20	713	743	1
chr20	744	888	1
chr20	988	1014	1
chr20	717	744	1
chr20	692	716	1
chr20	30	49	1
chr20	1163	1211	1
chr20	1100	1162	1
chr20	123	175	1
chr20	745	841	1
chr20	588	596	1
chr20	176	281	1
chr20	640	691	1
chr20	808	841	1
chr20	889	916	1
chr20	989	1066	1
chr20	597	639	1
chr20	640	712	1
chr20	745	806	2
chr20	350	366	2
chr20	807	841	2
chr20	367	400	2
chr20	657	691	2
chr20	858	892	2
chr20	959	988	2
chr20	893	958	2
chr20	640	656	2
chr20	716	744	3
chr20	989	1099	3
chr20	594	639	3
chr20	989	1014	3
chr20	716	743	3
chr20	1212	1229	3
chr20	857	892	3
chr20	500	527	3
chr20	474	499	3
chr20	893	916	3
chr20	744	856	3
chr20	842	857	3
chr20	1230	1259	3
chr20	960	971	4
chr20	946	959	4
chr20	83	122	4
chr20	83	104	4
chr20	434	527	4
chr20	1015	1066	4
chr20	105	122	4
chr20	401	433	4
chr20	433	473	4
chr20	401	432	4
chr20	927	945	4
chr20	656	691	4
chr20	594	655	4
chr20	917	926	4
chr20	972	988	4
chr20	1067	1099	5
chr20	1212	1230	5
chr20	1231	1259	5
chr20	692	715	6
chr20	350	400	6
chr20	588	593	7
chr20	2	49	7
chr20	1100	1163	7
chr20	1164	1211	7
chr20	123	176	7
chr20	177	281	7
chr20	580	581	8
chr20	574	575	8
chr20	550	551	8
chr20	532	533	8
chr20	576	577	8
chr20	582	583	8
chr20	528	529	8
chr20	534	535	8
chr20	558	559	8
chr20	584	585	8
chr20	560	561	8
chr20	540	541	8
chr20	566	567	8
chr20	544	545	8
chr20	554	555	8
chr20	552	553	8
chr20	282	349	8
chr20	556	557	8
chr20	572	573	8
chr20	578	579	8
chr20	570	571	8
chr20	536	537	8
chr20	564	565	8
chr20	530	531	8
chr20	50	82	8
chr20	538	539	8
chr20	548	549	8
chr20	542	543	8
chr20	568	569	8
chr20	546	547	8
chr20	586	587	8
chr20	562	563	8
chr21	680	700	1
chr21	606	680	1
chr21	287	679	1
chr21	553	604	1
chr21	205	206	1
chr21	698	780	1
chr21	197	207	1
chr21	781	817	1
chr21	287	680	1
chr21	448	551	1
chr21	448	552	1
chr21	552	605	1
chr21	287	697	1
chr21	197	204	1
chr21	605	680	1
chr21	881	903	2
chr21	207	214	2
chr21	287	312	2
chr21	313	348	2
chr21	852	903	2
chr21	349	447	2
chr21	215	224	2
chr21	193	207	2
chr21	701	721	3
chr21	681	700	3
chr21	207	224	3
chr21	208	224	3
chr21	287	700	3
chr21	722	750	3
chr21	197	202	4
chr21	905	962	4
chr21	203	206	4
chr21	701	750	4
chr21	904	962	4
chr21	881	904	4
chr21	193	196	6
chr21	852	880	6
chr21	751	781	7
chr21	782	817	7
chr21	285	286	8
chr21	243	244	8
chr21	273	274	8
chr21	235	236	8
chr21	269	270	8
chr21	231	232	8
chr21	227	228	8
chr21	257	258	8
chr21	818	851	8
chr21	247	248	8
chr21	281	282	8
chr21	271	272	8
chr21	277	278	8
chr21	239	240	8
chr21	265	266	8
chr21	261	262	8
chr21	283	284	8
chr21	249	250	8
chr21	241	242	8
chr21	253	254	8
chr21	233	234	8
chr21	245	246	8
chr21	225	226	8
chr21	255	256	8
chr21	237	238	8
chr21	229	230	8
chr21	275	276	8
chr21	189	192	8
chr21	259	260	8
chr21	279	280	8
chr21	263	264	8
chr21	267	268	8
chr21	251	252	8
chr22	635	658	1
chr22	861	944	1
chr22	543	594	1
chr22	501	594	1
chr22	905	948	1
chr22	595	634	1
chr22	755	782	1
chr22	784	815	1
chr22	595	616	1
chr22	799	815	1
chr22	949	1003	1
chr22	739	767	1
chr22	674	713	1
chr22	945	1003	1
chr22	761	783	1
chr22	659	713	1
chr22	447	475	1
chr22	636	647	1
chr22	715	738	1
chr22	768	782	1
chr22	861	935	1
chr22	739	754	1
chr22	648	714	1
chr22	648	673	1
chr22	617	635	1
chr22	841	860	2
chr22	447	484	2
chr22	346	374	2
chr22	375	440	2
chr22	322	347	2
chr22	441	475	2
chr22	501	593	2
chr22	322	345	2
chr22	595	647	2
chr22	905	935	2
chr22	485	500	2
chr22	348	374	2
chr22	566	594	2
chr22	543	565	2
chr22	816	840	2
chr22	543	593	2
chr22	905	951	3
chr22	816	841	3
chr22	478	500	3
chr22	952	1003	3
chr22	783	815	3
chr22	936	1003	3
chr22	447	477	3
chr22	476	500	3
chr22	799	816	3
chr22	817	841	3
chr22	322	348	4
chr22	349	374	4
chr22	783	798	4
chr22	594	647	4
chr22	761	782	5
chr22	648	713	5
chr22	501	542	5
chr22	842	860	6
chr22	375	446	6
chr22	861	872	6
chr22	739	760	6
chr22	873	904	6
chr22	714	738	7
chr22	1004	1025	8
chr3	901	934	1
chr3	2313	2377	1
chr3	2029	2075	1
chr3	571	644	1
chr3	104	169	1
chr3	2871	2917	1
chr3	495	543	1
chr3	3081	3110	1
chr3	2236	2255	1
chr3	2076	2138	1
chr3	3141	3171	1
chr3	3081	3113	1
chr3	2856	2916	1
chr3	333	359	1
chr3	2508	2556	1
chr3	3054	3080	1
chr3	901	935	1
chr3	2312	2377	1
chr3	1627	1714	1
chr3	170	208	1
chr3	2547	2597	1
chr3	444	494	1
chr3	3141	3168	1
chr3	2981	3017	1
chr3	3673	3712	1
chr3	966	1007	1
chr3	1516	1591	1
chr3	2556	2597	1
chr3	2582	2597	1
chr3	569	616	1
chr3	1550	1745	1
chr3	617	646	1
chr3	1067	1131	1
chr3	3018	3081	1
chr3	1172	1247	1
chr3	2909	2940	1
chr3	902	949	1
chr3	2277	2311	1
chr3	2139	2235	1
chr3	1549	1590	1
chr3	253	300	1
chr3	2974	2991	1
chr3	2871	2908	1
chr3	370	407	1
chr3	2380	2423	1
chr3	966	1008	1
chr3	543	644	1
chr3	360	458	1
chr3	887	901	1
chr3	647	678	1
chr3	3055	3110	1
chr3	1628	1745	1
chr3	1627	1680	1
chr3	936	1007	1
chr3	3563	3586	1
chr3	301	332	1
chr3	459	481	1
chr3	175	303	1
chr3	901	930	1
chr3	3018	3053	1
chr3	1590	1627	1
chr3	2856	2871	1
chr3	2758	2783	1
chr3	1248	1324	1
chr3	209	257	1
chr3	303	332	1
chr3	3452	3528	1
chr3	2784	2819	1
chr3	2424	2449	1
chr3	3907	3959	1
chr3	3867	3914	1
chr3	3171	3205	1
chr3	303	542	1
chr3	3413	3451	1
chr3	1591	1627	1
chr3	2508	2546	1
chr3	3451	3586	1
chr3	935	1007	1
chr3	570	644	1
chr3	2941	2981	1
chr3	3141	3170	1
chr3	408	448	1
chr3	3845	3866	1
chr3	857	886	1
chr3	3082	3299	1
chr3	3300	3412	1
chr3	2557	2597	1
chr3	3810	3844	1
chr3	176	302	1
chr3	2992	3017	1
chr3	2277	2313	1
chr3	2820	3450	1
chr3	104	174	1
chr3	3172	3299	1
chr3	3114	3145	1
chr3	3529	3562	1
chr3	2929	2973	1
chr3	2872	2917	1
chr3	209	252	1
chr3	2556	2581	1
chr3	1464	1549	1
chr3	1628	1673	1
chr3	544	570	1
chr3	3882	3906	1
chr3	1548	1590	1
chr3	3672	3712	1
chr3	304	568	1
chr3	931	949	1
chr3	2314	2379	1
chr3	3110	3140	1
chr3	1515	1547	1
chr3	2856	2928	1
chr3	1515	1548	1
chr3	1008	1067	1
chr3	495	569	1
chr3	992	1008	1
chr3	1627	1673	1
chr3	1681	1734	1
chr3	1535	1591	1
chr3	258	302	1
chr3	1591	1626	1
chr3	2928	2973	1
chr3	104	175	1
chr3	966	991	1
chr3	2450	2466	1
chr3	2928	2980	1
chr3	3169	3205	1
chr3	3882	3914	1
chr3	449	494	1
chr3	1516	1589	1
chr3	333	369	1
chr3	1464	1534	1
chr3	2917	2981	1
chr3	360	443	1
chr3	2982	3017	2
chr3	1592	1734	2
chr3	3714	3738	2
chr3	1326	1381	2
chr3	3110	3145	2
chr3	3673	3707	2
chr3	1382	1401	2
chr3	3609	3648	2
chr3	106	170	2
chr3	853	901	2
chr3	645	678	2
chr3	2716	2757	2
chr3	209	300	2
chr3	2168	2236	2
chr3	3672	3707	2
chr3	209	251	2
chr3	2856	2927	2
chr3	3888	3914	2
chr3	2759	2819	2
chr3	1068	1132	2
chr3	2918	2973	2
chr3	3587	3608	2
chr3	679	747	2
chr3	2716	2758	2
chr3	902	929	2
chr3	1590	1626	2
chr3	2856	2870	2
chr3	2237	2255	2
chr3	656	678	2
chr3	617	655	2
chr3	2378	2423	2
chr3	1515	1589	2
chr3	2508	2555	2
chr3	1247	1280	2
chr3	3673	3691	2
chr3	482	569	2
chr3	3692	3713	2
chr3	1464	1515	2
chr3	857	900	2
chr3	1402	1435	2
chr3	3867	3887	2
chr3	748	789	2
chr3	901	929	2
chr3	3713	3738	2
chr3	3811	3866	2
chr3	3810	3881	2
chr3	482	568	2
chr3	3206	3299	2
chr3	1009	1039	2
chr3	1281	1325	2
chr3	570	616	2
chr3	3779	3810	2
chr3	1068	1131	2
chr3	171	208	2
chr3	252	300	2
chr3	1674	1714	2
chr3	569	644	2
chr3	3111	3140	2
chr3	3451	3671	3
chr3	853	900	3
chr3	3810	3866	3
chr3	1400	1435	3
chr3	3867	3883	3
chr3	2075	2138	3
chr3	170	188	3
chr3	106	169	3
chr3	1040	1067	3
chr3	1132	1171	3
chr3	3915	3959	3
chr3	1715	1745	3
chr3	3081	3109	3
chr3	1735	1811	3
chr3	3451	3648	3
chr3	679	746	3
chr3	2029	2074	3
chr3	360	481	3
chr3	2974	3017	3
chr3	1067	1132	3
chr3	2	103	3
chr3	645	677	3
chr3	2278	2312	3
chr3	189	208	3
chr3	3146	3299	3
chr3	790	856	3
chr3	1325	1400	3
chr3	3884	3914	3
chr3	950	1007	3
chr3	2277	2312	3
chr3	950	965	3
chr3	1401	1435	3
chr3	2256	2277	3
chr3	1325	1399	3
chr3	678	746	3
chr3	3947	3959	4
chr3	301	326	4
chr3	3915	3946	4
chr3	3055	3080	4
chr3	2508	2597	4
chr3	930	949	4
chr3	1040	1066	4
chr3	2029	2073	4
chr3	2649	2685	4
chr3	2074	2138	4
chr3	2598	2643	4
chr3	2644	2685	4
chr3	3708	3738	4
chr3	327	359	4
chr3	1464	1514	4
chr3	2598	2648	4
chr3	2736	2757	4
chr3	2716	2735	4
chr3	1746	1811	5
chr3	2313	2378	5
chr3	1008	1039	5
chr3	1133	1171	5
chr3	88	105	5
chr3	790	852	5
chr3	2	87	5
chr3	2236	2276	5
chr3	3018	3054	5
chr3	1247	1324	5
chr3	2783	2819	5
chr3	2758	2782	5
chr3	2379	2423	5
chr3	2168	2235	5
chr3	3649	3672	5
chr3	747	789	6
chr3	3779	3809	6
chr3	3390	3412	6
chr3	3354	3389	6
chr3	3413	3450	6
chr3	3300	3353	6
chr3	1172	1246	7
chr3	2139	2167	7
chr3	2424	2466	7
chr3	2820	2855	7
chr3	1830	1831	8
chr3	1820	1821	8
chr3	1844	1845	8
chr3	1868	1869	8
chr3	1812	1813	8
chr3	1824	1825	8
chr3	1848	1849	8
chr3	1870	1949	8
chr3	2467	2489	8
chr3	2686	2715	8
chr3	1818	1819	8
chr3	1854	1855	8
chr3	1436	1463	8
chr3	1860	1861	8
chr3	1836	1837	8
chr3	1842	1843	8
chr3	1816	1817	8
chr3	1840	1841	8
chr3	1991	2028	8
chr3	1866	1867	8
chr3	3739	3778	8
chr3	1846	1847	8
chr3	1834	1835	8
chr3	1858	1859	8
chr3	1828	1829	8
chr3	1864	1865	8
chr3	1852	1853	8
chr3	1856	1857	8
chr3	1950	1990	8
chr3	1822	1823	8
chr3	1814	1815	8
chr3	1826	1827	8
chr3	2490	2507	8
chr3	1832	1833	8
chr3	1850	1851	8
chr3	1838	1839	8
chr3	1862	1863	8
chr4	143	173	1
chr4	3567	3633	1
chr4	1367	1429	1
chr4	71	193	1
chr4	194	254	1
chr4	3095	3114	1
chr4	3024	3094	1
chr4	72	209	1
chr4	3723	3743	1
chr4	509	635	1
chr4	2284	2315	1
chr4	3688	3721	1
chr4	1104	1159	1
chr4	3687	3743	1
chr4	542	644	1
chr4	2606	2678	1
chr4	1227	1272	1
chr4	2921	2961	1
chr4	327	508	1
chr4	1692	1719	1
chr4	3209	3265	1
chr4	3563	3632	1
chr4	416	508	1
chr4	1159	1226	1
chr4	1502	1541	1
chr4	1576	1665	1
chr4	2388	2455	1
chr4	1747	1802	1
chr4	2575	2679	1
chr4	210	350	1
chr4	949	981	1
chr4	1719	1746	1
chr4	720	752	1
chr4	1576	1664	1
chr4	3024	3095	1
chr4	1	33	1
chr4	2605	2679	1
chr4	72	187	1
chr4	1383	1500	1
chr4	2900	2921	1
chr4	2315	2343	1
chr4	1826	1867	1
chr4	2678	2719	1
chr4	1501	1536	1
chr4	2261	2283	1
chr4	636	719	1
chr4	3506	3566	1
chr4	2922	2961	1
chr4	321	508	1
chr4	3163	3191	1
chr4	3042	3095	1
chr4	1803	1912	1
chr4	3115	3162	1
chr4	1429	1478	1
chr4	71	209	1
chr4	2605	2678	1
chr4	3506	3530	1
chr4	645	719	1
chr4	3209	3267	1
chr4	819	859	1
chr4	2922	2962	1
chr4	67	194	1
chr4	3266	3328	1
chr4	1913	2018	1
chr4	436	508	1
chr4	2719	2759	1
chr4	2456	2574	1
chr4	2901	2920	1
chr4	2679	2759	1
chr4	1869	1920	1
chr4	3562	3632	1
chr4	3192	3208	1
chr4	3478	3568	1
chr4	1742	1764	1
chr4	753	775	1
chr4	210	373	1
chr4	1542	1572	1
chr4	3688	3722	1
chr4	273	320	1
chr4	3342	3381	1
chr4	1273	1310	1
chr4	1719	1747	1
chr4	778	818	1
chr4	1920	1980	1
chr4	1826	1868	1
chr4	2901	2961	1
chr4	1430	1500	1
chr4	3268	3328	1
chr4	3478	3505	1
chr4	1665	1691	1
chr4	71	88	1
chr4	785	818	1
chr4	1803	1911	1
chr4	195	272	1
chr4	3569	3633	1
chr4	89	119	1
chr4	2720	2758	1
chr4	2978	3023	1
chr4	2230	2259	1
chr4	542	647	1
chr4	2679	2718	1
chr4	490	635	1
chr4	374	508	1
chr4	542	635	1
chr4	2840	2900	1
chr4	3267	3341	1
chr4	647	751	1
chr4	3329	3382	1
chr4	2421	2455	1
chr4	2799	2838	1
chr4	2344	2384	1
chr4	1537	1572	1
chr4	1720	1743	1
chr4	120	142	1
chr4	2317	2387	1
chr4	374	435	1
chr4	895	937	1
chr4	2283	2314	1
chr4	752	784	1
chr4	2192	2229	1
chr4	189	775	1
chr4	1870	1919	1
chr4	2901	2921	1
chr4	2963	3023	1
chr4	1479	1541	1
chr4	2605	2677	1
chr4	2839	2901	1
chr4	72	194	1
chr4	1501	1541	1
chr4	1412	1478	1
chr4	3477	3502	1
chr4	3383	3414	1
chr4	34	71	1
chr4	1411	1478	1
chr4	509	646	1
chr4	1744	1764	1
chr4	3421	3476	1
chr4	2902	2977	1
chr4	351	516	1
chr4	2316	2342	1
chr4	1912	2018	1
chr4	517	635	1
chr4	3722	3743	1
chr4	195	415	1
chr4	2571	2605	1
chr4	255	373	1
chr4	949	980	1
chr4	1803	1869	1
chr4	1720	1741	1
chr4	3506	3562	1
chr4	2343	2384	1
chr4	174	194	1
chr4	3503	3530	1
chr4	195	254	1
chr4	2385	2505	1
chr4	720	751	1
chr4	1383	1411	1
chr4	2260	2282	1
chr4	3634	3686	1
chr4	327	489	1
chr4	1159	1227	1
chr4	67	188	1
chr4	648	751	1
chr4	937	980	1
chr4	3415	3477	1
chr4	938	981	1
chr4	1104	1158	1
chr4	752	777	1
chr4	1468	1536	1
chr4	1803	1867	1
chr4	1502	1536	1
chr4	1383	1410	1
chr4	188	254	1
chr4	2317	2384	1
chr4	1429	1467	1
chr4	2840	2899	1
chr4	2178	2230	2
chr4	1720	1747	2
chr4	2279	2316	2
chr4	2680	2758	2
chr4	752	775	2
chr4	981	984	2
chr4	895	935	2
chr4	1577	1665	2
chr4	3075	3094	2
chr4	1537	1575	2
chr4	779	818	2
chr4	1367	1428	2
chr4	1577	1664	2
chr4	2316	2384	2
chr4	895	948	2
chr4	776	800	2
chr4	255	326	2
chr4	776	818	2
chr4	1803	1902	2
chr4	3415	3476	2
chr4	1053	1103	2
chr4	1160	1226	2
chr4	963	981	2
chr4	1689	1744	2
chr4	1647	1665	2
chr4	1765	1802	2
chr4	2283	2316	2
chr4	1479	1529	2
chr4	1745	1802	2
chr4	3042	3074	2
chr4	1160	1227	2
chr4	2146	2177	2
chr4	1665	1688	2
chr4	3477	3505	2
chr4	1689	1718	2
chr4	1229	1310	2
chr4	35	66	2
chr4	2799	2839	2
chr4	3562	3633	2
chr4	2146	2278	2
chr4	2838	2900	2
chr4	1383	1478	2
chr4	1530	1576	2
chr4	1479	1501	2
chr4	3382	3414	2
chr4	2390	2455	2
chr4	752	778	2
chr4	2317	2389	2
chr4	985	992	2
chr4	993	994	2
chr4	35	71	2
chr4	1573	1597	2
chr4	1598	1646	2
chr4	1903	1980	2
chr4	1159	1228	2
chr4	3633	3687	2
chr4	936	962	2
chr4	3531	3562	2
chr4	1227	1310	2
chr4	1542	1576	2
chr4	801	818	2
chr4	937	981	2
chr4	2283	2315	2
chr4	3096	3208	2
chr4	1868	1920	2
chr4	1803	1825	2
chr4	2019	2082	2
chr4	3563	3633	2
chr4	2759	2798	3
chr4	1105	1158	3
chr4	3478	3561	3
chr4	3042	3094	3
chr4	840	859	3
chr4	895	936	3
chr4	2456	2570	3
chr4	1689	1719	3
chr4	1921	1980	3
chr4	1228	1310	3
chr4	2019	2097	3
chr4	2605	2680	3
chr4	1311	1366	3
chr4	2098	2145	3
chr4	2838	2901	3
chr4	819	839	3
chr4	1748	1802	3
chr4	2681	2759	3
chr4	2065	2082	3
chr4	2421	2454	3
chr4	636	751	3
chr4	35	70	3
chr4	2479	2505	3
chr4	1105	1159	3
chr4	509	541	3
chr4	2455	2478	3
chr4	2902	2961	3
chr4	2019	2064	3
chr4	2192	2230	3
chr4	819	858	4
chr4	860	894	4
chr4	2146	2191	4
chr4	859	894	4
chr4	2261	2282	4
chr4	2385	2420	4
chr4	3421	3477	4
chr4	2506	2570	4
chr4	3267	3328	5
chr4	2099	2145	5
chr4	3382	3420	5
chr4	2231	2260	5
chr4	2760	2798	5
chr4	1666	1688	5
chr4	1311	1382	5
chr4	3688	3743	5
chr4	2799	2837	5
chr4	3095	3208	5
chr4	2083	2098	5
chr4	3634	3687	5
chr4	1053	1104	6
chr4	1981	2018	6
chr4	3329	3381	6
chr4	3209	3266	6
chr4	2962	3023	6
chr4	3024	3041	6
chr4	982	994	6
chr4	2571	2604	6
chr4	1	34	7
chr4	1045	1046	8
chr4	1021	1022	8
chr4	1043	1044	8
chr4	1035	1036	8
chr4	1015	1016	8
chr4	995	996	8
chr4	1007	1008	8
chr4	1001	1002	8
chr4	1003	1004	8
chr4	1047	1048	8
chr4	1031	1032	8
chr4	1009	1010	8
chr4	997	998	8
chr4	1011	1012	8
chr4	1051	1052	8
chr4	1039	1040	8
chr4	1023	1024	8
chr4	1037	1038	8
chr4	1049	1050	8
chr4	1027	1028	8
chr4	1041	1042	8
chr4	1017	1018	8
chr4	1005	1006	8
chr4	999	1000	8
chr4	1025	1026	8
chr4	1033	1034	8
chr4	1019	1020	8
chr4	1013	1014	8
chr4	3744	3820	8
chr4	1029	1030	8
chr5	2231	2309	1
chr5	109	205	1
chr5	2293	2366	1
chr5	2059	2108	1
chr5	2309	2366	1
chr5	3439	3503	1
chr5	2398	2430	1
chr5	2036	2151	1
chr5	1896	1930	1
chr5	1231	1322	1
chr5	439	628	1
chr5	295	333	1
chr5	628	683	1
chr5	280	301	1
chr5	722	783	1
chr5	109	204	1
chr5	1859	1897	1
chr5	492	625	1
chr5	2635	2649	1
chr5	438	628	1
chr5	302	367	1
chr5	2650	2666	1
chr5	1323	1366	1
chr5	1523	1554	1
chr5	3354	3498	1
chr5	1633	1658	1
chr5	820	874	1
chr5	1555	1611	1
chr5	1298	1311	1
chr5	2775	2802	1
chr5	2821	2872	1
chr5	2033	2151	1
chr5	1368	1378	1
chr5	1170	1230	1
chr5	1383	1390	1
chr5	1886	1930	1
chr5	2210	2308	1
chr5	3417	3498	1
chr5	1970	2024	1
chr5	2629	2648	1
chr5	1330	1366	1
chr5	1311	1329	1
chr5	1970	2025	1
chr5	3354	3416	1
chr5	2803	2819	1
chr5	859	874	1
chr5	2035	2151	1
chr5	2617	2666	1
chr5	989	1048	1
chr5	1554	1612	1
chr5	1457	1481	1
chr5	206	294	1
chr5	2668	2686	1
chr5	628	653	1
chr5	1970	2034	1
chr5	2310	2429	1
chr5	1367	1456	1
chr5	2872	2918	1
chr5	2366	2430	1
chr5	2210	2292	1
chr5	792	819	1
chr5	3354	3412	1
chr5	2873	2974	1
chr5	1170	1229	1
chr5	1381	1382	1
chr5	1312	1329	1
chr5	1330	1367	1
chr5	2110	2154	1
chr5	1395	1398	1
chr5	302	333	1
chr5	768	874	1
chr5	1803	1897	1
chr5	722	765	1
chr5	1482	1522	1
chr5	2820	2846	1
chr5	2514	2616	1
chr5	2585	2628	1
chr5	669	683	1
chr5	989	1040	1
chr5	1393	1394	1
chr5	2293	2334	1
chr5	492	627	1
chr5	1816	1858	1
chr5	2975	2996	1
chr5	2109	2154	1
chr5	2740	2774	1
chr5	2025	2058	1
chr5	2033	2058	1
chr5	1612	1632	1
chr5	492	628	1
chr5	2210	2230	1
chr5	700	721	1
chr5	766	791	1
chr5	1298	1310	1
chr5	2059	2154	1
chr5	3404	3498	1
chr5	2155	2201	1
chr5	1970	2035	1
chr5	1379	1380	1
chr5	1803	1885	1
chr5	2309	2365	1
chr5	1659	1760	1
chr5	3582	3618	1
chr5	2231	2308	1
chr5	205	301	1
chr5	3354	3415	1
chr5	206	279	1
chr5	2873	2918	1
chr5	768	873	1
chr5	654	668	1
chr5	2366	2397	1
chr5	1183	1230	1
chr5	439	627	1
chr5	3354	3403	1
chr5	2584	2616	1
chr5	1803	1895	1
chr5	3403	3503	1
chr5	1005	1040	1
chr5	2538	2584	1
chr5	1523	1553	1
chr5	3413	3438	1
chr5	2538	2583	1
chr5	3416	3502	1
chr5	2431	2460	1
chr5	1231	1310	1
chr5	784	818	1
chr5	3438	3502	1
chr5	2335	2365	1
chr5	684	699	1
chr5	1279	1310	1
chr5	2293	2459	1
chr5	2059	2109	1
chr5	2026	2058	1
chr5	1399	1456	1
chr5	2974	3087	1
chr5	2202	2230	1
chr5	368	437	1
chr5	2431	2459	1
chr5	1391	1392	1
chr5	1133	1182	1
chr5	2649	2667	1
chr5	3438	3503	1
chr5	626	683	1
chr5	1803	1815	1
chr5	722	782	2
chr5	3403	3437	2
chr5	989	1044	2
chr5	1045	1089	2
chr5	2151	2200	2
chr5	2155	2200	2
chr5	3090	3144	2
chr5	1970	2031	2
chr5	1041	1089	2
chr5	2919	2945	2
chr5	2821	2845	2
chr5	3260	3299	2
chr5	2059	2150	2
chr5	2635	2648	2
chr5	3554	3616	2
chr5	1311	1366	2
chr5	2231	2247	2
chr5	3024	3088	2
chr5	2872	2973	2
chr5	783	818	2
chr5	2248	2292	2
chr5	2846	2872	2
chr5	1970	2032	2
chr5	334	367	2
chr5	2231	2292	2
chr5	1231	1278	2
chr5	2847	2872	2
chr5	859	873	2
chr5	3554	3618	2
chr5	2997	3023	2
chr5	1898	1930	2
chr5	2032	2058	2
chr5	2946	2973	2
chr5	1164	1230	2
chr5	1279	1297	2
chr5	2583	2616	2
chr5	3068	3089	2
chr5	2293	2429	2
chr5	722	767	2
chr5	3025	3067	2
chr5	2367	2459	2
chr5	1132	1169	2
chr5	1613	1760	2
chr5	3089	3144	2
chr5	2776	2802	2
chr5	1	930	2
chr5	1090	1131	2
chr5	3503	3553	2
chr5	3300	3353	2
chr5	2740	2775	2
chr5	368	438	2
chr5	654	683	3
chr5	819	858	3
chr5	2873	2973	3
chr5	2152	2209	3
chr5	2616	2634	3
chr5	874	930	3
chr5	1457	1522	3
chr5	2847	2871	3
chr5	3499	3553	3
chr5	1367	1419	3
chr5	2617	2648	3
chr5	3025	3087	3
chr5	3504	3553	3
chr5	206	367	3
chr5	1367	1418	3
chr5	1420	1456	3
chr5	1164	1229	3
chr5	629	653	3
chr5	2583	2615	3
chr5	3354	3402	3
chr5	1005	1048	3
chr5	1279	1311	3
chr5	1419	1456	3
chr5	368	436	3
chr5	875	930	3
chr5	437	491	3
chr5	3582	3616	3
chr5	2430	2460	3
chr5	1312	1366	3
chr5	3133	3197	4
chr5	2201	2230	4
chr5	3088	3132	4
chr5	1230	1278	4
chr5	3145	3197	4
chr5	3554	3581	4
chr5	2821	2846	4
chr5	138	205	4
chr5	1803	1896	4
chr5	2461	2513	4
chr5	1049	1089	4
chr5	1897	1930	4
chr5	1486	1522	4
chr5	1457	1485	4
chr5	109	137	4
chr5	2460	2513	4
chr5	989	1004	4
chr5	2649	2666	5
chr5	2775	2791	5
chr5	2759	2774	5
chr5	1133	1163	5
chr5	1633	1659	5
chr5	1613	1632	5
chr5	684	721	5
chr5	2538	2582	5
chr5	1660	1760	5
chr5	2792	2802	5
chr5	2740	2758	5
chr5	3617	3618	5
chr5	2997	3024	5
chr5	1090	1132	6
chr5	1553	1612	6
chr5	3260	3353	6
chr5	2974	2996	6
chr5	1523	1552	6
chr5	1	34	6
chr5	35	108	6
chr5	2803	2820	7
chr5	2514	2537	7
chr5	2667	2686	7
chr5	953	954	8
chr5	1931	1969	8
chr5	945	946	8
chr5	975	976	8
chr5	949	950	8
chr5	937	938	8
chr5	3198	3259	8
chr5	955	956	8
chr5	973	974	8
chr5	967	968	8
chr5	979	980	8
chr5	957	958	8
chr5	931	932	8
chr5	987	988	8
chr5	965	966	8
chr5	933	934	8
chr5	951	952	8
chr5	939	940	8
chr5	961	962	8
chr5	985	986	8
chr5	981	982	8
chr5	971	972	8
chr5	959	960	8
chr5	969	970	8
chr5	963	964	8
chr5	2687	2739	8
chr5	1761	1802	8
chr5	941	942	8
chr5	977	978	8
chr5	935	936	8
chr5	983	984	8
chr5	943	944	8
chr5	947	948	8
chr6	2453	2509	1
chr6	1238	1291	1
chr6	488	503	1
chr6	1040	1074	1
chr6	218	275	1
chr6	2770	2849	1
chr6	2850	2941	1
chr6	2856	2877	1
chr6	3113	3171	1
chr6	1915	1995	1
chr6	3172	3191	1
chr6	1163	1176	1
chr6	2390	2473	1
chr6	888	1177	1
chr6	1292	1385	1
chr6	276	325	1
chr6	1039	1073	1
chr6	2452	2509	1
chr6	210	232	1
chr6	2850	2876	1
chr6	2927	2986	1
chr6	667	705	1
chr6	2289	2341	1
chr6	1125	1149	1
chr6	1150	1162	1
chr6	2856	2876	1
chr6	2165	2188	1
chr6	602	630	1
chr6	2878	2926	1
chr6	821	851	1
chr6	84	101	1
chr6	1613	1657	1
chr6	2288	2344	1
chr6	777	833	1
chr6	2978	3003	1
chr6	2449	2474	1
chr6	777	821	1
chr6	2640	2689	1
chr6	2387	2454	1
chr6	1077	1123	1
chr6	2769	2794	1
chr6	602	629	1
chr6	314	325	1
chr6	218	232	1
chr6	889	1176	1
chr6	2739	2768	1
chr6	1040	1076	1
chr6	2387	2450	1
chr6	2596	2651	1
chr6	3192	3221	1
chr6	1727	1755	1
chr6	2640	2688	1
chr6	2942	2977	1
chr6	1687	1725	1
chr6	2137	2188	1
chr6	921	1012	1
chr6	2850	2977	1
chr6	1237	1292	1
chr6	2190	2216	1
chr6	604	629	1
chr6	2288	2346	1
chr6	1075	1124	1
chr6	822	835	1
chr6	3067	3112	1
chr6	521	601	1
chr6	2738	2769	1
chr6	3037	3099	1
chr6	2249	2286	1
chr6	2641	2689	1
chr6	1292	1345	1
chr6	2690	2716	1
chr6	948	1012	1
chr6	326	401	1
chr6	1488	1531	1
chr6	921	999	1
chr6	403	487	1
chr6	402	502	1
chr6	275	325	1
chr6	3058	3099	1
chr6	2217	2249	1
chr6	2342	2389	1
chr6	1387	1531	1
chr6	166	217	1
chr6	2387	2473	1
chr6	834	851	1
chr6	2744	2767	1
chr6	3004	3034	1
chr6	2510	2559	1
chr6	921	1038	1
chr6	3003	3035	1
chr6	921	947	1
chr6	2987	3003	1
chr6	1658	1686	1
chr6	1074	1123	1
chr6	2475	2509	1
chr6	1000	1039	1
chr6	84	102	1
chr6	998	1039	1
chr6	2768	2794	1
chr6	777	826	1
chr6	631	665	1
chr6	921	997	1
chr6	604	630	1
chr6	2560	2595	1
chr6	921	1039	1
chr6	2641	2688	1
chr6	2474	2510	1
chr6	2386	2448	1
chr6	1387	1487	1
chr6	3035	3066	1
chr6	2455	2509	1
chr6	2850	2925	1
chr6	3035	3057	1
chr6	821	835	1
chr6	2652	2689	1
chr6	1996	2104	1
chr6	2249	2288	1
chr6	2475	2510	1
chr6	3090	3192	1
chr6	2717	2743	1
chr6	3004	3036	1
chr6	2686	2738	1
chr6	559	601	1
chr6	1237	1291	1
chr6	218	274	1
chr6	2345	2451	1
chr6	2105	2136	1
chr6	631	666	1
chr6	103	132	1
chr6	277	313	1
chr6	1726	1755	1
chr6	3090	3171	1
chr6	1687	1726	1
chr6	2451	2474	1
chr6	827	888	1
chr6	2927	2977	1
chr6	872	887	1
chr6	2342	2452	1
chr6	2926	2976	1
chr6	2287	2341	1
chr6	2347	2473	1
chr6	3036	3099	1
chr6	2165	2189	1
chr6	2342	2385	1
chr6	1346	1386	1
chr6	1203	1204	2
chr6	3062	3099	2
chr6	641	665	2
chr6	2795	2855	2
chr6	728	745	2
chr6	1189	1190	2
chr6	2	30	2
chr6	2553	2595	2
chr6	3332	3357	2
chr6	559	603	2
chr6	1812	1827	2
chr6	1205	1206	2
chr6	1915	1916	2
chr6	1201	1202	2
chr6	1917	1995	2
chr6	1532	1612	2
chr6	2877	2926	2
chr6	1213	1214	2
chr6	1227	1228	2
chr6	403	502	2
chr6	2783	2855	2
chr6	1187	1188	2
chr6	2690	2737	2
chr6	3332	3420	2
chr6	1179	1180	2
chr6	2689	2716	2
chr6	1197	1198	2
chr6	1193	1194	2
chr6	1233	1234	2
chr6	1223	1224	2
chr6	1219	1220	2
chr6	1209	1210	2
chr6	1211	1212	2
chr6	1235	1236	2
chr6	1533	1612	2
chr6	836	851	2
chr6	2717	2738	2
chr6	1185	1186	2
chr6	1229	1230	2
chr6	1217	1218	2
chr6	1794	1811	2
chr6	2978	3002	2
chr6	1199	1200	2
chr6	3	55	2
chr6	777	820	2
chr6	2137	2164	2
chr6	403	488	2
chr6	1221	1222	2
chr6	1225	1226	2
chr6	1231	1232	2
chr6	1183	1184	2
chr6	3358	3421	2
chr6	163	209	2
chr6	2596	2639	2
chr6	1293	1385	2
chr6	2511	2551	2
chr6	2739	2782	2
chr6	2510	2552	2
chr6	3037	3089	2
chr6	163	217	2
chr6	233	253	2
chr6	2137	2215	2
chr6	706	727	2
chr6	3035	3061	2
chr6	2216	2249	2
chr6	1613	1686	2
chr6	1215	1216	2
chr6	489	503	2
chr6	1191	1192	2
chr6	372	502	2
chr6	1181	1182	2
chr6	1520	1532	2
chr6	1195	1196	2
chr6	1207	1208	2
chr6	2474	2509	2
chr6	2856	2926	2
chr6	1828	1870	2
chr6	1013	1039	2
chr6	1659	1755	2
chr6	3193	3221	2
chr6	630	640	2
chr6	2189	2216	2
chr6	56	83	2
chr6	3003	3036	2
chr6	1177	1178	2
chr6	2686	2737	2
chr6	2250	2287	3
chr6	835	871	3
chr6	343	371	3
chr6	1387	1435	3
chr6	2249	2287	3
chr6	1996	2117	3
chr6	2	3	3
chr6	1827	1914	3
chr6	2342	2386	3
chr6	2137	2216	3
chr6	1659	1686	3
chr6	166	209	3
chr6	326	342	3
chr6	2641	2685	3
chr6	2510	2551	3
chr6	2783	2849	3
chr6	2118	2136	3
chr6	3003	3034	3
chr6	504	520	3
chr6	1073	1123	3
chr6	3222	3331	3
chr6	1040	1072	3
chr6	2738	2782	3
chr6	2927	2976	3
chr6	777	834	3
chr6	1386	1435	3
chr6	1827	1870	3
chr6	3332	3421	4
chr6	2977	3002	4
chr6	1293	1386	4
chr6	1520	1612	4
chr6	2106	2136	4
chr6	232	253	4
chr6	593	608	4
chr6	326	371	4
chr6	609	629	4
chr6	1996	2105	4
chr6	210	231	4
chr6	1687	1755	4
chr6	559	592	4
chr6	4	30	4
chr6	133	165	4
chr6	852	871	4
chr6	630	665	4
chr6	2288	2341	4
chr6	133	162	4
chr6	1915	1958	5
chr6	1959	1995	5
chr6	3193	3331	5
chr6	277	325	5
chr6	2596	2640	5
chr6	3100	3171	5
chr6	1238	1292	5
chr6	1871	1914	5
chr6	1124	1147	5
chr6	372	402	5
chr6	1148	1177	5
chr6	503	520	5
chr6	2552	2595	5
chr6	1613	1658	5
chr6	2217	2248	5
chr6	1178	1179	6
chr6	1210	1211	6
chr6	1180	1181	6
chr6	1182	1183	6
chr6	3172	3192	6
chr6	1196	1197	6
chr6	1202	1203	6
chr6	1214	1215	6
chr6	1212	1213	6
chr6	1462	1488	6
chr6	1208	1209	6
chr6	1188	1189	6
chr6	1206	1207	6
chr6	1234	1235	6
chr6	1220	1221	6
chr6	1200	1201	6
chr6	1198	1199	6
chr6	254	276	6
chr6	1236	1237	6
chr6	1232	1233	6
chr6	1489	1519	6
chr6	872	888	6
chr6	1190	1191	6
chr6	56	101	6
chr6	1184	1185	6
chr6	1194	1195	6
chr6	1216	1217	6
chr6	1192	1193	6
chr6	1228	1229	6
chr6	1222	1223	6
chr6	1224	1225	6
chr6	1218	1219	6
chr6	31	55	6
chr6	1186	1187	6
chr6	1230	1231	6
chr6	1794	1826	6
chr6	706	745	6
chr6	1226	1227	6
chr6	889	920	6
chr6	1204	1205	6
chr6	1436	1461	6
chr6	666	705	7
chr6	102	132	7
chr6	521	558	7
chr6	746	776	8
chr6	1756	1793	8
chr7	1710	1738	1
chr7	1739	1857	1
chr7	2044	2105	1
chr7	465	505	1
chr7	333	394	1
chr7	2879	2986	1
chr7	1555	1622	1
chr7	2808	2830	1
chr7	1991	2019	1
chr7	593	616	1
chr7	1649	1710	1
chr7	251	332	1
chr7	1649	1757	1
chr7	2884	2976	1
chr7	684	728	1
chr7	1802	1829	1
chr7	1227	1234	1
chr7	2804	2830	1
chr7	2049	2105	1
chr7	1650	1710	1
chr7	1908	1969	1
chr7	1830	1858	1
chr7	466	505	1
chr7	1758	1801	1
chr7	1709	1738	1
chr7	395	464	1
chr7	563	592	1
chr7	2847	2878	1
chr7	2379	2434	1
chr7	1649	1708	1
chr7	250	302	1
chr7	1225	1226	1
chr7	2808	2846	1
chr7	1235	1303	1
chr7	395	465	1
chr7	2358	2434	1
chr7	59	92	1
chr7	1520	1554	1
chr7	1908	1970	1
chr7	859	879	1
chr7	2626	2682	1
chr7	2156	2268	1
chr7	2269	2331	1
chr7	1649	1709	1
chr7	1971	1990	1
chr7	252	334	1
chr7	1739	1757	1
chr7	563	594	1
chr7	2977	3019	1
chr7	1229	1239	1
chr7	335	463	1
chr7	2106	2155	1
chr7	169	249	1
chr7	595	616	1
chr7	506	563	1
chr7	2595	2625	1
chr7	1970	1994	1
chr7	467	504	1
chr7	793	879	1
chr7	2358	2378	1
chr7	2020	2048	1
chr7	1029	1162	1
chr7	2560	2594	1
chr7	1227	1228	1
chr7	2062	2090	1
chr7	2491	2560	1
chr7	506	616	1
chr7	793	858	1
chr7	2491	2559	1
chr7	2378	2408	1
chr7	2358	2377	1
chr7	2409	2434	1
chr7	93	116	1
chr7	2044	2061	1
chr7	2987	3019	1
chr7	2268	2331	1
chr7	651	683	1
chr7	505	562	1
chr7	905	965	1
chr7	564	593	1
chr7	1859	1910	1
chr7	2157	2267	1
chr7	303	337	1
chr7	464	505	1
chr7	966	1028	1
chr7	1	58	1
chr7	2782	2803	1
chr7	1732	1857	1
chr7	1447	1519	1
chr7	338	394	1
chr7	1649	1731	1
chr7	2331	2490	1
chr7	2491	2539	1
chr7	2709	2745	2
chr7	2975	3019	2
chr7	2331	2358	2
chr7	1001	1029	2
chr7	615	651	2
chr7	2359	2434	2
chr7	1097	1124	2
chr7	769	804	2
chr7	2978	3014	2
chr7	2129	2156	2
chr7	905	946	2
chr7	395	442	2
chr7	117	139	2
chr7	769	879	2
chr7	905	1162	2
chr7	251	333	2
chr7	31	58	2
chr7	1650	1757	2
chr7	2884	2959	2
chr7	2782	2807	2
chr7	729	769	2
chr7	94	117	2
chr7	563	593	2
chr7	2683	2708	2
chr7	2831	2846	2
chr7	1030	1096	2
chr7	140	168	2
chr7	1758	1857	2
chr7	3015	3035	2
chr7	2975	3051	2
chr7	2020	2043	2
chr7	1446	1494	2
chr7	2960	2977	2
chr7	1227	1239	2
chr7	3036	3051	2
chr7	1711	1757	2
chr7	652	728	2
chr7	805	879	2
chr7	2106	2128	2
chr7	2048	2090	2
chr7	2332	2490	2
chr7	770	879	2
chr7	1553	1622	2
chr7	1858	1910	2
chr7	947	1000	2
chr7	1337	1445	2
chr7	506	614	2
chr7	118	140	2
chr7	769	792	2
chr7	1553	1648	2
chr7	1	30	2
chr7	1553	1649	3
chr7	1002	1029	3
chr7	1908	1952	3
chr7	1096	1124	3
chr7	416	442	3
chr7	252	333	3
chr7	965	1001	3
chr7	1520	1552	3
chr7	1497	1519	3
chr7	2048	2105	3
chr7	395	415	3
chr7	169	250	3
chr7	1623	1648	3
chr7	1758	1829	3
chr7	2595	2610	3
chr7	2091	2105	3
chr7	1030	1095	3
chr7	905	964	3
chr7	1830	1857	3
chr7	594	616	3
chr7	2611	2624	3
chr7	1911	1952	3
chr7	506	562	3
chr7	1223	1226	3
chr7	2331	2357	3
chr7	1497	1520	4
chr7	2884	2974	4
chr7	169	251	4
chr7	1521	1552	4
chr7	2595	2624	4
chr7	3020	3051	4
chr7	117	140	4
chr7	467	505	4
chr7	1225	1239	4
chr7	1125	1162	5
chr7	1858	1907	5
chr7	2463	2493	5
chr7	26	58	5
chr7	2435	2462	5
chr7	683	728	5
chr7	2106	2156	5
chr7	443	466	5
chr7	2494	2539	5
chr7	651	682	5
chr7	1223	1224	5
chr7	1	25	5
chr7	2782	2846	5
chr7	94	116	5
chr7	2020	2047	5
chr7	1447	1494	5
chr7	334	394	5
chr7	2683	2707	6
chr7	2269	2330	6
chr7	2157	2268	6
chr7	2540	2560	6
chr7	1953	1970	6
chr7	141	168	6
chr7	617	650	6
chr7	1337	1446	6
chr7	2708	2745	6
chr7	729	768	6
chr7	1971	1994	6
chr7	2561	2594	7
chr7	1995	2019	7
chr7	1495	1496	7
chr7	2847	2883	7
chr7	1240	1303	7
chr7	2625	2682	7
chr7	59	93	7
chr7	1181	1182	8
chr7	1165	1166	8
chr7	1197	1198	8
chr7	1199	1200	8
chr7	1189	1190	8
chr7	1173	1174	8
chr7	1163	1164	8
chr7	1169	1170	8
chr7	1205	1206	8
chr7	1177	1178	8
chr7	1185	1186	8
chr7	1191	1192	8
chr7	1187	1188	8
chr7	1213	1214	8
chr7	1209	1210	8
chr7	1219	1220	8
chr7	1193	1194	8
chr7	1183	1184	8
chr7	1207	1208	8
chr7	1179	1180	8
chr7	1217	1218	8
chr7	2746	2781	8
chr7	1211	1212	8
chr7	3093	3144	8
chr7	1195	1196	8
chr7	1201	1202	8
chr7	1304	1336	8
chr7	1221	1222	8
chr7	1171	1172	8
chr7	880	904	8
chr7	1215	1216	8
chr7	1167	1168	8
chr7	1203	1204	8
chr7	3145	3182	8
chr7	3052	3092	8
chr7	1175	1176	8
chr8	1983	2032	1
chr8	828	859	1
chr8	248	435	1
chr8	937	961	1
chr8	803	834	1
chr8	1484	1519	1
chr8	1519	1585	1
chr8	1190	1282	1
chr8	238	249	1
chr8	2177	2271	1
chr8	1070	1110	1
chr8	1846	1894	1
chr8	2417	2473	1
chr8	1388	1411	1
chr8	2259	2311	1
chr8	239	250	1
chr8	1070	1331	1
chr8	500	553	1
chr8	2078	2092	1
chr8	1111	1192	1
chr8	2177	2236	1
chr8	2138	2177	1
chr8	2238	2273	1
chr8	402	441	1
chr8	2198	2237	1
chr8	803	859	1
chr8	1332	1387	1
chr8	1252	1282	1
chr8	1849	1894	1
chr8	1484	1518	1
chr8	1815	1848	1
chr8	2830	2887	1
chr8	835	859	1
chr8	195	215	1
chr8	554	579	1
chr8	248	340	1
chr8	162	194	1
chr8	1192	1226	1
chr8	1815	1845	1
chr8	1162	1192	1
chr8	215	237	1
chr8	402	440	1
chr8	250	340	1
chr8	216	247	1
chr8	1331	1374	1
chr8	1110	1166	1
chr8	2177	2258	1
chr8	248	271	1
chr8	467	499	1
chr8	826	859	1
chr8	1390	1517	1
chr8	2078	2094	1
chr8	1283	1331	1
chr8	803	828	1
chr8	250	401	1
chr8	553	579	1
chr8	1	42	1
chr8	2796	2829	1
chr8	1390	1411	1
chr8	962	980	1
chr8	774	825	1
chr8	2137	2177	1
chr8	1286	1330	1
chr8	441	466	1
chr8	239	247	1
chr8	1375	1517	1
chr8	196	247	1
chr8	1146	1191	1
chr8	2082	2137	1
chr8	1610	1653	1
chr8	442	466	1
chr8	1110	1143	1
chr8	2312	2366	1
chr8	1110	1161	1
chr8	2177	2197	1
chr8	1332	1369	1
chr8	272	340	1
chr8	963	980	1
chr8	774	827	1
chr8	196	249	1
chr8	1518	1586	1
chr8	1103	1143	1
chr8	2676	2718	1
chr8	829	859	1
chr8	2272	2312	1
chr8	937	962	1
chr8	2095	2136	1
chr8	1518	1609	1
chr8	2237	2273	1
chr8	1370	1389	1
chr8	251	340	1
chr8	1283	1306	1
chr8	43	121	1
chr8	1110	1145	1
chr8	2675	2795	1
chr8	1587	1653	1
chr8	1252	1285	1
chr8	1332	1389	1
chr8	2033	2077	1
chr8	2093	2137	1
chr8	122	161	1
chr8	1070	1102	1
chr8	1070	1189	1
chr8	215	238	2
chr8	580	601	2
chr8	1845	1894	2
chr8	1332	1388	2
chr8	2511	2535	2
chr8	1374	1411	2
chr8	1282	1306	2
chr8	2474	2511	2
chr8	1144	1166	2
chr8	2441	2473	2
chr8	1927	1983	2
chr8	1332	1373	2
chr8	1753	1814	2
chr8	1465	1519	2
chr8	251	435	2
chr8	2796	2833	2
chr8	2511	2522	2
chr8	2082	2270	2
chr8	1735	1844	2
chr8	2909	2910	2
chr8	2536	2635	2
chr8	1735	1752	2
chr8	1518	1585	2
chr8	1433	1464	2
chr8	1	160	2
chr8	554	601	2
chr8	2271	2312	2
chr8	2511	2635	2
chr8	2178	2270	2
chr8	2536	2616	2
chr8	1984	2046	2
chr8	2417	2440	2
chr8	2512	2674	2
chr8	2720	2795	2
chr8	937	980	2
chr8	161	250	2
chr8	2274	2312	2
chr8	2676	2719	2
chr8	1308	1331	2
chr8	2911	2926	2
chr8	2834	2849	2
chr8	1389	1517	2
chr8	1433	1483	2
chr8	467	553	2
chr8	2523	2535	2
chr8	1282	1307	2
chr8	2271	2366	2
chr8	2617	2635	2
chr8	2094	2137	3
chr8	2909	2926	3
chr8	2888	2926	3
chr8	2047	2081	3
chr8	2078	2093	3
chr8	774	826	3
chr8	1307	1331	3
chr8	827	859	3
chr8	2367	2416	3
chr8	402	435	3
chr8	2636	2675	3
chr8	196	214	3
chr8	774	802	3
chr8	2636	2674	3
chr8	1167	1192	3
chr8	1520	1585	3
chr8	957	980	4
chr8	1412	1432	4
chr8	1252	1281	4
chr8	2138	2176	4
chr8	2675	2718	4
chr8	937	956	4
chr8	1844	1894	4
chr8	376	401	4
chr8	1735	1843	4
chr8	1070	1109	4
chr8	341	375	4
chr8	553	601	4
chr8	2047	2077	4
chr8	1983	2046	5
chr8	2907	2908	5
chr8	2418	2473	5
chr8	162	195	5
chr8	2719	2795	5
chr8	2888	2906	5
chr8	2796	2849	5
chr8	2367	2417	5
chr8	1	161	5
chr8	2313	2366	5
chr8	467	552	5
chr8	1193	1226	5
chr8	1927	1982	6
chr8	1586	1610	6
chr8	436	466	6
chr8	2474	2510	6
chr8	1611	1653	6
chr8	1227	1251	6
chr8	2850	2887	7
chr8	925	926	8
chr8	903	904	8
chr8	897	898	8
chr8	883	884	8
chr8	911	912	8
chr8	895	896	8
chr8	879	880	8
chr8	889	890	8
chr8	602	670	8
chr8	1654	1732	8
chr8	917	918	8
chr8	671	752	8
chr8	893	894	8
chr8	931	932	8
chr8	901	902	8
chr8	907	908	8
chr8	753	773	8
chr8	921	922	8
chr8	1733	1734	8
chr8	919	920	8
chr8	899	900	8
chr8	887	888	8
chr8	913	914	8
chr8	909	910	8
chr8	860	878	8
chr8	981	1069	8
chr8	933	934	8
chr8	935	936	8
chr8	881	882	8
chr8	905	906	8
chr8	923	924	8
chr8	929	930	8
chr8	1895	1926	8
chr8	927	928	8
chr8	891	892	8
chr8	915	916	8
chr8	885	886	8
chr9	2284	2314	1
chr9	841	850	1
chr9	736	784	1
chr9	819	822	1
chr9	255	315	1
chr9	1982	2008	1
chr9	2486	2543	1
chr9	831	836	1
chr9	317	350	1
chr9	1780	1838	1
chr9	1740	1779	1
chr9	801	818	1
chr9	736	774	1
chr9	847	848	1
chr9	1315	1316	1
chr9	879	886	1
chr9	2068	2246	1
chr9	576	660	1
chr9	1353	1354	1
chr9	2719	2822	1
chr9	1311	1314	1
chr9	1321	1324	1
chr9	57	87	1
chr9	398	424	1
chr9	843	848	1
chr9	2247	2283	1
chr9	2285	2318	1
chr9	1317	1320	1
chr9	833	838	1
chr9	1897	1947	1
chr9	859	864	1
chr9	2285	2320	1
chr9	1417	1473	1
chr9	2009	2038	1
chr9	2513	2546	1
chr9	1548	1596	1
chr9	535	665	1
chr9	2343	2367	1
chr9	1317	1318	1
chr9	2069	2150	1
chr9	450	533	1
chr9	2203	2246	1
chr9	935	940	1
chr9	1321	1322	1
chr9	1309	1324	1
chr9	837	840	1
chr9	849	850	1
chr9	799	818	1
chr9	398	423	1
chr9	424	449	1
chr9	1309	1312	1
chr9	776	790	1
chr9	2247	2284	1
chr9	2033	2067	1
chr9	801	810	1
chr9	845	846	1
chr9	1475	1516	1
chr9	775	784	1
chr9	1948	1981	1
chr9	263	297	1
chr9	839	840	1
chr9	789	792	1
chr9	833	852	1
chr9	1355	1360	1
chr9	2343	2465	1
chr9	1413	1416	1
chr9	2151	2232	1
chr9	2804	2822	1
chr9	2010	2034	1
chr9	2286	2317	1
chr9	1982	2009	1
chr9	1557	1601	1
chr9	736	749	1
chr9	1478	1516	1
chr9	1719	1780	1
chr9	1418	1838	1
chr9	1597	1718	1
chr9	811	818	1
chr9	2485	2543	1
chr9	1517	1547	1
chr9	2172	2246	1
chr9	1	666	1
chr9	1510	1556	1
chr9	841	844	1
chr9	2785	2803	1
chr9	2318	2342	1
chr9	1478	1555	1
chr9	1409	1414	1
chr9	1319	1320	1
chr9	1948	2008	1
chr9	1339	1342	1
chr9	839	842	1
chr9	2368	2465	1
chr9	1474	1509	1
chr9	534	575	1
chr9	1309	1314	1
chr9	118	666	1
chr9	1915	1948	1
chr9	201	254	1
chr9	849	852	1
chr9	2233	2284	1
chr9	1333	1340	1
chr9	425	533	1
chr9	1602	1739	1
chr9	736	775	1
chr9	867	878	1
chr9	835	838	1
chr9	1418	1474	1
chr9	857	858	1
chr9	666	688	1
chr9	694	735	1
chr9	2069	2202	1
chr9	1	56	1
chr9	1915	1947	1
chr9	1949	1981	1
chr9	1556	1601	1
chr9	2069	2246	1
chr9	1602	1724	1
chr9	2204	2246	1
chr9	1415	1473	1
chr9	1409	1412	1
chr9	2319	2342	1
chr9	1319	1322	1
chr9	881	886	1
chr9	1313	1318	1
chr9	88	117	1
chr9	1353	1356	1
chr9	689	735	1
chr9	2485	2523	1
chr9	2315	2465	1
chr9	298	316	1
chr9	593	660	1
chr9	534	592	1
chr9	2039	2068	1
chr9	1315	1338	1
chr9	1317	1322	1
chr9	1357	1360	1
chr9	1596	1620	2
chr9	1363	1404	2
chr9	935	938	2
chr9	694	724	2
chr9	2368	2466	2
chr9	201	253	2
chr9	847	852	2
chr9	1333	1338	2
chr9	1325	1342	2
chr9	833	842	2
chr9	2286	2320	2
chr9	689	724	2
chr9	2033	2068	2
chr9	144	200	2
chr9	2233	2246	2
chr9	58	93	2
chr9	895	904	2
chr9	1319	1324	2
chr9	843	846	2
chr9	1363	1406	2
chr9	1353	1360	2
chr9	2524	2546	2
chr9	907	916	2
chr9	1557	1595	2
chr9	2035	2067	2
chr9	2486	2523	2
chr9	1309	1316	2
chr9	2069	2171	2
chr9	1339	1340	2
chr9	819	820	2
chr9	1621	1724	2
chr9	263	315	2
chr9	939	940	2
chr9	2286	2318	2
chr9	933	940	2
chr9	2035	2068	2
chr9	1897	1946	2
chr9	1418	1477	2
chr9	22	57	2
chr9	2649	2662	2
chr9	667	693	2
chr9	254	315	2
chr9	1333	1342	2
chr9	2068	2087	2
chr9	837	842	2
chr9	351	397	2
chr9	1897	1914	2
chr9	835	836	2
chr9	2319	2367	2
chr9	889	890	2
chr9	843	852	2
chr9	661	688	2
chr9	1947	2008	2
chr9	919	920	2
chr9	1	21	2
chr9	887	888	2
chr9	851	852	2
chr9	94	116	2
chr9	694	718	2
chr9	1597	1724	2
chr9	1374	1406	2
chr9	725	784	2
chr9	1311	1318	2
chr9	2467	2484	2
chr9	2088	2150	2
chr9	2204	2232	2
chr9	907	930	2
chr9	719	735	2
chr9	1557	1596	2
chr9	2638	2648	2
chr9	917	918	2
chr9	725	749	2
chr9	801	820	2
chr9	921	930	2
chr9	2151	2171	2
chr9	1374	1404	2
chr9	1418	1473	2
chr9	117	143	2
chr9	2544	2591	2
chr9	825	828	2
chr9	2513	2523	2
chr9	661	693	3
chr9	2321	2466	3
chr9	2564	2591	3
chr9	2524	2543	3
chr9	867	890	3
chr9	2547	2591	3
chr9	2466	2484	3
chr9	827	830	3
chr9	1897	1948	3
chr9	787	790	3
chr9	1341	1342	3
chr9	881	890	3
chr9	1309	1310	3
chr9	1949	2008	3
chr9	801	822	3
chr9	789	790	3
chr9	535	660	3
chr9	750	784	3
chr9	939	942	3
chr9	933	934	3
chr9	2009	2034	3
chr9	201	262	3
chr9	933	938	3
chr9	2467	2485	3
chr9	833	834	3
chr9	827	828	3
chr9	1323	1324	3
chr9	2172	2203	3
chr9	793	798	3
chr9	2009	2032	3
chr9	2485	2512	3
chr9	1474	1516	3
chr9	2544	2563	3
chr9	1517	1556	4
chr9	1351	1352	4
chr9	787	788	4
chr9	397	424	4
chr9	867	880	4
chr9	821	822	4
chr9	351	396	4
chr9	137	200	4
chr9	425	534	4
chr9	907	928	4
chr9	1363	1373	4
chr9	117	136	4
chr9	58	87	4
chr9	1	57	4
chr9	1405	1406	4
chr9	929	930	4
chr9	1351	1360	4
chr9	88	116	4
chr9	793	794	5
chr9	1329	1332	5
chr9	795	798	5
chr9	316	350	5
chr9	941	942	5
chr9	829	830	5
chr9	1325	1328	5
chr9	2247	2285	5
chr9	1725	1780	5
chr9	825	826	6
chr9	901	904	6
chr9	1409	1417	6
chr9	2810	2822	6
chr9	1781	1838	6
chr9	2785	2809	6
chr9	895	900	6
chr9	2638	2662	6
chr9	2719	2784	7
chr9	785	786	7
chr9	857	864	7
chr9	791	792	7
chr9	831	832	7
chr9	799	800	7
chr9	1031	1032	8
chr9	1197	1198	8
chr9	1083	1084	8
chr9	1193	1194	8
chr9	931	932	8
chr9	1121	1122	8
chr9	1079	1080	8
chr9	1233	1234	8
chr9	1195	1196	8
chr9	973	974	8
chr9	2592	2618	8
chr9	1189	1190	8
chr9	1119	1120	8
chr9	1049	1050	8
chr9	947	948	8
chr9	1069	1070	8
chr9	1165	1166	8
chr9	1125	1126	8
chr9	1003	1004	8
chr9	1245	1246	8
chr9	1015	1016	8
chr9	1047	1048	8
chr9	1035	1036	8
chr9	1157	1158	8
chr9	2663	2664	8
chr9	1061	1062	8
chr9	891	892	8
chr9	1135	1136	8
chr9	1155	1156	8
chr9	1087	1088	8
chr9	1107	1108	8
chr9	1185	1186	8
chr9	1167	1168	8
chr9	1075	1076	8
chr9	1345	1348	8
chr9	1291	1292	8
chr9	1001	1002	8
chr9	993	994	8
chr9	1013	1014	8
chr9	1407	1408	8
chr9	961	962	8
chr9	987	988	8
chr9	1007	1008	8
chr9	1239	1240	8
chr9	1173	1174	8
chr9	1153	1154	8
chr9	1123	1124	8
chr9	1051	1052	8
chr9	1349	1350	8
chr9	1211	1212	8
chr9	853	854	8
chr9	1207	1208	8
chr9	1137	1138	8
chr9	953	954	8
chr9	1191	1192	8
chr9	1067	1068	8
chr9	823	824	8
chr9	1021	1022	8
chr9	1179	1180	8
chr9	1161	1162	8
chr9	1295	1296	8
chr9	1101	1102	8
chr9	1129	1130	8
chr9	1287	1288	8
chr9	1265	1266	8
chr9	1163	1164	8
chr9	1159	1160	8
chr9	1285	1286	8
chr9	1063	1064	8
chr9	969	970	8
chr9	1037	1038	8
chr9	1209	1210	8
chr9	1281	1282	8
chr9	1343	1344	8
chr9	1081	1082	8
chr9	1267	1268	8
chr9	1283	1284	8
chr9	1041	1042	8
chr9	977	978	8
chr9	1149	1150	8
chr9	1235	1236	8
chr9	1053	1054	8
chr9	981	982	8
chr9	1247	1248	8
chr9	1131	1132	8
chr9	999	1000	8
chr9	1055	1056	8
chr9	1133	1134	8
chr9	1077	1078	8
chr9	1203	1204	8
chr9	989	990	8
chr9	1103	1104	8
chr9	951	952	8
chr9	1301	1302	8
chr9	1251	1252	8
chr9	1241	1242	8
chr9	855	856	8
chr9	1169	1170	8
chr9	1043	1044	8
chr9	943	946	8
chr9	893	894	8
chr9	1257	1258	8
chr9	1263	1264	8
chr9	1361	1362	8
chr9	1215	1216	8
chr9	1071	1072	8
chr9	1091	1092	8
chr9	975	976	8
chr9	1093	1094	8
chr9	1145	1146	8
chr9	2665	2718	8
chr9	997	998	8
chr9	1275	1276	8
chr9	1127	1128	8
chr9	1089	1090	8
chr9	971	972	8
chr9	1277	1278	8
chr9	1141	1142	8
chr9	1175	1176	8
chr9	1249	1250	8
chr9	1019	1020	8
chr9	967	968	8
chr9	983	984	8
chr9	1095	1096	8
chr9	1297	1298	8
chr9	1147	1148	8
chr9	1109	1110	8
chr9	1839	1896	8
chr9	1097	1098	8
chr9	1065	1066	8
chr9	1293	1294	8
chr9	1259	1260	8
chr9	1261	1262	8
chr9	1289	1290	8
chr9	1011	1012	8
chr9	991	992	8
chr9	1115	1116	8
chr9	865	866	8
chr9	1117	1118	8
chr9	1151	1152	8
chr9	1111	1112	8
chr9	1085	1086	8
chr9	1099	1100	8
chr9	1305	1306	8
chr9	965	966	8
chr9	985	986	8
chr9	1177	1178	8
chr9	1219	1220	8
chr9	1105	1106	8
chr9	1183	1184	8
chr9	1307	1308	8
chr9	1073	1074	8
chr9	1273	1274	8
chr9	1231	1232	8
chr9	1139	1140	8
chr9	957	958	8
chr9	1059	1060	8
chr9	905	906	8
chr9	1039	1040	8
chr9	963	964	8
chr9	1171	1172	8
chr9	1253	1254	8
chr9	1009	1010	8
chr9	1221	1222	8
chr9	1017	1018	8
chr9	949	950	8
chr9	1199	1200	8
chr9	995	996	8
chr9	955	956	8
chr9	1025	1026	8
chr9	1181	1182	8
chr9	1005	1006	8
chr9	1271	1272	8
chr9	1225	1226	8
chr9	1027	1028	8
chr9	1217	1218	8
chr9	979	980	8
chr9	959	960	8
chr9	1205	1206	8
chr9	1255	1256	8
chr9	1023	1024	8
chr9	1201	1202	8
chr9	1269	1270	8
chr9	1303	1304	8
chr9	1057	1058	8
chr9	1243	1244	8
chr9	1045	1046	8
chr9	1299	1300	8
chr9	1143	1144	8
chr9	1113	1114	8
chr9	1033	1034	8
chr9	2619	2637	8
chr9	1279	1280	8
chr9	1213	1214	8
chr9	1029	1030	8
chr9	1237	1238	8
chr9	1227	1228	8
chr9	1229	1230	8
chr9	1223	1224	8
chr9	1187	1188	8
chrX	257	281	1
chrX	1892	2381	1
chrX	27	56	1
chrX	2371	2392	1
chrX	1888	1995	1
chrX	1996	2381	1
chrX	1577	1687	1
chrX	2204	2300	1
chrX	2215	2300	1
chrX	308	342	1
chrX	344	410	1
chrX	2573	2744	1
chrX	2350	2392	1
chrX	1050	1051	1
chrX	2722	2796	1
chrX	1388	1419	1
chrX	1688	1888	1
chrX	2466	2573	1
chrX	57	202	1
chrX	1577	1686	1
chrX	406	507	1
chrX	308	343	1
chrX	203	808	1
chrX	1996	2050	1
chrX	2350	2371	1
chrX	1576	1665	1
chrX	411	473	1
chrX	2574	2744	1
chrX	1548	1576	1
chrX	368	404	1
chrX	2618	2721	1
chrX	2618	2723	1
chrX	1687	1887	1
chrX	2372	2392	1
chrX	57	196	1
chrX	2	26	1
chrX	1429	1476	1
chrX	2149	2300	1
chrX	550	611	1
chrX	2051	2147	1
chrX	339	403	1
chrX	1510	1547	1
chrX	343	404	1
chrX	405	437	1
chrX	1052	1136	1
chrX	2382	3105	1
chrX	2056	2148	1
chrX	767	808	1
chrX	405	473	1
chrX	690	742	1
chrX	1234	1995	1
chrX	508	638	1
chrX	1548	1575	1
chrX	2724	2796	1
chrX	506	549	1
chrX	1510	1576	1
chrX	337	367	1
chrX	2148	2214	1
chrX	619	689	1
chrX	2056	2203	1
chrX	1509	1547	1
chrX	648	766	1
chrX	308	336	1
chrX	197	256	1
chrX	404	437	1
chrX	1234	1386	1
chrX	1234	3105	1
chrX	1602	1891	1
chrX	1473	1508	1
chrX	639	765	1
chrX	1666	1888	1
chrX	1234	1387	1
chrX	1050	1136	1
chrX	282	307	1
chrX	339	405	1
chrX	1477	1601	1
chrX	551	618	1
chrX	1420	1472	1
chrX	2350	2370	1
chrX	766	808	1
chrX	2382	2465	1
chrX	1387	1428	1
chrX	57	174	2
chrX	1388	1424	2
chrX	2	985	2
chrX	2301	3105	2
chrX	691	742	2
chrX	3083	3105	2
chrX	1137	1173	2
chrX	1889	1995	2
chrX	58	202	2
chrX	829	873	2
chrX	648	690	2
chrX	175	203	2
chrX	308	338	2
chrX	2745	3105	2
chrX	1234	2300	2
chrX	203	256	2
chrX	1425	1472	2
chrX	1296	1348	2
chrX	551	611	2
chrX	1473	1509	2
chrX	438	473	2
chrX	1349	1387	2
chrX	2	57	2
chrX	1996	2055	2
chrX	809	828	2
chrX	3041	3082	2
chrX	2573	2617	2
chrX	2797	3040	2
chrX	1234	1295	2
chrX	204	256	2
chrX	2466	2572	3
chrX	743	769	3
chrX	770	808	3
chrX	2	56	3
chrX	506	550	3
chrX	612	647	3
chrX	2301	2349	3
chrX	2393	2465	3
chrX	809	873	4
chrX	474	505	4
chrX	257	307	4
chrX	874	940	6
chrX	1050	1173	6
chrX	941	985	6
chrX	988	1043	8
chrX	1216	1217	8
chrX	1226	1227	8
chrX	986	987	8
chrX	1196	1197	8
chrX	1202	1203	8
chrX	1230	1231	8
chrX	1218	1219	8
chrX	1190	1191	8
chrX	1210	1211	8
chrX	1198	1199	8
chrX	1186	1187	8
chrX	1178	1179	8
chrX	1194	1195	8
chrX	1182	1183	8
chrX	1206	1207	8
chrX	1046	1047	8
chrX	1228	1229	8
chrX	1208	1209	8
chrX	1048	1049	8
chrX	1224	1225	8
chrX	1044	1045	8
chrX	1184	1185	8
chrX	1220	1221	8
chrX	1232	1233	8
chrX	1200	1201	8
chrX	1204	1205	8
chrX	1188	1189	8
chrX	1192	1193	8
chrX	1174	1175	8
chrX	1212	1213	8
chrX	1214	1215	8
chrX	1176	1177	8
chrX	1180	1181	8
chrX	1222	1223	8
