chr1	3504	3520	1
chr1	805	828	1
chr1	3162	3181	1
chr1	4042	4057	1
chr1	4211	4228	1
chr1	3307	3341	1
chr1	768	786	1
chr1	1754	1781	1
chr1	3267	3292	1
chr1	1115	1144	1
chr1	1715	1735	1
chr1	3569	3590	1
chr1	4532	4564	1
chr1	4297	4313	1
chr1	3202	3227	1
chr1	4818	4832	1
chr1	903	919	1
chr1	1752	1781	1
chr1	1325	1340	1
chr1	904	919	1
chr1	789	804	1
chr1	403	418	1
chr1	4027	4041	1
chr1	4724	4805	1
chr1	1715	1736	1
chr1	1582	1686	1
chr1	402	417	1
chr1	1915	1978	1
chr1	3537	3560	1
chr1	4143	4158	1
chr1	3235	3254	1
chr1	2004	2017	1
chr1	80	117	1
chr1	1914	1978	1
chr1	4369	4396	1
chr1	769	787	1
chr1	4142	4158	1
chr1	4804	4832	1
chr1	1280	1302	1
chr1	2371	2391	1
chr1	4904	4933	1
chr1	1226	1247	1
chr1	3949	3973	1
chr1	3163	3181	1
chr1	403	416	1
chr1	809	827	1
chr1	980	1015	1
chr1	356	383	1
chr1	2272	2287	1
chr1	1148	1174	1
chr1	4368	4399	1
chr1	1146	1173	1
chr1	403	419	1
chr1	4428	4452	1
chr1	2273	2286	1
chr1	4430	4452	1
chr1	4369	4398	1
chr1	2004	2020	1
chr1	3024	3039	1
chr1	987	1015	1
chr1	4531	4568	1
chr1	2371	2394	1
chr1	681	703	1
chr1	2290	2306	1
chr1	1211	1223	1
chr1	3087	3100	1
chr1	3537	3564	1
chr1	55	68	1
chr1	287	308	1
chr1	3271	3296	1
chr1	1915	1981	1
chr1	3397	3423	1
chr1	4692	4706	1
chr1	3266	3301	1
chr1	3025	3039	1
chr1	1325	1341	1
chr1	4690	4706	1
chr1	4653	4667	1
chr1	1810	1834	1
chr1	3997	4009	1
chr1	1123	1144	1
chr1	4296	4314	1
chr1	1531	1551	1
chr1	357	378	1
chr1	4690	4713	1
chr1	903	934	1
chr1	1820	1834	1
chr1	1088	1106	1
chr1	2370	2398	1
chr1	4905	4934	1
chr1	4531	4564	1
chr1	3004	3019	1
chr1	4636	4667	1
chr1	3862	3926	1
chr1	3367	3391	1
chr1	4532	4565	1
chr1	1018	1035	1
chr1	3623	3639	1
chr1	3205	3227	1
chr1	1145	1175	1
chr1	873	890	1
chr1	3040	3064	1
chr1	4762	4802	1
chr1	3051	3065	1
chr1	3397	3424	1
chr1	356	382	1
chr1	2004	2030	1
chr1	4237	4264	1
chr1	4595	4610	1
chr1	546	560	1
chr1	1146	1172	1
chr1	2371	2399	1
chr1	3182	3194	1
chr1	1758	1779	1
chr1	3367	3389	1
chr1	4420	4448	1
chr1	1086	1107	1
chr1	3727	3851	1
chr1	1225	1246	1
chr1	4236	4264	1
chr1	3975	3995	1
chr1	3182	3195	1
chr1	3540	3564	1
chr1	3537	3563	1
chr1	873	888	1
chr1	982	1015	1
chr1	3087	3101	1
chr1	3948	3973	1
chr1	3005	3022	1
chr1	682	704	1
chr1	4141	4158	1
chr1	983	1015	1
chr1	4169	4194	1
chr1	348	383	1
chr1	289	308	1
chr1	1914	1983	1
chr1	3267	3301	1
chr1	3167	3181	1
chr1	3004	3020	1
chr1	3947	3973	1
chr1	1308	1322	1
chr1	4372	4397	1
chr1	4805	4832	1
chr1	2290	2308	1
chr1	3008	3020	1
chr1	1686	1705	1
chr1	1431	1504	1
chr1	4237	4263	2
chr1	3397	3425	2
chr1	4615	4630	2
chr1	1324	1340	2
chr1	4806	4832	2
chr1	288	308	2
chr1	3367	3390	2
chr1	1086	1106	2
chr1	2354	2369	2
chr1	1115	1143	2
chr1	682	703	2
chr1	448	465	2
chr1	1306	1323	2
chr1	3023	3039	2
chr1	1583	1686	2
chr1	1226	1246	2
chr1	4297	4315	2
chr1	1532	1551	2
chr1	4420	4452	2
chr1	769	786	2
chr1	4905	4933	2
chr1	1431	1503	3
chr1	4637	4667	3
chr1	4042	4059	3
chr1	4169	4193	3
chr1	1687	1705	3
chr1	3727	3848	3
chr1	4211	4227	3
chr1	3569	3591	3
chr1	3235	3255	3
chr1	4594	4610	3
chr1	4669	4687	3
chr1	3640	3656	3
chr1	3974	3992	3
chr1	134	154	4
chr1	705	725	4
chr1	4268	4286	4
chr1	4575	4592	4
chr1	1050	1073	4
chr1	221	236	4
chr1	739	757	4
chr10	158	186	1
chr10	469	495	1
chr10	96	110	1
chr10	1089	1197	1
chr10	136	150	1
chr10	577	594	1
chr10	1963	1979	1
chr10	2088	2106	1
chr10	135	150	1
chr10	1002	1014	1
chr10	1209	1227	1
chr10	1054	1079	1
chr10	2260	2278	1
chr10	1057	1077	1
chr10	305	317	1
chr10	1731	1751	1
chr10	1054	1078	1
chr10	576	594	1
chr10	1313	1389	1
chr10	1577	1590	1
chr10	151	229	1
chr10	620	640	1
chr10	1853	1873	1
chr10	1314	1390	1
chr10	670	698	1
chr10	2285	2306	1
chr10	1519	1539	1
chr10	157	186	1
chr10	2600	2614	1
chr10	1962	1982	1
chr10	2257	2277	1
chr10	2599	2613	1
chr10	33	61	1
chr10	1559	1575	1
chr10	2258	2277	1
chr10	2451	2470	1
chr10	1542	1575	1
chr10	717	782	1
chr10	1249	1283	1
chr10	1204	1227	1
chr10	96	111	1
chr10	1624	1638	1
chr10	1001	1014	1
chr10	1055	1075	1
chr10	173	185	1
chr10	2286	2302	1
chr10	574	594	1
chr10	1556	1574	1
chr10	1596	1621	1
chr10	2384	2403	1
chr10	2002	2022	1
chr10	1519	1540	1
chr10	883	908	1
chr10	718	782	1
chr10	445	467	1
chr10	2454	2469	1
chr10	721	742	1
chr10	1250	1281	1
chr10	469	494	1
chr10	2260	2277	1
chr10	1251	1282	1
chr10	1542	1555	1
chr10	1831	1851	1
chr10	1963	1982	1
chr10	187	214	1
chr10	718	781	1
chr10	2288	2304	1
chr10	556	573	1
chr10	33	60	1
chr10	537	552	1
chr10	96	114	1
chr10	1624	1641	1
chr10	619	641	1
chr10	64	88	1
chr10	553	573	1
chr10	35	60	1
chr10	2600	2613	1
chr10	150	229	1
chr10	2007	2020	1
chr10	1624	1639	1
chr10	575	593	1
chr10	520	536	1
chr10	2089	2106	1
chr10	1729	1756	1
chr10	519	537	1
chr10	1209	1226	1
chr10	2122	2232	1
chr10	1210	1226	1
chr10	2383	2403	2
chr10	1727	1756	2
chr10	245	262	2
chr10	2453	2470	2
chr10	1647	1717	2
chr10	1518	1540	2
chr10	1647	1716	2
chr10	1909	1925	2
chr10	1313	1390	2
chr10	620	641	2
chr10	554	573	2
chr10	2003	2021	2
chr10	1557	1575	2
chr10	64	95	2
chr10	244	262	2
chr10	1090	1197	3
chr10	669	698	3
chr10	2123	2232	3
chr10	883	907	3
chr10	538	552	3
chr10	1595	1621	3
chr10	318	336	4
chr10	1482	1496	4
chr11	241	263	1
chr11	2157	2171	1
chr11	963	1031	1
chr11	1444	1460	1
chr11	525	543	1
chr11	1585	1646	1
chr11	1706	1723	1
chr11	2206	2225	1
chr11	1446	1460	1
chr11	1445	1461	1
chr11	1585	1647	1
chr11	2176	2193	1
chr11	363	376	1
chr11	360	377	1
chr11	709	726	1
chr11	2120	2142	1
chr11	885	916	1
chr11	656	675	1
chr11	2303	2321	1
chr11	2207	2223	1
chr11	2407	2428	1
chr11	2176	2194	1
chr11	2478	2492	1
chr11	2658	2675	1
chr11	2243	2267	1
chr11	1406	1423	1
chr11	361	376	1
chr11	882	952	1
chr11	2387	2401	1
chr11	1706	1722	1
chr11	2495	2518	1
chr11	1113	1132	1
chr11	219	236	1
chr11	2578	2591	1
chr11	1377	1389	1
chr11	2120	2140	1
chr11	1871	1885	1
chr11	1502	1527	1
chr11	758	778	1
chr11	1505	1524	1
chr11	458	525	1
chr11	2055	2141	1
chr11	1566	1584	1
chr11	1947	1977	1
chr11	2617	2630	1
chr11	242	264	1
chr11	733	866	1
chr11	1210	1224	1
chr11	195	207	1
chr11	2206	2222	1
chr11	1870	1885	1
chr11	1566	1582	1
chr11	246	264	1
chr11	2297	2325	1
chr11	1896	1910	1
chr11	2176	2192	1
chr11	624	641	1
chr11	2243	2262	1
chr11	1322	1336	1
chr11	731	866	1
chr11	140	158	1
chr11	136	156	1
chr11	418	443	1
chr11	362	376	1
chr11	2386	2402	1
chr11	1151	1178	1
chr11	732	866	1
chr11	2207	2222	1
chr11	1506	1523	1
chr11	219	237	1
chr11	319	333	1
chr11	2119	2141	1
chr11	607	622	1
chr11	2177	2193	1
chr11	2578	2592	1
chr11	1252	1278	1
chr11	2658	2674	1
chr11	137	157	1
chr11	962	1031	1
chr11	1505	1526	1
chr11	2495	2521	2
chr11	2386	2403	2
chr11	220	238	2
chr11	526	543	2
chr11	2244	2262	2
chr11	1567	1583	2
chr11	270	285	2
chr11	457	525	2
chr11	1648	1670	2
chr11	1895	1910	2
chr11	2659	2674	2
chr11	1948	1977	2
chr11	2616	2630	2
chr11	551	624	2
chr11	1152	1178	3
chr11	2157	2170	3
chr11	710	730	3
chr11	625	643	3
chr11	317	334	3
chr11	2631	2657	4
chr11	2430	2448	4
chr12	2376	2401	1
chr12	1313	1330	1
chr12	636	650	1
chr12	1988	2005	1
chr12	929	944	1
chr12	2166	2178	1
chr12	524	536	1
chr12	42	57	1
chr12	1570	1595	1
chr12	2625	2644	1
chr12	99	117	1
chr12	2524	2544	1
chr12	928	946	1
chr12	1988	2003	1
chr12	2327	2347	1
chr12	929	946	1
chr12	2485	2508	1
chr12	1349	1367	1
chr12	173	187	1
chr12	1167	1251	1
chr12	1570	1596	1
chr12	2414	2437	1
chr12	435	453	1
chr12	1834	1861	1
chr12	79	97	1
chr12	2206	2225	1
chr12	2243	2257	1
chr12	1007	1035	1
chr12	1353	1369	1
chr12	1254	1268	1
chr12	1835	1861	1
chr12	1078	1097	1
chr12	592	620	1
chr12	664	682	1
chr12	966	981	1
chr12	1518	1539	1
chr12	592	619	1
chr12	1989	2005	1
chr12	2269	2287	1
chr12	1354	1369	1
chr12	593	619	1
chr12	2414	2433	1
chr12	2046	2064	1
chr12	930	947	1
chr12	1809	1827	1
chr12	1253	1268	1
chr12	965	982	1
chr12	910	926	1
chr12	558	580	1
chr12	591	616	1
chr12	2132	2147	1
chr12	2093	2112	1
chr12	2327	2351	1
chr12	910	927	1
chr12	524	537	1
chr12	635	649	1
chr12	2090	2110	1
chr12	370	390	1
chr12	1863	1877	1
chr12	2589	2609	1
chr12	886	908	1
chr12	2046	2062	1
chr12	1314	1328	1
chr12	2134	2146	1
chr12	2487	2505	1
chr12	1518	1543	1
chr12	2300	2326	1
chr12	466	483	1
chr12	1500	1515	1
chr12	2133	2149	1
chr12	1769	1787	1
chr12	2523	2543	1
chr12	2352	2365	1
chr12	1810	1826	1
chr12	1404	1421	1
chr12	775	792	1
chr12	1353	1367	1
chr12	1810	1829	1
chr12	1862	1876	1
chr12	465	484	1
chr12	368	388	1
chr12	1551	1567	1
chr12	1988	2004	1
chr12	1427	1442	1
chr12	662	682	1
chr12	2376	2400	1
chr12	466	484	1
chr12	774	791	1
chr12	2626	2646	1
chr12	2590	2609	1
chr12	1403	1422	1
chr12	467	484	1
chr12	635	650	1
chr12	664	681	1
chr12	830	847	1
chr12	1269	1295	1
chr12	2132	2148	1
chr12	829	847	1
chr12	2559	2573	1
chr12	1426	1442	1
chr12	559	580	1
chr12	1404	1422	2
chr12	1371	1385	2
chr12	2625	2646	2
chr12	2489	2509	2
chr12	371	388	2
chr12	2091	2111	2
chr12	2415	2433	2
chr12	102	120	2
chr12	830	848	2
chr12	887	906	2
chr12	1517	1539	2
chr12	2328	2351	2
chr12	860	877	2
chr12	2046	2063	2
chr12	557	580	2
chr12	1863	1876	2
chr12	965	983	2
chr12	1167	1252	3
chr12	2301	2325	3
chr12	2272	2287	3
chr12	1500	1516	3
chr12	1549	1566	3
chr12	2352	2366	3
chr12	1770	1787	3
chr12	2288	2300	3
chr12	947	961	3
chr12	2116	2131	4
chr12	1050	1067	4
chr13	837	857	1
chr13	792	805	1
chr13	1574	1591	1
chr13	1953	1966	1
chr13	948	963	1
chr13	764	783	1
chr13	2070	2156	1
chr13	1576	1592	1
chr13	444	466	1
chr13	2196	2216	1
chr13	730	748	1
chr13	2005	2024	1
chr13	734	750	1
chr13	2004	2024	1
chr13	950	965	1
chr13	613	628	1
chr13	1010	1032	1
chr13	839	857	1
chr13	923	940	1
chr13	950	968	1
chr13	1933	1951	1
chr13	1572	1592	1
chr13	1934	1952	1
chr13	446	466	1
chr13	1527	1545	1
chr13	731	750	1
chr13	1467	1485	2
chr13	2005	2023	2
chr13	889	910	2
chr13	572	587	2
chr13	810	826	3
chr13	2070	2155	3
chr13	970	986	3
chr13	1009	1032	3
chr13	1809	1849	4
chr13	1809	1833	4
chr13	1834	1849	4
chr13	1604	1620	4
chr14	2028	2042	1
chr14	2027	2042	1
chr14	1333	1351	1
chr14	2105	2119	1
chr14	1570	1585	1
chr14	768	788	1
chr14	916	999	1
chr14	514	582	1
chr14	767	786	1
chr14	1902	1917	1
chr14	2088	2103	1
chr14	1901	1917	1
chr14	1365	1386	1
chr14	1469	1490	1
chr14	479	498	1
chr14	768	787	1
chr14	1748	1764	1
chr14	916	998	1
chr14	1311	1329	1
chr14	1312	1330	1
chr14	2089	2103	1
chr14	641	659	1
chr14	1789	1807	1
chr14	769	787	1
chr14	1031	1048	1
chr14	1139	1156	1
chr14	2018	2043	1
chr14	1220	1235	1
chr14	621	636	1
chr14	1336	1351	1
chr14	1529	1542	1
chr14	917	999	2
chr14	1311	1330	2
chr14	1430	1444	2
chr14	1221	1234	2
chr14	622	636	2
chr14	638	659	2
chr14	1640	1767	3
chr14	512	582	3
chr14	798	906	3
chr14	1139	1155	3
chr14	1366	1386	3
chr14	1790	1807	3
chr14	1123	1138	4
chr15	1879	1899	1
chr15	542	562	1
chr15	817	882	1
chr15	815	833	1
chr15	992	1008	1
chr15	1813	1831	1
chr15	1185	1198	1
chr15	1832	1851	1
chr15	1803	1831	1
chr15	687	779	1
chr15	1013	1027	1
chr15	1901	1978	1
chr15	1199	1216	1
chr15	1880	1898	1
chr15	1312	1331	1
chr15	1288	1308	1
chr15	882	896	1
chr15	1916	1942	1
chr15	780	800	1
chr15	1526	1544	1
chr15	1591	1613	1
chr15	1546	1561	1
chr15	1832	1852	1
chr15	780	802	1
chr15	1728	1750	1
chr15	1900	1979	1
chr15	1876	1898	1
chr15	1564	1584	1
chr15	476	541	1
chr15	1527	1544	1
chr15	1804	1831	1
chr15	1589	1613	1
chr15	979	1010	1
chr15	991	1007	1
chr15	1289	1308	1
chr15	1421	1439	1
chr15	1590	1612	1
chr15	1199	1212	1
chr15	1902	1979	1
chr15	883	897	1
chr15	1157	1169	1
chr15	1872	1898	1
chr15	1170	1183	1
chr15	1728	1754	1
chr15	991	1008	1
chr15	1563	1581	1
chr15	1199	1215	1
chr15	542	559	1
chr15	1313	1335	1
chr15	780	801	1
chr15	1528	1544	1
chr15	710	748	1
chr15	1525	1545	1
chr15	785	800	1
chr15	813	881	1
chr15	1312	1336	2
chr15	1170	1182	2
chr15	1564	1581	2
chr15	1343	1370	2
chr15	749	764	2
chr15	1343	1369	2
chr15	1135	1156	3
chr15	477	541	3
chr15	1395	1416	4
chr16	1516	1543	1
chr16	1071	1107	1
chr16	1493	1513	1
chr16	1731	1746	1
chr16	511	539	1
chr16	1150	1174	1
chr16	70	89	1
chr16	1702	1716	1
chr16	90	102	1
chr16	279	294	1
chr16	186	205	1
chr16	452	468	1
chr16	505	541	1
chr16	61	87	1
chr16	221	243	1
chr16	511	542	1
chr16	1350	1366	1
chr16	1645	1669	1
chr16	470	490	1
chr16	1731	1747	1
chr16	1042	1059	1
chr16	1071	1106	1
chr16	1703	1716	1
chr16	1079	1104	1
chr16	941	958	1
chr16	187	205	1
chr16	1645	1671	1
chr16	472	491	1
chr16	1494	1513	1
chr16	942	961	1
chr16	63	88	1
chr16	280	292	1
chr16	1041	1060	1
chr16	1620	1637	1
chr16	1495	1513	1
chr16	509	538	1
chr16	1075	1106	1
chr16	1645	1674	2
chr16	943	963	2
chr16	1545	1561	2
chr16	472	490	2
chr16	104	171	2
chr16	1731	1745	2
chr16	1000	1016	2
chr16	1717	1746	2
chr16	1041	1059	2
chr16	105	134	2
chr16	1109	1127	2
chr16	220	243	2
chr16	974	987	2
chr16	185	205	2
chr16	1620	1638	3
chr16	1516	1544	3
chr16	1176	1326	4
chr16	1368	1386	4
chr17	1373	1408	1
chr17	584	604	1
chr17	800	823	1
chr17	780	796	1
chr17	920	937	1
chr17	921	935	1
chr17	54	70	1
chr17	107	126	1
chr17	522	534	1
chr17	1264	1283	1
chr17	920	935	1
chr17	1101	1117	1
chr17	615	682	1
chr17	214	237	1
chr17	1350	1367	1
chr17	987	1059	1
chr17	921	934	1
chr17	1349	1370	1
chr17	1350	1368	1
chr17	55	70	1
chr17	1079	1095	1
chr17	107	128	1
chr17	1375	1408	1
chr17	1078	1096	1
chr17	215	237	1
chr17	108	126	1
chr17	1563	1579	1
chr17	1101	1125	1
chr17	240	257	1
chr17	110	126	1
chr17	1145	1162	1
chr17	800	825	1
chr17	1264	1280	1
chr17	1214	1233	1
chr17	213	236	1
chr17	1100	1118	2
chr17	1176	1192	2
chr17	1411	1427	2
chr17	1561	1580	2
chr17	1175	1193	2
chr17	1264	1282	2
chr17	176	192	2
chr17	987	1060	3
chr17	241	257	3
chr17	775	796	3
chr17	1212	1234	3
chr17	1428	1443	4
chr18	53	74	1
chr18	408	428	1
chr18	144	168	1
chr18	407	424	1
chr18	701	790	1
chr18	504	570	1
chr18	172	190	1
chr18	1200	1219	1
chr18	144	165	1
chr18	503	571	1
chr18	200	214	1
chr18	844	859	1
chr18	53	75	1
chr18	17	33	1
chr18	244	259	1
chr18	502	570	1
chr18	702	790	1
chr18	1105	1119	1
chr18	923	939	1
chr18	442	469	1
chr18	791	861	1
chr18	391	405	1
chr18	703	790	1
chr18	1198	1218	1
chr18	919	939	1
chr18	52	64	1
chr18	698	790	1
chr18	81	99	2
chr18	792	861	2
chr18	81	100	2
chr18	1087	1104	2
chr18	144	167	2
chr18	199	214	2
chr18	216	231	2
chr18	1088	1103	2
chr18	407	425	2
chr18	171	190	3
chr18	390	406	3
chr18	441	469	3
chr19	393	489	1
chr19	861	877	1
chr19	185	200	1
chr19	119	137	1
chr19	1047	1081	1
chr19	393	487	1
chr19	1157	1172	1
chr19	297	326	1
chr19	424	440	1
chr19	739	762	1
chr19	296	326	1
chr19	885	901	1
chr19	928	940	1
chr19	349	363	1
chr19	264	292	1
chr19	392	486	1
chr19	1156	1172	1
chr19	116	138	1
chr19	294	329	1
chr19	94	113	1
chr19	883	900	1
chr19	885	900	2
chr19	926	941	2
chr19	623	655	2
chr19	623	654	2
chr19	234	255	2
chr19	185	199	2
chr19	233	255	2
chr19	119	139	2
chr19	94	112	3
chr2	3283	3310	1
chr2	976	1079	1
chr2	3852	3938	1
chr2	1434	1461	1
chr2	980	1076	1
chr2	2251	2269	1
chr2	588	605	1
chr2	2002	2020	1
chr2	583	606	1
chr2	977	1079	1
chr2	2003	2019	1
chr2	638	654	1
chr2	4613	4633	1
chr2	4067	4089	1
chr2	3280	3309	1
chr2	3560	3572	1
chr2	4797	4821	1
chr2	317	334	1
chr2	3166	3192	1
chr2	4747	4759	1
chr2	3576	3589	1
chr2	3860	3923	1
chr2	584	606	1
chr2	3316	3336	1
chr2	3279	3308	1
chr2	655	675	1
chr2	4515	4530	1
chr2	2792	2871	1
chr2	3280	3308	1
chr2	879	942	1
chr2	3347	3379	1
chr2	3058	3071	1
chr2	2375	2394	1
chr2	3405	3435	1
chr2	1476	1496	1
chr2	1434	1462	1
chr2	339	351	1
chr2	3009	3029	1
chr2	315	334	1
chr2	4744	4759	1
chr2	3591	3614	1
chr2	2590	2610	1
chr2	3178	3193	1
chr2	371	400	1
chr2	3222	3238	1
chr2	4016	4028	1
chr2	218	235	1
chr2	372	398	1
chr2	4616	4633	1
chr2	2377	2396	1
chr2	3418	3434	1
chr2	2252	2267	1
chr2	1609	1692	1
chr2	4616	4634	1
chr2	2693	2713	1
chr2	3682	3746	1
chr2	374	393	1
chr2	877	951	1
chr2	2792	2875	1
chr2	3593	3613	1
chr2	4670	4684	1
chr2	1225	1241	1
chr2	2692	2713	1
chr2	3316	3339	1
chr2	3859	3938	1
chr2	4350	4369	1
chr2	3753	3773	1
chr2	4016	4030	1
chr2	4531	4553	1
chr2	677	740	1
chr2	3754	3772	1
chr2	3177	3192	1
chr2	2376	2394	1
chr2	4614	4633	1
chr2	3246	3262	1
chr2	2792	2874	1
chr2	1716	1780	1
chr2	2881	2946	1
chr2	3618	3652	1
chr2	4672	4686	1
chr2	1606	1692	1
chr2	2951	2973	1
chr2	4798	4818	1
chr2	2950	2973	1
chr2	143	177	1
chr2	983	1077	1
chr2	1589	1602	1
chr2	3348	3371	1
chr2	2792	2870	1
chr2	4560	4574	1
chr2	4350	4372	1
chr2	877	943	1
chr2	2376	2396	1
chr2	4323	4337	1
chr2	217	235	1
chr2	2451	2554	1
chr2	4653	4667	1
chr2	4068	4086	1
chr2	4324	4336	1
chr2	239	262	1
chr2	1520	1536	1
chr2	1477	1495	1
chr2	1260	1275	1
chr2	3178	3192	1
chr2	371	401	1
chr2	3618	3651	1
chr2	4654	4667	1
chr2	74	159	1
chr2	4797	4818	1
chr2	2451	2555	1
chr2	2950	2971	1
chr2	2251	2267	1
chr2	3012	3041	1
chr2	2952	2972	1
chr2	584	605	1
chr2	4350	4368	1
chr2	3347	3373	1
chr2	2714	2730	1
chr2	3315	3334	1
chr2	2591	2610	1
chr2	3419	3435	1
chr2	3167	3193	1
chr2	3347	3380	1
chr2	1477	1493	2
chr2	4016	4031	2
chr2	3473	3507	2
chr2	3166	3193	2
chr2	2663	2691	2
chr2	4743	4759	2
chr2	2776	2791	2
chr2	2772	2791	2
chr2	3753	3772	2
chr2	3592	3613	2
chr2	77	138	2
chr2	218	236	2
chr2	558	575	2
chr2	3523	3539	2
chr2	315	333	2
chr2	4067	4086	2
chr2	3473	3508	2
chr2	3681	3746	2
chr2	960	975	2
chr2	2003	2017	2
chr2	3009	3041	2
chr2	3124	3161	2
chr2	3860	3938	2
chr2	3058	3070	2
chr2	1605	1692	2
chr2	2295	2371	2
chr2	2453	2555	2
chr2	3195	3216	2
chr2	558	574	2
chr2	3194	3216	2
chr2	2692	2712	2
chr2	2295	2372	2
chr2	655	676	3
chr2	2714	2731	3
chr2	677	739	3
chr2	1586	1602	3
chr2	3218	3238	3
chr2	238	262	3
chr2	2743	2771	3
chr2	1498	1516	4
chr2	860	876	4
chr20	1140	1161	1
chr20	158	173	1
chr20	756	786	1
chr20	477	497	1
chr20	415	431	1
chr20	479	498	1
chr20	990	1014	1
chr20	972	984	1
chr20	1142	1161	1
chr20	349	361	1
chr20	1173	1195	1
chr20	449	467	1
chr20	414	431	1
chr20	448	466	1
chr20	723	738	1
chr20	992	1014	1
chr20	1144	1161	1
chr20	175	187	1
chr20	926	949	1
chr20	716	740	1
chr20	277	338	1
chr20	1172	1195	1
chr20	810	839	1
chr20	107	121	1
chr20	810	840	1
chr20	478	497	1
chr20	762	786	1
chr20	991	1013	1
chr20	607	626	1
chr20	157	173	1
chr20	809	840	1
chr20	809	839	1
chr20	723	741	1
chr20	108	121	1
chr20	755	785	1
chr20	335	348	2
chr20	607	627	2
chr20	841	855	2
chr20	450	466	2
chr20	416	431	2
chr20	926	944	3
chr21	628	648	1
chr21	564	603	1
chr21	354	373	1
chr21	628	649	1
chr21	544	561	1
chr21	797	811	1
chr21	627	649	1
chr21	539	562	1
chr21	650	672	1
chr21	796	811	1
chr21	543	563	1
chr21	346	374	1
chr21	828	849	1
chr21	721	747	1
chr21	564	582	1
chr21	626	648	1
chr21	543	562	1
chr21	607	625	2
chr21	607	626	2
chr21	823	849	3
chr21	563	602	3
chr21	721	749	3
chr21	680	696	3
chr21	781	795	4
chr22	886	900	1
chr22	714	733	1
chr22	880	902	1
chr22	798	814	1
chr22	595	612	1
chr22	765	782	1
chr22	379	395	1
chr22	509	530	1
chr22	596	612	1
chr22	766	781	1
chr22	715	731	1
chr22	715	733	1
chr22	512	534	1
chr22	860	872	1
chr22	565	592	1
chr22	768	781	1
chr22	595	613	1
chr22	378	396	1
chr22	841	859	2
chr22	446	472	2
chr22	379	393	2
chr22	447	472	2
chr22	738	757	3
chr22	541	564	3
chr3	1141	1163	1
chr3	2649	2663	1
chr3	1385	1401	1
chr3	2469	2485	1
chr3	1171	1243	1
chr3	863	885	1
chr3	2491	2508	1
chr3	812	838	1
chr3	2035	2137	1
chr3	3210	3222	1
chr3	1012	1028	1
chr3	2792	2812	1
chr3	949	964	1
chr3	900	914	1
chr3	3207	3222	1
chr3	3171	3191	1
chr3	2869	2973	1
chr3	1014	1028	1
chr3	278	300	1
chr3	3457	3523	1
chr3	3817	3843	1
chr3	720	734	1
chr3	2467	2484	1
chr3	2761	2781	1
chr3	173	187	1
chr3	405	437	1
chr3	2762	2781	1
chr3	105	173	1
chr3	3113	3138	1
chr3	3414	3426	1
chr3	238	250	1
chr3	3867	3882	1
chr3	3119	3139	1
chr3	444	471	1
chr3	3533	3547	1
chr3	789	804	1
chr3	3375	3389	1
chr3	519	538	1
chr3	188	207	1
chr3	3590	3606	1
chr3	3413	3426	1
chr3	3206	3222	1
chr3	2425	2441	1
chr3	188	208	1
chr3	3818	3843	1
chr3	3173	3190	1
chr3	2030	2138	1
chr3	789	806	1
chr3	1172	1243	1
chr3	2789	2818	1
chr3	1180	1244	1
chr3	3816	3842	1
chr3	3149	3167	1
chr3	1435	1459	1
chr3	3114	3138	1
chr3	1292	1304	1
chr3	370	398	1
chr3	3150	3167	1
chr3	2490	2508	1
chr3	2426	2440	1
chr3	1013	1028	1
chr3	1872	1949	1
chr3	3207	3223	1
chr3	2691	2712	1
chr3	2523	2545	1
chr3	495	511	1
chr3	520	539	1
chr3	3113	3139	1
chr3	3223	3298	1
chr3	860	886	1
chr3	261	273	1
chr3	2764	2781	1
chr3	3456	3523	1
chr3	495	509	1
chr3	3145	3167	1
chr3	261	301	1
chr3	1326	1338	1
chr3	3413	3427	1
chr3	3374	3388	1
chr3	1420	1434	1
chr3	812	842	1
chr3	1871	1949	1
chr3	3713	3725	1
chr3	3374	3389	1
chr3	3358	3372	1
chr3	2686	2712	1
chr3	760	782	1
chr3	3375	3388	1
chr3	2871	2973	1
chr3	3533	3562	2
chr3	1873	1949	2
chr3	2489	2507	2
chr3	1435	1458	2
chr3	811	838	2
chr3	2581	2595	2
chr3	3589	3605	2
chr3	3454	3523	2
chr3	332	345	2
chr3	859	885	2
chr3	3628	3647	2
chr3	3171	3190	2
chr3	789	805	2
chr3	3224	3298	2
chr3	2524	2545	2
chr3	2105	2121	2
chr3	405	438	2
chr3	87	104	3
chr3	478	494	3
chr3	1419	1434	3
chr3	105	172	3
chr3	3867	3881	3
chr3	3886	3906	3
chr3	2648	2662	3
chr3	886	899	4
chr3	3845	3865	4
chr3	65	86	4
chr4	3291	3308	1
chr4	2064	2080	1
chr4	3290	3312	1
chr4	1805	1823	1
chr4	273	294	1
chr4	1919	2007	1
chr4	415	433	1
chr4	88	116	1
chr4	2315	2388	1
chr4	2777	2797	1
chr4	2580	2601	1
chr4	98	118	1
chr4	1802	1822	1
chr4	144	159	1
chr4	851	961	1
chr4	2582	2597	1
chr4	1720	1741	1
chr4	3114	3182	1
chr4	1385	1402	1
chr4	1513	1529	1
chr4	2193	2205	1
chr4	1824	1893	1
chr4	3111	3182	1
chr4	727	748	1
chr4	2580	2598	1
chr4	2259	2274	1
chr4	1575	1597	1
chr4	83	164	1
chr4	3192	3204	1
chr4	2810	2835	1
chr4	3743	3818	1
chr4	2098	2116	1
chr4	2581	2601	1
chr4	518	540	1
chr4	1920	2008	1
chr4	1541	1563	1
chr4	1515	1527	1
chr4	2259	2277	1
chr4	326	349	1
chr4	1803	1821	1
chr4	819	833	1
chr4	2505	2523	1
chr4	1646	1663	1
chr4	2100	2116	1
chr4	3192	3205	1
chr4	1054	1154	1
chr4	1692	1709	1
chr4	3743	3817	1
chr4	3113	3181	1
chr4	98	120	1
chr4	2082	2096	1
chr4	2507	2523	1
chr4	725	748	1
chr4	1721	1743	1
chr4	1802	1821	1
chr4	3744	3818	1
chr4	143	159	1
chr4	851	959	1
chr4	1514	1529	1
chr4	2903	2919	1
chr4	2779	2797	1
chr4	3327	3408	1
chr4	1546	1564	1
chr4	3514	3528	1
chr4	517	540	1
chr4	331	349	1
chr4	1693	1708	1
chr4	1720	1740	1
chr4	2809	2834	1
chr4	1691	1708	1
chr4	818	833	1
chr4	726	748	1
chr4	1692	1718	1
chr4	2420	2438	1
chr4	1721	1739	1
chr4	725	745	1
chr4	2940	2958	1
chr4	3514	3530	1
chr4	3290	3308	1
chr4	2810	2834	1
chr4	3044	3064	1
chr4	2420	2440	1
chr4	1981	2007	1
chr4	2420	2441	1
chr4	1054	1155	1
chr4	377	407	1
chr4	1823	1893	1
chr4	2066	2080	1
chr4	2082	2097	1
chr4	3488	3501	1
chr4	2177	2191	1
chr4	1980	2008	1
chr4	3022	3039	1
chr4	1547	1564	1
chr4	35	59	1
chr4	332	349	1
chr4	2810	2832	1
chr4	416	434	2
chr4	2099	2115	2
chr4	1077	1102	2
chr4	2504	2523	2
chr4	2177	2190	2
chr4	851	960	2
chr4	273	295	2
chr4	2191	2206	2
chr4	2065	2080	2
chr4	2778	2797	2
chr4	255	271	2
chr4	1824	1894	2
chr4	1463	1478	3
chr4	3023	3039	3
chr4	2902	2919	3
chr4	1645	1663	3
chr4	1625	1640	4
chr4	1597	1624	4
chr4	761	774	4
chr5	2156	2182	1
chr5	3172	3188	1
chr5	858	872	1
chr5	2803	2817	1
chr5	1741	1759	1
chr5	1136	1156	1
chr5	2649	2667	1
chr5	1535	1549	1
chr5	1747	1759	1
chr5	3416	3436	1
chr5	1204	1225	1
chr5	244	262	1
chr5	246	261	1
chr5	3148	3170	1
chr5	2259	2288	1
chr5	3259	3352	1
chr5	1111	1131	1
chr5	2583	2608	1
chr5	1132	1162	1
chr5	1815	1885	1
chr5	1331	1350	1
chr5	2668	2680	1
chr5	2802	2818	1
chr5	1760	1777	1
chr5	2058	2125	1
chr5	2872	2894	1
chr5	1643	1657	1
chr5	1552	1565	1
chr5	837	855	1
chr5	1298	1310	1
chr5	873	891	1
chr5	2058	2072	1
chr5	3264	3279	1
chr5	2615	2630	1
chr5	3553	3580	1
chr5	1204	1229	1
chr5	363	428	1
chr5	1137	1155	1
chr5	1334	1350	1
chr5	1613	1630	1
chr5	1053	1083	1
chr5	2652	2666	1
chr5	2264	2287	1
chr5	2582	2608	1
chr5	2537	2551	1
chr5	1205	1224	1
chr5	2036	2051	1
chr5	1968	2033	1
chr5	2155	2183	1
chr5	280	300	1
chr5	2648	2666	1
chr5	873	895	1
chr5	1760	1780	1
chr5	1536	1551	1
chr5	628	648	1
chr5	158	185	1
chr5	627	648	1
chr5	1134	1156	1
chr5	2262	2288	1
chr5	372	433	1
chr5	301	323	1
chr5	2156	2173	1
chr5	2846	2864	1
chr5	3259	3353	1
chr5	2872	2895	1
chr5	765	777	1
chr5	3401	3414	1
chr5	2586	2608	1
chr5	702	718	1
chr5	3259	3350	1
chr5	2517	2536	1
chr5	2537	2609	1
chr5	793	814	1
chr5	3553	3579	1
chr5	2037	2057	1
chr5	302	320	1
chr5	2516	2536	1
chr5	628	652	1
chr5	3067	3083	1
chr5	1659	1725	2
chr5	367	429	2
chr5	2058	2073	2
chr5	2513	2536	2
chr5	109	133	2
chr5	858	871	2
chr5	1182	1196	2
chr5	2758	2774	2
chr5	2871	2895	2
chr5	1760	1791	2
chr5	109	131	2
chr5	1282	1296	2
chr5	301	325	2
chr5	2758	2773	2
chr5	2436	2458	2
chr5	1280	1297	2
chr5	2435	2458	2
chr5	2156	2176	2
chr5	1659	1726	2
chr5	837	857	2
chr5	1815	1884	3
chr5	1968	2032	3
chr5	158	184	3
chr5	279	300	3
chr5	3172	3196	3
chr5	3149	3170	3
chr5	1931	1963	3
chr5	3416	3435	3
chr5	1612	1630	3
chr5	1242	1267	3
chr5	792	814	3
chr5	701	718	3
chr5	1351	1365	4
chr5	653	667	4
chr5	1463	1479	4
chr5	136	156	4
chr5	1632	1657	4
chr6	2955	2985	1
chr6	2258	2281	1
chr6	607	628	1
chr6	1462	1478	1
chr6	413	431	1
chr6	542	554	1
chr6	1811	1825	1
chr6	2689	2705	1
chr6	3037	3053	1
chr6	752	777	1
chr6	1625	1651	1
chr6	401	489	1
chr6	2562	2592	1
chr6	3191	3221	1
chr6	132	144	1
chr6	2860	2875	1
chr6	893	917	1
chr6	2529	2550	1
chr6	2006	2022	1
chr6	371	399	1
chr6	1827	1913	1
chr6	503	517	1
chr6	1014	1037	1
chr6	61	80	1
chr6	3246	3269	1
chr6	2534	2550	1
chr6	376	400	1
chr6	132	146	1
chr6	3352	3418	1
chr6	2532	2548	1
chr6	674	704	1
chr6	1793	1807	1
chr6	1441	1457	1
chr6	1460	1480	1
chr6	375	400	1
chr6	794	819	1
chr6	2657	2684	1
chr6	1734	1754	1
chr6	2117	2135	1
chr6	1461	1481	1
chr6	643	659	1
chr6	3039	3055	1
chr6	608	629	1
chr6	1440	1457	1
chr6	1354	1381	1
chr6	3248	3269	1
chr6	1353	1381	1
chr6	643	660	1
chr6	2955	2975	1
chr6	2956	2970	1
chr6	1593	1611	1
chr6	2008	2023	1
chr6	2026	2100	1
chr6	919	939	1
chr6	608	628	1
chr6	83	101	1
chr6	3205	3219	1
chr6	682	704	1
chr6	1728	1754	1
chr6	132	145	1
chr6	919	940	1
chr6	750	775	1
chr6	607	629	1
chr6	102	130	1
chr6	132	161	1
chr6	1441	1458	1
chr6	2858	2875	1
chr6	2148	2163	1
chr6	2118	2134	1
chr6	1439	1457	1
chr6	893	914	1
chr6	1103	1123	1
chr6	377	399	1
chr6	3037	3054	1
chr6	1959	1981	1
chr6	1736	1754	1
chr6	174	205	1
chr6	3137	3152	1
chr6	796	819	1
chr6	1354	1380	1
chr6	918	940	1
chr6	2253	2327	1
chr6	411	431	1
chr6	2250	2327	1
chr6	2022	2100	1
chr6	918	939	1
chr6	61	79	1
chr6	3271	3289	1
chr6	1071	1146	1
chr6	2716	2730	1
chr6	2955	2976	1
chr6	2662	2678	1
chr6	1104	1123	1
chr6	1827	1912	1
chr6	3345	3418	1
chr6	1352	1381	1
chr6	671	704	1
chr6	1394	1417	1
chr6	2250	2285	1
chr6	3172	3190	1
chr6	542	555	2
chr6	2147	2163	2
chr6	3222	3235	2
chr6	2859	2874	2
chr6	749	775	2
chr6	3386	3400	2
chr6	1828	1912	2
chr6	312	325	2
chr6	2716	2731	2
chr6	283	309	2
chr6	640	660	2
chr6	3093	3111	2
chr6	282	312	2
chr6	2028	2100	2
chr6	888	917	2
chr6	62	80	2
chr6	3243	3269	2
chr6	2117	2134	2
chr6	670	704	2
chr6	1810	1825	2
chr6	83	100	3
chr6	1591	1610	3
chr6	2924	2940	3
chr6	3171	3190	3
chr6	162	208	3
chr6	3271	3290	3
chr6	2689	2704	3
chr6	3191	3219	3
chr6	1489	1518	3
chr6	2793	2806	3
chr6	108	130	3
chr6	3154	3170	3
chr6	1391	1417	3
chr6	786	820	3
chr6	1659	1675	3
chr6	30	53	4
chr6	1418	1434	4
chr6	870	886	4
chr6	3067	3088	4
chr6	955	987	4
chr6	2196	2214	4
chr6	3113	3136	4
chr7	1522	1538	1
chr7	2136	2155	1
chr7	1956	1969	1
chr7	3034	3050	1
chr7	3054	3074	1
chr7	301	320	1
chr7	229	246	1
chr7	880	903	1
chr7	442	464	1
chr7	2990	3012	1
chr7	2576	2592	1
chr7	472	496	1
chr7	267	289	1
chr7	566	578	1
chr7	805	836	1
chr7	1813	1828	1
chr7	139	151	1
chr7	2751	2771	1
chr7	1110	1124	1
chr7	269	291	1
chr7	1309	1329	1
chr7	322	336	1
chr7	32	48	1
chr7	267	291	1
chr7	3051	3085	1
chr7	964	1000	1
chr7	338	353	1
chr7	2577	2593	1
chr7	2716	2745	1
chr7	449	465	1
chr7	1934	1950	1
chr7	3144	3164	1
chr7	1710	1724	1
chr7	1814	1828	1
chr7	2685	2697	1
chr7	2883	2959	1
chr7	2804	2828	1
chr7	2434	2460	1
chr7	32	50	1
chr7	2378	2407	1
chr7	1765	1795	1
chr7	2382	2397	1
chr7	2560	2574	1
chr7	116	135	1
chr7	1710	1728	1
chr7	2471	2489	1
chr7	518	530	1
chr7	2270	2314	1
chr7	2472	2488	1
chr7	1282	1298	1
chr7	2782	2801	1
chr7	1954	1970	1
chr7	3052	3074	1
chr7	3036	3049	1
chr7	152	167	1
chr7	2805	2827	1
chr7	1524	1538	1
chr7	1937	1950	1
chr7	3092	3108	1
chr7	322	335	1
chr7	64	92	1
chr7	2407	2422	1
chr7	2781	2802	1
chr7	58	92	1
chr7	1336	1392	1
chr7	1761	1794	1
chr7	1424	1442	1
chr7	1741	1755	1
chr7	2433	2460	1
chr7	2751	2770	1
chr7	1029	1095	1
chr7	65	91	1
chr7	472	504	1
chr7	32	49	1
chr7	2646	2682	1
chr7	1953	1969	1
chr7	2990	3011	1
chr7	1740	1756	1
chr7	564	578	1
chr7	2268	2314	1
chr7	805	837	1
chr7	1813	1829	1
chr7	354	367	1
chr7	1283	1299	1
chr7	772	791	1
chr7	623	648	1
chr7	368	393	1
chr7	544	563	1
chr7	1336	1404	1
chr7	395	412	1
chr7	2339	2356	1
chr7	2683	2697	1
chr7	518	531	1
chr7	414	438	1
chr7	2270	2315	1
chr7	2639	2681	1
chr7	270	294	1
chr7	2340	2357	1
chr7	1425	1442	1
chr7	3111	3132	1
chr7	31	49	1
chr7	2595	2610	1
chr7	472	495	1
chr7	3053	3073	1
chr7	2882	2961	1
chr7	1007	1025	1
chr7	838	857	1
chr7	394	413	1
chr7	471	503	1
chr7	3055	3075	1
chr7	2228	2242	1
chr7	505	517	1
chr7	1760	1795	1
chr7	1980	1997	1
chr7	2627	2645	1
chr7	919	944	2
chr7	295	321	2
chr7	322	334	2
chr7	2991	3011	2
chr7	2611	2624	2
chr7	2227	2242	2
chr7	2752	2770	2
chr7	946	960	2
chr7	1606	1621	2
chr7	2316	2336	2
chr7	2647	2662	2
chr7	3145	3163	2
chr7	2611	2625	2
chr7	2473	2489	2
chr7	3035	3050	2
chr7	2061	2076	2
chr7	2340	2356	2
chr7	2316	2335	2
chr7	394	412	2
chr7	918	943	2
chr7	251	266	2
chr7	664	679	2
chr7	2882	2959	2
chr7	1742	1755	2
chr7	1934	1951	2
chr7	881	903	2
chr7	2434	2461	2
chr7	904	918	2
chr7	2062	2076	2
chr7	946	958	2
chr7	2136	2150	2
chr7	2782	2802	2
chr7	252	265	2
chr7	1008	1024	2
chr7	2715	2745	3
chr7	152	166	3
chr7	339	353	3
chr7	228	246	3
chr7	774	791	3
chr7	3093	3110	3
chr7	839	857	3
chr7	1030	1094	3
chr7	2358	2376	3
chr7	3112	3127	3
chr7	2165	2206	3
chr7	2596	2610	3
chr7	544	562	3
chr7	1881	1902	4
chr7	2077	2090	4
chr7	1910	1933	4
chr7	1405	1423	4
chr7	2543	2558	4
chr8	44	61	1
chr8	2637	2657	1
chr8	1590	1609	1
chr8	1285	1306	1
chr8	472	497	1
chr8	1143	1165	1
chr8	802	817	1
chr8	1145	1165	1
chr8	357	373	1
chr8	2617	2633	1
chr8	778	794	1
chr8	475	496	1
chr8	473	497	1
chr8	2366	2389	1
chr8	1814	1841	1
chr8	2176	2195	1
chr8	801	817	1
chr8	960	977	1
chr8	1587	1609	1
chr8	2797	2828	1
chr8	1505	1520	1
chr8	1524	1585	1
chr8	2158	2174	1
chr8	752	772	1
chr8	500	522	1
chr8	98	119	1
chr8	2159	2175	1
chr8	1815	1839	1
chr8	2511	2533	1
chr8	2180	2196	1
chr8	473	498	1
chr8	1982	2022	1
chr8	2557	2571	1
chr8	801	823	1
chr8	670	736	1
chr8	1284	1306	1
chr8	802	823	1
chr8	265	340	1
chr8	1589	1609	1
chr8	263	340	1
chr8	1253	1280	1
chr8	1505	1524	1
chr8	961	975	1
chr8	2176	2192	1
chr8	554	568	1
chr8	2536	2555	1
chr8	1285	1305	1
chr8	1371	1386	1
chr8	2093	2106	1
chr8	670	733	1
chr8	1069	1094	1
chr8	2366	2388	1
chr8	1109	1125	1
chr8	44	60	1
chr8	2050	2064	1
chr8	1147	1165	1
chr8	500	519	1
chr8	1349	1368	1
chr8	778	795	1
chr8	2636	2657	1
chr8	1286	1306	1
chr8	2094	2108	1
chr8	1197	1218	1
chr8	1260	1280	1
chr8	1388	1410	1
chr8	1928	1944	1
chr8	2641	2657	1
chr8	2324	2342	1
chr8	2535	2554	1
chr8	441	461	1
chr8	2832	2848	1
chr8	2137	2152	1
chr8	1463	1477	1
chr8	1815	1834	1
chr8	1590	1610	1
chr8	2161	2175	1
chr8	1462	1476	1
chr8	670	734	1
chr8	1193	1218	1
chr8	1308	1329	1
chr8	1417	1431	2
chr8	1254	1280	2
chr8	1752	1813	2
chr8	752	773	2
chr8	2698	2794	2
chr8	2535	2555	2
chr8	2496	2509	2
chr8	1751	1813	2
chr8	404	434	2
chr8	1166	1185	2
chr8	98	120	2
chr8	375	400	2
chr8	1416	1431	2
chr8	1192	1218	2
chr8	405	434	2
chr8	1525	1586	2
chr8	43	61	2
chr8	1350	1368	2
chr8	253	340	2
chr8	779	794	2
chr8	1166	1186	2
chr8	1128	1142	2
chr8	961	977	2
chr8	2833	2848	2
chr8	1309	1329	3
chr8	2047	2064	3
chr8	2813	2828	3
chr8	2137	2153	3
chr8	1223	1241	3
chr8	2616	2634	3
chr8	583	598	3
chr8	1389	1410	3
chr8	1926	1944	3
chr8	2718	2793	4
chr8	2119	2135	4
chr8	1946	1971	4
chr8	980	996	4
chr8	1433	1453	4
chr8	161	237	4
chr9	2087	2150	1
chr9	1873	1889	1
chr9	2150	2168	1
chr9	2009	2031	1
chr9	646	660	1
chr9	2204	2226	1
chr9	92	114	1
chr9	2173	2197	1
chr9	116	134	1
chr9	2067	2082	1
chr9	2172	2198	1
chr9	749	768	1
chr9	1965	1981	1
chr9	1557	1575	1
chr9	2016	2031	1
chr9	2203	2224	1
chr9	1740	1764	1
chr9	693	718	1
chr9	1520	1540	1
chr9	1744	1762	1
chr9	2391	2406	1
chr9	2068	2085	1
chr9	2687	2703	1
chr9	2287	2312	1
chr9	2288	2312	1
chr9	1556	1575	1
chr9	2175	2198	1
chr9	2563	2586	1
chr9	2268	2280	1
chr9	1874	1889	1
chr9	2352	2464	1
chr9	1556	1573	1
chr9	2349	2464	1
chr9	2688	2716	1
chr9	2523	2543	1
chr9	2038	2062	1
chr9	2068	2082	1
chr9	2173	2198	1
chr9	63	85	1
chr9	2687	2717	1
chr9	2017	2031	1
chr9	2289	2310	1
chr9	749	767	1
chr9	749	769	1
chr9	2523	2541	1
chr9	2067	2081	1
chr9	750	767	1
chr9	2289	2312	1
chr9	2038	2065	1
chr9	1619	1717	2
chr9	2523	2542	2
chr9	2150	2164	2
chr9	91	114	2
chr9	1619	1716	2
chr9	2203	2226	2
chr9	2688	2703	2
chr9	693	712	3
chr9	2563	2585	3
chr9	2087	2149	3
chr9	1897	1911	4
chr9	1780	1798	4
chrX	1476	1496	1
chrX	2638	2657	1
chrX	1373	1386	1
chrX	1372	1386	1
chrX	906	925	1
chrX	809	824	1
chrX	2157	2173	1
chrX	2979	2997	1
chrX	789	806	1
chrX	2469	2571	1
chrX	176	196	1
chrX	2178	2193	1
chrX	35	49	1
chrX	2602	2616	1
chrX	1295	1309	1
chrX	2469	2572	1
chrX	809	822	1
chrX	176	195	1
chrX	2156	2172	1
chrX	786	807	1
chrX	368	386	1
chrX	3021	3034	1
chrX	1295	1314	1
chrX	3018	3032	1
chrX	1477	1496	1
chrX	618	636	1
chrX	2602	2617	2
chrX	367	387	2
chrX	2467	2572	2
chrX	789	807	2
chrX	77	173	3
chrX	410	472	4
