chr1	2004	2086	1
chr1	3658	3725	1
chr1	4164	4211	1
chr1	3850	3949	1
chr1	1116	1209	1
chr1	4164	4229	1
chr1	4061	4110	1
chr1	1366	1431	1
chr1	68	122	1
chr1	3041	3103	1
chr1	346	400	1
chr1	2246	2333	1
chr1	4803	4893	1
chr1	1	67	1
chr1	2404	2995	1
chr1	3850	3947	1
chr1	244	336	1
chr1	3127	3200	1
chr1	2087	2174	1
chr1	3726	3783	1
chr1	1	47	1
chr1	3202	3235	1
chr1	1573	1688	1
chr1	467	523	1
chr1	4421	4453	1
chr1	258	345	1
chr1	1018	1073	1
chr1	4315	4368	1
chr1	3065	3126	1
chr1	787	830	1
chr1	487	523	1
chr1	831	904	1
chr1	4803	4865	1
chr1	905	971	1
chr1	905	965	1
chr1	4230	4266	1
chr1	3694	3725	1
chr1	3236	3301	1
chr1	3850	3950	1
chr1	4636	4724	1
chr1	866	937	1
chr1	2991	3069	1
chr1	3041	3064	1
chr1	4420	4510	1
chr1	3934	4011	1
chr1	4162	4210	1
chr1	4454	4513	1
chr1	2090	2167	1
chr1	194	257	1
chr1	4111	4161	1
chr1	3784	3849	1
chr1	759	811	1
chr1	3201	3235	1
chr1	48	119	1
chr1	1972	2036	1
chr1	2187	2245	1
chr1	123	193	1
chr1	3850	3933	1
chr1	2087	2186	1
chr1	2991	3040	1
chr1	659	758	1
chr1	2175	2258	1
chr1	971	1016	1
chr1	1689	1751	1
chr1	1074	1115	1
chr1	1872	1914	1
chr1	3425	3506	1
chr1	467	536	1
chr1	1716	1788	1
chr1	2342	2428	1
chr1	120	193	1
chr1	1573	1687	1
chr1	3236	3302	1
chr1	938	971	1
chr1	1915	2005	1
chr1	1788	1840	1
chr1	2429	2995	1
chr1	4369	4419	1
chr1	3041	3101	1
chr1	4725	4802	1
chr1	3948	4011	1
chr1	3144	3201	1
chr1	3369	3454	1
chr1	1688	1787	1
chr1	4201	4266	1
chr1	4211	4265	1
chr1	787	829	1
chr1	4160	4200	1
chr1	2233	2290	1
chr1	1716	1781	1
chr1	3950	4010	1
chr1	2087	2166	1
chr1	4726	4804	1
chr1	905	970	1
chr1	1915	1971	1
chr1	4726	4802	1
chr1	2167	2232	1
chr1	2291	2370	1
chr1	1210	1294	1
chr1	4421	4510	1
chr1	3302	3371	1
chr1	3104	3143	1
chr1	966	1017	1
chr1	1174	1251	1
chr1	1790	1866	1
chr1	1295	1365	1
chr1	3302	3397	1
chr1	4212	4266	1
chr1	3629	3693	1
chr1	3102	3143	1
chr1	2005	2089	1
chr1	4686	4724	1
chr1	4266	4314	1
chr1	659	738	1
chr1	1752	1789	1
chr1	740	786	1
chr1	3951	4010	1
chr1	2259	2333	1
chr1	401	482	1
chr1	537	591	1
chr1	1915	2004	1
chr1	4011	4060	1
chr1	4725	4804	1
chr1	1789	1866	1
chr1	2334	2430	1
chr1	2168	2258	1
chr1	4890	4985	1
chr1	4514	4575	1
chr1	3507	3558	1
chr1	3372	3424	1
chr1	4890	4939	1
chr1	2371	2430	1
chr1	1841	1914	1
chr1	1915	2003	1
chr1	4111	4159	1
chr1	3559	3628	1
chr1	3070	3143	1
chr1	3303	3368	1
chr1	1252	1344	1
chr1	4512	4575	1
chr1	740	829	1
chr1	4454	4511	1
chr1	2334	2403	1
chr1	4894	4939	1
chr1	4011	4110	1
chr1	1782	1871	1
chr1	4866	4985	1
chr1	2006	2086	1
chr1	812	865	1
chr1	337	420	1
chr1	2037	2086	1
chr1	3570	3657	1
chr1	1116	1173	1
chr1	4369	4453	1
chr1	4636	4685	1
chr1	2259	2341	1
chr1	483	523	1
chr1	3398	3454	1
chr1	739	786	1
chr1	421	486	1
chr1	3399	3454	1
chr1	3302	3398	1
chr1	3629	3725	2
chr1	830	904	2
chr1	4369	4420	2
chr1	4576	4635	2
chr1	4576	4640	2
chr1	1867	1914	2
chr1	4940	4985	2
chr1	1573	1715	2
chr1	1281	1344	2
chr1	1116	1205	2
chr1	972	1016	2
chr1	659	739	2
chr1	244	345	2
chr1	2996	3040	2
chr1	421	466	2
chr1	2872	2990	2
chr1	4012	4060	2
chr1	4641	4725	2
chr1	346	420	2
chr1	121	193	2
chr1	78	120	2
chr1	3257	3301	2
chr1	1206	1280	2
chr1	3201	3256	2
chr1	2431	2871	2
chr1	4061	4163	2
chr1	4511	4575	2
chr1	3570	3628	2
chr1	4805	4889	2
chr1	3144	3200	2
chr1	1	77	2
chr1	4267	4368	3
chr1	3726	3849	3
chr1	1345	1431	3
chr1	194	243	3
chr1	1017	1115	3
chr1	3507	3569	3
chr1	524	591	3
chr1	3455	3506	3
chr1	1432	1505	4
chr1	592	658	4
chr1	1506	1572	4
chr10	1253	1316	1
chr10	2552	2594	1
chr10	2478	2522	1
chr10	2416	2478	1
chr10	2408	2434	1
chr10	2364	2433	1
chr10	2054	2128	1
chr10	1854	1909	1
chr10	2416	2487	1
chr10	928	1054	1
chr10	2594	2641	1
chr10	1910	1938	1
chr10	2089	2123	1
chr10	66	151	1
chr10	2339	2367	1
chr10	1252	1312	1
chr10	621	699	1
chr10	619	718	1
chr10	135	245	1
chr10	1655	1718	1
chr10	2554	2593	1
chr10	1643	1712	1
chr10	265	318	1
chr10	539	618	1
chr10	2600	2674	1
chr10	157	246	1
chr10	1082	1198	1
chr10	2233	2285	1
chr10	1798	1853	1
chr10	2055	2087	1
chr10	673	707	1
chr10	1984	2022	1
chr10	1454	1500	1
chr10	1718	1792	1
chr10	1056	1107	1
chr10	1199	1251	1
chr10	220	264	1
chr10	719	783	1
chr10	1655	1717	1
chr10	152	219	1
chr10	65	134	1
chr10	1758	1792	1
chr10	1312	1391	1
chr10	1903	1962	1
chr10	1253	1311	1
chr10	1963	2023	1
chr10	2549	2593	1
chr10	1424	1497	1
chr10	784	1050	1
chr10	2488	2551	1
chr10	1198	1252	1
chr10	2234	2286	1
chr10	247	303	1
chr10	1055	1092	1
chr10	708	784	1
chr10	539	620	1
chr10	470	570	1
chr10	700	784	1
chr10	188	219	1
chr10	2490	2554	1
chr10	470	520	1
chr10	1424	1500	1
chr10	1148	1198	1
chr10	2054	2123	1
chr10	220	263	1
chr10	2523	2553	1
chr10	1854	1902	1
chr10	1854	1906	1
chr10	571	618	1
chr10	2642	2674	1
chr10	621	672	1
chr10	2287	2338	1
chr10	785	847	1
chr10	2023	2054	1
chr10	264	318	1
chr10	719	784	1
chr10	2368	2407	1
chr10	1199	1252	1
chr10	2435	2477	1
chr10	1939	1983	1
chr10	1501	1578	1
chr10	884	927	1
chr10	1719	1757	1
chr10	1498	1543	1
chr10	304	379	1
chr10	1764	1853	1
chr10	1200	1251	1
chr10	152	187	1
chr10	1424	1453	1
chr10	2234	2285	1
chr10	1713	1763	1
chr10	2024	2088	1
chr10	619	671	1
chr10	2595	2674	1
chr10	1392	1500	1
chr10	1316	1391	1
chr10	2555	2599	1
chr10	1758	1797	1
chr10	1854	1927	1
chr10	1	65	1
chr10	120	156	1
chr10	1907	1990	1
chr10	1643	1726	1
chr10	785	1055	1
chr10	2088	2123	1
chr10	2479	2548	1
chr10	246	318	1
chr10	521	574	1
chr10	1252	1315	1
chr10	672	718	1
chr10	1928	1990	1
chr10	2129	2233	1
chr10	1727	1757	1
chr10	1093	1147	1
chr10	1313	1391	1
chr10	575	620	1
chr10	120	151	1
chr10	1108	1197	1
chr10	2168	2232	1
chr10	1317	1391	1
chr10	1544	1578	1
chr10	1082	1199	1
chr10	2434	2489	1
chr10	2594	2674	1
chr10	319	380	1
chr10	2234	2363	1
chr10	848	883	1
chr10	785	1050	1
chr10	381	423	1
chr10	1579	1642	2
chr10	1579	1654	2
chr10	2286	2379	2
chr10	1541	1578	2
chr10	65	119	2
chr10	1501	1540	2
chr10	1051	1081	2
chr10	2380	2415	2
chr10	1991	2053	2
chr10	470	538	2
chr10	319	379	2
chr10	1793	1853	2
chr10	2168	2233	2
chr10	1	64	3
chr10	1392	1423	3
chr10	2124	2167	3
chr10	380	423	3
chr10	2675	2711	4
chr10	424	469	4
chr11	1310	1356	1
chr11	414	458	1
chr11	1407	1460	1
chr11	867	893	1
chr11	458	526	1
chr11	1423	1443	1
chr11	2385	2408	1
chr11	415	458	1
chr11	353	412	1
chr11	1500	1523	1
chr11	2540	2593	1
chr11	2632	2676	1
chr11	2172	2222	1
chr11	1888	1922	1
chr11	307	376	1
chr11	1854	1887	1
chr11	590	625	1
chr11	138	163	1
chr11	2594	2699	1
chr11	1672	1706	1
chr11	809	866	1
chr11	1648	1705	1
chr11	2332	2384	1
chr11	1391	1426	1
chr11	2354	2407	1
chr11	1587	1648	1
chr11	1280	1309	1
chr11	588	625	1
chr11	1799	1852	1
chr11	271	305	1
chr11	1353	1390	1
chr11	334	376	1
chr11	1979	2053	1
chr11	1923	1978	1
chr11	1649	1706	1
chr11	2053	2141	1
chr11	217	268	1
chr11	777	827	1
chr11	1357	1390	1
chr11	1886	1922	1
chr11	2540	2592	1
chr11	528	589	1
chr11	2354	2384	1
chr11	1860	1922	1
chr11	1706	1741	1
chr11	710	734	1
chr11	217	259	1
chr11	2143	2171	1
chr11	1462	1499	1
chr11	2332	2369	1
chr11	459	526	1
chr11	2470	2495	1
chr11	306	352	1
chr11	2677	2699	1
chr11	137	183	1
chr11	1353	1406	1
chr11	1474	1499	1
chr11	2370	2401	1
chr11	646	676	1
chr11	1133	1186	1
chr11	735	776	1
chr11	1096	1142	1
chr11	1280	1308	1
chr11	733	776	1
chr11	677	709	1
chr11	1799	1853	1
chr11	1923	1979	1
chr11	677	732	1
chr11	2053	2142	1
chr11	589	648	1
chr11	1322	1355	1
chr11	2496	2539	1
chr11	2333	2353	1
chr11	269	306	1
chr11	18	44	1
chr11	965	1016	1
chr11	414	457	1
chr11	1982	2052	1
chr11	1861	1885	1
chr11	85	163	1
chr11	649	676	1
chr11	352	376	1
chr11	2223	2283	1
chr11	2172	2229	1
chr11	527	588	1
chr11	1185	1211	1
chr11	1143	1186	1
chr11	1185	1229	1
chr11	307	333	1
chr11	1923	1981	1
chr11	1407	1462	1
chr11	1524	1567	1
chr11	1649	1671	1
chr11	1096	1132	1
chr11	377	414	1
chr11	184	221	1
chr11	2284	2353	1
chr11	459	527	1
chr11	1187	1224	1
chr11	1230	1279	1
chr11	1461	1528	1
chr11	307	351	1
chr11	2408	2469	1
chr11	626	645	1
chr11	1924	1978	1
chr11	828	866	1
chr11	413	457	1
chr11	1463	1499	1
chr11	1648	1706	1
chr11	2230	2283	1
chr11	1529	1567	1
chr11	2118	2153	1
chr11	527	550	1
chr11	1742	1773	1
chr11	259	306	1
chr11	2432	2469	1
chr11	1853	1923	1
chr11	1745	1798	1
chr11	2402	2449	1
chr11	2154	2171	1
chr11	1980	2017	1
chr11	1	17	1
chr11	2593	2631	1
chr11	2142	2171	1
chr11	137	163	1
chr11	551	587	1
chr11	917	964	1
chr11	1225	1253	1
chr11	2470	2539	1
chr11	1568	1586	1
chr11	1391	1422	1
chr11	85	137	1
chr11	1799	1859	1
chr11	737	776	1
chr11	458	527	1
chr11	1239	1279	1
chr11	1309	1352	1
chr11	528	625	1
chr11	1427	1461	1
chr11	1444	1473	1
chr11	50	84	1
chr11	2122	2171	1
chr11	1	49	1
chr11	1232	1253	1
chr11	1187	1238	1
chr11	1799	1860	1
chr11	737	808	1
chr11	2409	2449	1
chr11	1707	1744	1
chr11	2284	2332	1
chr11	260	306	1
chr11	222	258	1
chr11	1322	1352	1
chr11	1568	1648	1
chr11	1774	1798	1
chr11	894	916	1
chr11	2018	2051	1
chr11	2385	2431	1
chr11	1356	1406	1
chr11	1212	1231	1
chr11	2052	2117	1
chr11	1979	2052	1
chr11	164	221	1
chr11	222	270	1
chr11	2054	2121	1
chr11	1707	1741	2
chr11	1143	1184	2
chr11	2676	2699	2
chr11	2496	2523	2
chr11	1017	1095	2
chr11	777	829	2
chr11	2594	2631	2
chr11	1	44	2
chr11	678	736	2
chr11	2450	2495	2
chr11	1017	1094	2
chr11	1254	1279	2
chr11	2632	2675	2
chr11	2524	2593	2
chr11	164	216	2
chr11	377	413	2
chr11	2284	2331	2
chr11	1500	1528	2
chr11	1742	1798	2
chr11	830	866	2
chr11	1280	1321	2
chr11	85	136	2
chr11	1529	1566	2
chr11	626	677	2
chr11	2229	2283	2
chr11	2172	2228	2
chr11	1567	1647	2
chr11	1095	1142	2
chr11	45	84	3
chr11	917	963	3
chr11	964	1016	3
chr11	867	916	3
chr12	1449	1499	1
chr12	1444	1499	1
chr12	1121	1167	1
chr12	828	888	1
chr12	366	396	1
chr12	2080	2116	1
chr12	458	499	1
chr12	2514	2572	1
chr12	2329	2352	1
chr12	2353	2415	1
chr12	269	303	1
chr12	1254	1304	1
chr12	321	366	1
chr12	1939	1988	1
chr12	1342	1368	1
chr12	453	500	1
chr12	1519	1549	1
chr12	2573	2625	1
chr12	1305	1353	1
chr12	1036	1068	1
chr12	2329	2353	1
chr12	888	911	1
chr12	2289	2327	1
chr12	2206	2245	1
chr12	829	886	1
chr12	2244	2268	1
chr12	305	367	1
chr12	1500	1518	1
chr12	2461	2482	1
chr12	1770	1835	1
chr12	99	123	1
chr12	2180	2227	1
chr12	269	321	1
chr12	1836	1860	1
chr12	1193	1249	1
chr12	1069	1098	1
chr12	1548	1603	1
chr12	1	42	1
chr12	174	233	1
chr12	1407	1448	1
chr12	1369	1405	1
chr12	2354	2411	1
chr12	911	962	1
chr12	1098	1120	1
chr12	2353	2402	1
chr12	2162	2204	1
chr12	148	189	1
chr12	2354	2402	1
chr12	1989	2036	1
chr12	1448	1499	1
chr12	1939	1976	1
chr12	397	428	1
chr12	1550	1593	1
chr12	44	78	1
chr12	889	911	1
chr12	2455	2482	1
chr12	795	828	1
chr12	129	173	1
chr12	1123	1167	1
chr12	501	558	1
chr12	1252	1304	1
chr12	2586	2625	1
chr12	1099	1121	1
chr12	269	320	1
chr12	2519	2585	1
chr12	1010	1036	1
chr12	552	594	1
chr12	758	793	1
chr12	368	397	1
chr12	2205	2243	1
chr12	2118	2150	1
chr12	398	429	1
chr12	2180	2205	1
chr12	2080	2117	1
chr12	174	206	1
chr12	169	234	1
chr12	1098	1121	1
chr12	1024	1068	1
chr12	1710	1769	1
chr12	1249	1302	1
chr12	1406	1454	1
chr12	304	326	1
chr12	79	128	1
chr12	190	233	1
chr12	1455	1500	1
chr12	2328	2352	1
chr12	1004	1036	1
chr12	1604	1656	1
chr12	1656	1709	1
chr12	2483	2520	1
chr12	2289	2329	1
chr12	1250	1304	1
chr12	2209	2245	1
chr12	429	452	1
chr12	1769	1835	1
chr12	2521	2573	1
chr12	963	1003	1
chr12	1354	1406	1
chr12	1861	1890	1
chr12	2151	2178	1
chr12	2412	2460	1
chr12	552	584	1
chr12	43	64	1
chr12	538	584	1
chr12	2179	2208	1
chr12	2117	2161	1
chr12	559	594	1
chr12	367	396	1
chr12	1594	1658	1
chr12	887	911	1
chr12	828	887	1
chr12	1168	1251	1
chr12	1656	1705	1
chr12	985	1023	1
chr12	397	429	1
chr12	2519	2583	1
chr12	1193	1253	1
chr12	1353	1405	1
chr12	989	1035	1
chr12	1098	1122	1
chr12	1706	1766	1
chr12	129	168	1
chr12	500	537	1
chr12	1406	1447	1
chr12	1705	1770	1
chr12	794	833	1
chr12	1657	1704	1
chr12	2228	2268	1
chr12	327	370	1
chr12	1836	1862	1
chr12	963	984	1
chr12	963	1009	1
chr12	148	173	1
chr12	2330	2353	1
chr12	834	886	1
chr12	1392	1443	1
chr12	1501	1547	1
chr12	322	365	1
chr12	80	128	1
chr12	1771	1835	1
chr12	207	234	1
chr12	1706	1768	1
chr12	2483	2513	1
chr12	65	98	1
chr12	887	910	1
chr12	2584	2625	1
chr12	1168	1248	1
chr12	1863	1890	1
chr12	1303	1352	1
chr12	399	429	1
chr12	371	398	1
chr12	1659	1705	1
chr12	2574	2625	1
chr12	1767	1835	1
chr12	80	123	1
chr12	269	304	1
chr12	2416	2454	1
chr12	1342	1391	1
chr12	963	988	1
chr12	1836	1863	2
chr12	2269	2288	2
chr12	2403	2438	2
chr12	2652	2677	2
chr12	2084	2116	2
chr12	2037	2079	2
chr12	1864	1890	2
chr12	1891	1939	2
chr12	2439	2462	2
chr12	2246	2289	2
chr12	2151	2179	2
chr12	585	620	2
chr12	501	551	2
chr12	1164	1192	2
chr12	1891	1938	2
chr12	1305	1341	2
chr12	1604	1655	2
chr12	458	500	2
chr12	1122	1163	2
chr12	2037	2083	2
chr12	44	79	2
chr12	234	268	2
chr12	235	268	2
chr12	595	620	2
chr12	124	147	2
chr12	1549	1603	2
chr12	1500	1548	2
chr12	795	827	2
chr12	2463	2490	2
chr12	2626	2677	2
chr12	2491	2518	2
chr12	2117	2150	2
chr12	2626	2651	2
chr12	1940	1976	2
chr12	2290	2328	2
chr12	1037	1068	2
chr12	430	457	3
chr12	1977	2036	3
chr12	1	43	3
chr12	758	794	3
chr12	912	962	3
chr12	1069	1097	3
chr12	621	658	4
chr12	699	757	4
chr12	659	698	4
chr13	2037	2064	1
chr13	1308	1324	1
chr13	492	513	1
chr13	1325	1355	1
chr13	1851	1901	1
chr13	923	949	1
chr13	950	987	1
chr13	1519	1551	1
chr13	1553	1603	1
chr13	2242	2262	1
chr13	2007	2036	1
chr13	1971	1991	1
chr13	2158	2174	1
chr13	728	754	1
chr13	552	588	1
chr13	922	947	1
chr13	1486	1515	1
chr13	1777	1809	1
chr13	1112	1127	1
chr13	1971	2005	1
chr13	1077	1163	1
chr13	490	515	1
chr13	913	922	1
chr13	1403	1424	1
chr13	2116	2146	1
chr13	2107	2129	1
chr13	806	827	1
chr13	2130	2158	1
chr13	689	715	1
chr13	793	827	1
chr13	1902	1935	1
chr13	1357	1424	1
chr13	731	753	1
chr13	2282	2303	1
chr13	1252	1267	1
chr13	1606	1630	1
chr13	2065	2088	1
chr13	1631	1663	1
chr13	534	550	1
chr13	888	912	1
chr13	1034	1061	1
chr13	1049	1068	1
chr13	1077	1102	1
chr13	381	415	1
chr13	1268	1288	1
chr13	1377	1403	1
chr13	1664	1688	1
chr13	524	551	1
chr13	2006	2024	1
chr13	2263	2282	1
chr13	1225	1253	1
chr13	1903	1933	1
chr13	912	922	1
chr13	1851	1902	1
chr13	1	383	1
chr13	2241	2265	1
chr13	2159	2174	1
chr13	516	550	1
chr13	468	491	1
chr13	1516	1525	1
chr13	1446	1465	1
chr13	1991	2006	1
chr13	1689	1709	1
chr13	2218	2238	1
chr13	2147	2157	1
chr13	1467	1486	1
chr13	1659	1680	1
chr13	1526	1552	1
chr13	1731	1809	1
chr13	1254	1323	1
chr13	1553	1605	1
chr13	2089	2115	1
chr13	1356	1376	1
chr13	2071	2110	1
chr13	890	922	1
chr13	1466	1485	1
chr13	1289	1307	1
chr13	1631	1709	1
chr13	1955	1982	1
chr13	1882	1901	1
chr13	514	533	1
chr13	551	588	1
chr13	1377	1402	1
chr13	1200	1224	1
chr13	1103	1127	1
chr13	1902	1921	1
chr13	839	858	1
chr13	2178	2217	1
chr13	859	887	1
chr13	524	550	1
chr13	551	572	1
chr13	1565	1574	1
chr13	1575	1603	1
chr13	860	887	1
chr13	1834	1850	1
chr13	969	1009	1
chr13	2157	2177	1
chr13	674	688	1
chr13	2071	2156	1
chr13	1221	1253	1
chr13	754	764	1
chr13	808	824	1
chr13	1425	1466	1
chr13	1062	1076	1
chr13	2071	2106	1
chr13	1300	1357	1
chr13	1922	1938	1
chr13	692	715	1
chr13	1079	1111	1
chr13	988	1034	1
chr13	1992	2005	1
chr13	1810	1836	1
chr13	1837	1850	1
chr13	1936	1954	1
chr13	2217	2240	1
chr13	1424	1464	1
chr13	755	792	1
chr13	668	691	1
chr13	765	790	1
chr13	888	911	1
chr13	1983	2006	1
chr13	2007	2024	1
chr13	1882	1900	1
chr13	405	430	1
chr13	572	588	1
chr13	827	858	1
chr13	468	481	1
chr13	1252	1274	1
chr13	2006	2036	1
chr13	1164	1199	1
chr13	384	415	1
chr13	504	523	1
chr13	1198	1220	1
chr13	1576	1603	1
chr13	1425	1445	1
chr13	1487	1518	1
chr13	839	859	1
chr13	791	805	1
chr13	2178	2216	1
chr13	1254	1299	1
chr13	406	415	1
chr13	1564	1575	1
chr13	754	792	1
chr13	381	404	1
chr13	573	588	1
chr13	551	571	1
chr13	828	838	1
chr13	1552	1564	1
chr13	1729	1750	1
chr13	1731	1776	1
chr13	1751	1774	1
chr13	1901	1923	1
chr13	2239	2282	1
chr13	431	444	1
chr13	2242	2282	1
chr13	1275	1300	1
chr13	2111	2157	1
chr13	691	730	1
chr13	1034	1048	1
chr13	1069	1078	1
chr13	1357	1376	1
chr13	1924	1935	1
chr13	1165	1197	1
chr13	1939	1953	1
chr13	1358	1423	1
chr13	1762	1781	1
chr13	649	667	1
chr13	482	503	1
chr13	890	921	1
chr13	791	807	1
chr13	948	968	1
chr13	1553	1563	1
chr13	691	727	1
chr13	754	790	1
chr13	490	523	1
chr13	1077	1113	1
chr13	1936	1953	1
chr13	1782	1808	1
chr13	1010	1034	1
chr13	828	858	1
chr13	1404	1424	1
chr13	1114	1164	1
chr13	825	838	1
chr13	381	405	1
chr13	1681	1709	1
chr13	1425	1464	1
chr13	1775	1809	1
chr13	2266	2281	1
chr13	2158	2177	1
chr13	793	826	1
chr13	1301	1323	1
chr13	1809	1833	1
chr13	1934	1970	1
chr13	1659	1709	1
chr13	1971	1990	1
chr13	1729	1761	1
chr13	1604	1630	1
chr13	649	673	1
chr13	1954	1970	2
chr13	1196	1221	2
chr13	1324	1356	2
chr13	615	635	2
chr13	1710	1728	2
chr13	2025	2036	2
chr13	859	889	2
chr13	1622	1630	2
chr13	1222	1251	2
chr13	1851	1881	2
chr13	1165	1195	2
chr13	1631	1658	2
chr13	988	1004	2
chr13	2217	2241	2
chr13	1005	1033	2
chr13	923	947	2
chr13	948	967	2
chr13	1465	1486	2
chr13	732	753	2
chr13	1487	1517	2
chr13	1518	1552	2
chr13	636	648	2
chr13	1604	1621	2
chr13	445	489	2
chr13	1710	1730	2
chr13	1128	1164	2
chr13	1810	1850	2
chr13	1035	1076	2
chr13	615	648	2
chr13	2192	2216	2
chr13	2175	2191	2
chr13	968	987	2
chr13	649	690	2
chr13	716	731	2
chr13	445	467	2
chr13	2037	2070	3
chr13	1	380	3
chr13	2283	2303	3
chr13	416	444	3
chr13	589	614	4
chr14	1469	1543	1
chr14	1236	1252	1
chr14	1002	1030	1
chr14	1524	1546	1
chr14	2081	2102	1
chr14	2082	2146	1
chr14	2018	2042	1
chr14	1412	1432	1
chr14	1954	1998	1
chr14	755	767	1
chr14	1278	1309	1
chr14	2121	2130	1
chr14	2080	2146	1
chr14	908	957	1
chr14	1202	1277	1
chr14	381	390	1
chr14	1585	1640	1
chr14	1588	1626	1
chr14	2057	2080	1
chr14	1587	1640	1
chr14	1903	1953	1
chr14	662	700	1
chr14	1731	1750	1
chr14	1588	1640	1
chr14	1278	1356	1
chr14	516	584	1
chr14	1076	1096	1
chr14	381	432	1
chr14	1864	1900	1
chr14	2015	2056	1
chr14	623	701	1
chr14	551	584	1
chr14	2121	2146	1
chr14	391	416	1
chr14	1141	1171	1
chr14	1367	1429	1
chr14	1770	1789	1
chr14	702	754	1
chr14	1357	1431	1
chr14	1002	1029	1
chr14	917	939	1
chr14	1459	1468	1
chr14	1357	1366	1
chr14	1003	1049	1
chr14	879	907	1
chr14	1883	1901	1
chr14	1544	1584	1
chr14	442	455	1
chr14	433	498	1
chr14	2057	2081	1
chr14	1310	1328	1
chr14	1430	1492	1
chr14	381	501	1
chr14	1109	1140	1
chr14	1570	1587	1
chr14	1674	1702	1
chr14	443	468	1
chr14	585	615	1
chr14	1388	1430	1
chr14	638	663	1
chr14	1996	2081	1
chr14	1676	1730	1
chr14	1524	1543	1
chr14	940	968	1
chr14	664	686	1
chr14	1469	1491	1
chr14	842	907	1
chr14	1161	1171	1
chr14	1768	1808	1
chr14	1310	1329	1
chr14	2044	2079	1
chr14	1159	1201	1
chr14	1031	1049	1
chr14	2043	2056	1
chr14	697	754	1
chr14	1901	1918	1
chr14	1003	1096	1
chr14	1172	1202	1
chr14	469	498	1
chr14	1919	1953	1
chr14	1140	1160	1
chr14	800	844	1
chr14	1919	1941	1
chr14	469	481	1
chr14	969	1001	1
chr14	1460	1490	1
chr14	1223	1247	1
chr14	1492	1506	1
chr14	768	791	1
chr14	1942	1953	1
chr14	1864	1882	1
chr14	1329	1366	1
chr14	499	515	1
chr14	1828	1838	1
chr14	1056	1108	1
chr14	1050	1096	1
chr14	1864	1953	1
chr14	1809	1827	1
chr14	417	441	1
chr14	1641	1675	1
chr14	456	468	1
chr14	1768	1825	1
chr14	1769	1808	1
chr14	792	841	1
chr14	1222	1235	1
chr14	1627	1640	1
chr14	908	916	1
chr14	1433	1444	1
chr14	958	1001	1
chr14	513	550	1
chr14	584	615	1
chr14	1641	1673	1
chr14	1731	1768	1
chr14	1278	1296	1
chr14	482	498	1
chr14	1253	1277	1
chr14	792	916	1
chr14	1432	1468	1
chr14	1809	1863	1
chr14	2082	2102	1
chr14	1097	1199	1
chr14	1507	1523	1
chr14	585	600	1
chr14	499	584	1
chr14	1445	1458	1
chr14	1544	1586	1
chr14	1330	1356	1
chr14	1310	1366	1
chr14	792	799	1
chr14	1809	1838	1
chr14	1703	1730	1
chr14	792	915	1
chr14	1203	1221	1
chr14	1491	1523	1
chr14	1097	1158	1
chr14	616	696	1
chr14	1200	1222	1
chr14	624	637	1
chr14	1431	1459	1
chr14	1996	2043	1
chr14	1200	1309	1
chr14	1125	1139	1
chr14	687	700	1
chr14	2131	2146	1
chr14	1248	1277	1
chr14	845	878	1
chr14	1493	1543	1
chr14	1097	1108	1
chr14	1544	1569	1
chr14	1790	1808	1
chr14	916	1002	1
chr14	408	442	1
chr14	1172	1199	1
chr14	585	622	1
chr14	1902	1918	1
chr14	381	407	1
chr14	1050	1075	1
chr14	601	623	1
chr14	1388	1411	1
chr14	502	583	1
chr14	499	512	1
chr14	1109	1124	1
chr14	917	1002	1
chr14	1297	1309	1
chr14	1030	1055	1
chr14	1996	2017	1
chr14	616	661	1
chr14	1826	1902	1
chr14	1999	2014	1
chr14	1751	1769	1
chr14	1547	1587	1
chr14	1367	1387	2
chr14	727	754	2
chr14	701	726	2
chr14	1839	1863	2
chr14	2103	2120	2
chr14	1641	1767	2
chr14	755	791	3
chr14	1954	1995	3
chr14	1	380	4
chr15	813	874	1
chr15	706	781	1
chr15	920	973	1
chr15	834	882	1
chr15	1201	1243	1
chr15	1903	1980	1
chr15	782	812	1
chr15	1200	1266	1
chr15	1443	1493	1
chr15	1494	1563	1
chr15	816	883	1
chr15	875	920	1
chr15	884	920	1
chr15	567	659	1
chr15	1781	1836	1
chr15	1158	1199	1
chr15	1313	1370	1
chr15	1200	1268	1
chr15	611	705	1
chr15	1371	1416	1
chr15	1269	1306	1
chr15	766	815	1
chr15	1417	1480	1
chr15	1201	1268	1
chr15	1830	1902	1
chr15	766	833	1
chr15	1371	1441	1
chr15	1830	1904	1
chr15	479	566	1
chr15	1781	1837	1
chr15	1109	1157	1
chr15	1269	1312	1
chr15	1371	1442	1
chr15	1564	1663	1
chr15	1062	1108	1
chr15	543	610	1
chr15	1565	1664	1
chr15	706	806	1
chr15	1838	1904	1
chr15	1111	1199	1
chr15	807	882	1
chr15	1307	1370	1
chr15	1319	1370	1
chr15	1442	1493	1
chr15	1837	1897	1
chr15	921	974	1
chr15	1664	1728	1
chr15	1244	1318	1
chr15	883	920	1
chr15	1898	1981	1
chr15	1665	1728	1
chr15	1315	1395	1
chr15	883	919	1
chr15	660	705	1
chr15	1267	1314	1
chr15	1481	1564	1
chr15	1982	2051	1
chr15	1396	1493	1
chr15	975	1061	1
chr15	612	705	2
chr15	1	478	2
chr15	401	478	2
chr15	1111	1200	2
chr15	1565	1652	2
chr15	921	973	2
chr15	1781	1829	2
chr15	543	611	2
chr15	706	765	2
chr15	1	400	2
chr15	1653	1728	2
chr15	1905	1980	2
chr15	1494	1564	2
chr15	1062	1110	3
chr15	479	542	3
chr15	974	1061	3
chr15	1981	2051	3
chr15	1729	1780	4
chr16	1488	1560	1
chr16	1619	1677	1
chr16	928	1018	1
chr16	615	683	1
chr16	506	550	1
chr16	1678	1716	1
chr16	1111	1177	1
chr16	574	614	1
chr16	1771	1806	1
chr16	1487	1516	1
chr16	393	429	1
chr16	1562	1620	1
chr16	1	59	1
chr16	1488	1561	1
chr16	60	103	1
chr16	1269	1328	1
chr16	1621	1677	1
chr16	1613	1670	1
chr16	1718	1770	1
chr16	1368	1443	1
chr16	1328	1387	1
chr16	1245	1327	1
chr16	1178	1264	1
chr16	1265	1328	1
chr16	1680	1747	1
chr16	1444	1486	1
chr16	1517	1561	1
chr16	1562	1611	1
chr16	281	330	1
chr16	172	221	1
chr16	1561	1612	1
chr16	1177	1244	1
chr16	507	573	1
chr16	1612	1679	1
chr16	1	60	1
chr16	327	392	1
chr16	928	974	1
chr16	1671	1717	1
chr16	1111	1175	1
chr16	329	429	1
chr16	928	1017	1
chr16	106	172	1
chr16	327	391	1
chr16	1545	1618	1
chr16	1245	1328	1
chr16	331	429	1
chr16	1019	1071	1
chr16	506	575	1
chr16	1177	1268	1
chr16	61	100	1
chr16	975	1017	1
chr16	506	543	1
chr16	1717	1755	1
chr16	1756	1806	1
chr16	281	328	1
chr16	1329	1367	1
chr16	1488	1544	1
chr16	106	171	1
chr16	1678	1747	1
chr16	1176	1244	1
chr16	104	172	1
chr16	1388	1443	1
chr16	544	619	1
chr16	430	506	1
chr16	1017	1071	1
chr16	101	172	1
chr16	392	429	1
chr16	551	619	1
chr16	576	619	1
chr16	928	1016	1
chr16	281	326	2
chr16	1018	1071	2
chr16	62	105	2
chr16	1111	1176	2
chr16	1329	1368	2
chr16	1	61	2
chr16	1369	1443	2
chr16	1748	1806	2
chr16	173	221	3
chr16	1444	1487	3
chr16	430	505	3
chr16	620	683	3
chr16	684	706	4
chr16	222	280	4
chr16	707	927	4
chr16	1072	1110	4
chr17	1352	1411	1
chr17	383	505	1
chr17	989	1061	1
chr17	607	695	1
chr17	586	627	1
chr17	1133	1210	1
chr17	104	193	1
chr17	739	798	1
chr17	1177	1239	1
chr17	506	546	1
chr17	1476	1579	1
chr17	192	260	1
chr17	338	505	1
chr17	1495	1554	1
chr17	143	196	1
chr17	988	1060	1
chr17	128	177	1
chr17	1119	1162	1
chr17	197	259	1
chr17	380	505	1
chr17	1265	1335	1
chr17	686	797	1
chr17	194	258	1
chr17	1265	1345	1
chr17	178	259	1
chr17	1062	1118	1
chr17	1346	1411	1
chr17	858	918	1
chr17	539	585	1
chr17	1176	1264	1
chr17	1497	1554	1
chr17	799	857	1
chr17	605	695	1
chr17	48	142	1
chr17	1240	1350	1
chr17	919	987	1
chr17	45	127	1
chr17	1098	1176	1
chr17	259	337	1
chr17	1336	1411	1
chr17	1215	1264	1
chr17	304	382	1
chr17	302	505	1
chr17	261	303	1
chr17	506	604	1
chr17	684	770	1
chr17	1415	1475	1
chr17	302	379	1
chr17	1495	1579	1
chr17	160	191	1
chr17	605	685	1
chr17	1351	1414	1
chr17	919	988	1
chr17	45	103	1
chr17	1265	1351	1
chr17	739	797	1
chr17	97	159	1
chr17	1163	1214	1
chr17	1445	1496	1
chr17	1098	1175	1
chr17	771	827	1
chr17	1211	1264	1
chr17	1	47	1
chr17	45	96	1
chr17	539	604	1
chr17	828	918	1
chr17	628	683	1
chr17	1061	1132	1
chr17	547	606	1
chr17	988	1097	2
chr17	696	738	2
chr17	923	987	2
chr17	506	538	2
chr17	260	301	2
chr17	798	864	2
chr17	865	922	2
chr17	1445	1494	2
chr17	1555	1624	2
chr17	1580	1624	2
chr17	1	44	3
chr17	1412	1444	3
chr18	704	719	1
chr18	791	823	1
chr18	431	443	1
chr18	595	616	1
chr18	691	747	1
chr18	758	792	1
chr18	471	490	1
chr18	390	408	1
chr18	246	264	1
chr18	925	939	1
chr18	1448	1465	1
chr18	392	407	1
chr18	218	245	1
chr18	486	504	1
chr18	1295	1326	1
chr18	1125	1135	1
chr18	132	144	1
chr18	648	670	1
chr18	263	308	1
chr18	246	276	1
chr18	1409	1446	1
chr18	985	1033	1
chr18	1329	1362	1
chr18	1136	1153	1
chr18	1327	1363	1
chr18	102	144	1
chr18	691	729	1
chr18	748	762	1
chr18	1448	1482	1
chr18	983	1012	1
chr18	1006	1032	1
chr18	1033	1058	1
chr18	409	430	1
chr18	232	241	1
chr18	925	948	1
chr18	443	469	1
chr18	492	502	1
chr18	66	82	1
chr18	793	822	1
chr18	1264	1294	1
chr18	217	231	1
chr18	984	1005	1
chr18	866	891	1
chr18	430	470	1
chr18	824	845	1
chr18	1167	1184	1
chr18	211	233	1
chr18	471	491	1
chr18	1407	1430	1
chr18	1086	1104	1
chr18	1270	1298	1
chr18	407	428	1
chr18	491	502	1
chr18	1447	1482	1
chr18	983	1008	1
chr18	1463	1481	1
chr18	942	959	1
chr18	1225	1234	1
chr18	617	647	1
chr18	66	81	1
chr18	548	595	1
chr18	1510	1535	1
chr18	1235	1269	1
chr18	671	690	1
chr18	651	671	1
chr18	720	747	1
chr18	616	650	1
chr18	596	651	1
chr18	1383	1408	1
chr18	1433	1447	1
chr18	1059	1084	1
chr18	1466	1482	1
chr18	443	470	1
chr18	52	82	1
chr18	691	702	1
chr18	174	191	1
chr18	1352	1362	1
chr18	503	547	1
chr18	1034	1085	1
chr18	1151	1166	1
chr18	233	245	1
chr18	824	844	1
chr18	191	217	1
chr18	1508	1535	1
chr18	1198	1224	1
chr18	727	762	1
chr18	52	81	1
chr18	1482	1490	1
chr18	846	864	1
chr18	1225	1235	1
chr18	1447	1462	1
chr18	1298	1329	1
chr18	444	470	1
chr18	1122	1150	1
chr18	505	549	1
chr18	949	960	1
chr18	408	428	1
chr18	145	171	1
chr18	650	671	1
chr18	652	690	1
chr18	865	885	1
chr18	173	191	1
chr18	1223	1234	1
chr18	1013	1033	1
chr18	146	172	1
chr18	1363	1409	1
chr18	1151	1196	1
chr18	763	792	1
chr18	217	232	1
chr18	1330	1364	1
chr18	521	539	1
chr18	1435	1446	1
chr18	893	905	1
chr18	691	703	1
chr18	174	190	1
chr18	289	309	1
chr18	1168	1195	1
chr18	548	571	1
chr18	703	726	1
chr18	540	559	1
chr18	1009	1033	1
chr18	925	941	1
chr18	1151	1167	1
chr18	1491	1509	1
chr18	1185	1196	1
chr18	823	864	1
chr18	265	275	1
chr18	276	289	1
chr18	1410	1432	1
chr18	886	924	1
chr18	907	924	1
chr18	925	961	1
chr18	940	961	1
chr18	1365	1408	1
chr18	471	502	1
chr18	1329	1351	1
chr18	1105	1124	1
chr18	503	520	1
chr18	242	263	1
chr18	1236	1263	1
chr18	960	983	1
chr18	503	530	1
chr18	1235	1271	1
chr18	1136	1150	1
chr18	172	210	1
chr18	1363	1382	1
chr18	1122	1135	1
chr18	962	982	1
chr18	1197	1222	1
chr18	409	429	1
chr18	390	406	1
chr18	962	984	1
chr18	892	906	1
chr18	234	262	1
chr18	82	144	1
chr18	875	892	1
chr18	277	308	1
chr18	763	790	1
chr18	1197	1224	1
chr18	1085	1105	1
chr18	843	864	1
chr18	531	547	1
chr18	1185	1197	1
chr18	906	924	1
chr18	1154	1184	1
chr18	132	145	1
chr18	290	309	1
chr18	1272	1298	1
chr18	1086	1124	1
chr18	1431	1447	1
chr18	1196	1222	1
chr18	1483	1509	1
chr18	82	101	1
chr18	1364	1406	1
chr18	748	792	1
chr18	892	924	1
chr18	1223	1297	1
chr18	470	485	1
chr18	845	865	1
chr18	1508	1536	1
chr18	730	757	1
chr18	371	391	1
chr18	1409	1434	1
chr18	1510	1536	1
chr18	961	982	1
chr18	264	288	1
chr18	371	408	1
chr18	824	842	1
chr18	1125	1150	1
chr18	875	891	1
chr18	560	571	1
chr18	1086	1105	1
chr18	616	649	1
chr18	550	571	1
chr18	1106	1121	2
chr18	672	690	2
chr18	1537	1561	2
chr18	1483	1507	2
chr18	595	615	2
chr18	1299	1328	2
chr18	192	216	2
chr18	793	823	2
chr18	371	389	2
chr18	145	173	2
chr18	1059	1085	2
chr18	1034	1058	2
chr18	310	370	2
chr18	1536	1561	2
chr18	865	874	2
chr18	429	442	2
chr18	52	65	2
chr18	83	101	2
chr18	309	370	2
chr18	102	131	2
chr18	572	594	3
chr18	1	17	4
chr18	18	51	4
chr19	494	674	1
chr19	1063	1100	1
chr19	625	655	1
chr19	737	768	1
chr19	945	969	1
chr19	257	292	1
chr19	657	731	1
chr19	331	383	1
chr19	860	878	1
chr19	970	1012	1
chr19	115	160	1
chr19	38	64	1
chr19	177	221	1
chr19	925	1012	1
chr19	86	176	1
chr19	295	314	1
chr19	115	141	1
chr19	222	256	1
chr19	466	493	1
chr19	425	441	1
chr19	494	554	1
chr19	336	371	1
chr19	115	201	1
chr19	555	585	1
chr19	840	924	1
chr19	769	839	1
chr19	1	38	1
chr19	92	114	1
chr19	799	823	1
chr19	494	656	1
chr19	461	492	1
chr19	909	942	1
chr19	605	624	1
chr19	315	336	1
chr19	1037	1062	1
chr19	1	25	1
chr19	655	678	1
chr19	39	66	1
chr19	394	460	1
chr19	732	768	1
chr19	202	256	1
chr19	624	654	1
chr19	679	711	1
chr19	142	160	1
chr19	901	924	1
chr19	860	920	1
chr19	1101	1125	1
chr19	925	944	1
chr19	737	797	1
chr19	735	767	1
chr19	384	493	1
chr19	394	424	1
chr19	161	198	1
chr19	269	294	1
chr19	1154	1183	1
chr19	394	493	1
chr19	26	37	1
chr19	712	736	1
chr19	67	91	1
chr19	493	554	1
chr19	847	859	1
chr19	675	736	1
chr19	257	330	1
chr19	1047	1085	1
chr19	293	335	1
chr19	589	604	1
chr19	586	623	1
chr19	943	969	1
chr19	222	292	1
chr19	798	859	1
chr19	1001	1012	1
chr19	86	114	1
chr19	1127	1153	1
chr19	840	878	1
chr19	1101	1126	1
chr19	233	256	1
chr19	921	1012	1
chr19	199	221	1
chr19	442	465	1
chr19	555	588	1
chr19	200	221	1
chr19	293	393	1
chr19	349	371	1
chr19	1	114	1
chr19	679	709	1
chr19	768	798	1
chr19	710	734	1
chr19	799	839	1
chr19	1037	1046	1
chr19	970	983	1
chr19	1126	1183	1
chr19	879	900	1
chr19	879	908	1
chr19	1086	1100	1
chr19	769	798	1
chr19	174	199	1
chr19	824	846	1
chr19	1	85	1
chr19	656	678	1
chr19	161	173	1
chr19	337	348	1
chr19	984	1000	1
chr19	257	268	1
chr19	222	232	1
chr19	65	85	1
chr19	372	393	2
chr19	1124	1183	2
chr19	1013	1123	2
chr19	1013	1036	2
chr2	2950	3072	1
chr2	643	680	1
chr2	1728	1791	1
chr2	1604	1694	1
chr2	470	575	1
chr2	479	518	1
chr2	4186	4270	1
chr2	2692	2743	1
chr2	3807	3861	1
chr2	4823	4864	1
chr2	4640	4695	1
chr2	4614	4647	1
chr2	4223	4271	1
chr2	679	748	1
chr2	3510	3573	1
chr2	2794	2883	1
chr2	3381	3436	1
chr2	1518	1589	1
chr2	4610	4639	1
chr2	2438	2494	1
chr2	2643	2692	1
chr2	3218	3274	1
chr2	3561	3682	1
chr2	4613	4638	1
chr2	2495	2556	1
chr2	37	80	1
chr2	3683	3754	1
chr2	3863	3939	1
chr2	3748	3806	1
chr2	3125	3163	1
chr2	2451	2496	1
chr2	4018	4069	1
chr2	2180	2295	1
chr2	140	177	1
chr2	4413	4469	1
chr2	2661	2693	1
chr2	3264	3349	1
chr2	4532	4609	1
chr2	1218	1316	1
chr2	179	217	1
chr2	3574	3620	1
chr2	4498	4613	1
chr2	139	177	1
chr2	3317	3348	1
chr2	2377	2450	1
chr2	76	138	1
chr2	4696	4784	1
chr2	1478	1519	1
chr2	3986	4017	1
chr2	1219	1277	1
chr2	3940	4017	1
chr2	977	1015	1
chr2	418	480	1
chr2	4458	4531	1
chr2	3164	3217	1
chr2	335	370	1
chr2	4413	4457	1
chr2	3574	3671	1
chr2	3940	3985	1
chr2	4785	4864	1
chr2	1254	1283	1
chr2	2693	2793	1
chr2	2618	2660	1
chr2	1156	1218	1
chr2	4648	4695	1
chr2	542	575	1
chr2	842	884	1
chr2	3275	3316	1
chr2	2228	2285	1
chr2	3672	3774	1
chr2	2071	2112	1
chr2	3474	3573	1
chr2	2113	2227	1
chr2	1	79	1
chr2	576	607	1
chr2	75	139	1
chr2	2497	2559	1
chr2	138	178	1
chr2	340	417	1
chr2	2070	2109	1
chr2	2557	2652	1
chr2	1436	1477	1
chr2	3839	3938	1
chr2	1986	2024	1
chr2	3009	3073	1
chr2	4413	4468	1
chr2	3806	3861	1
chr2	4018	4095	1
chr2	576	678	1
chr2	2451	2559	1
chr2	4070	4131	1
chr2	1015	1082	1
chr2	1120	1159	1
chr2	1907	2004	1
chr2	3473	3511	1
chr2	2692	2772	1
chr2	2005	2067	1
chr2	1368	1435	1
chr2	681	740	1
chr2	2372	2461	1
chr2	4097	4148	1
chr2	4018	4096	1
chr2	3755	3838	1
chr2	749	803	1
chr2	2025	2069	1
chr2	1590	1694	1
chr2	3162	3217	1
chr2	81	139	1
chr2	1962	2018	1
chr2	2145	2176	1
chr2	1119	1159	1
chr2	4271	4336	1
chr2	2296	2370	1
chr2	1	75	1
chr2	371	417	1
chr2	3775	3805	1
chr2	1284	1316	1
chr2	519	576	1
chr2	2793	2885	1
chr2	642	680	1
chr2	2884	2949	1
chr2	4744	4819	1
chr2	1318	1367	1
chr2	3406	3437	1
chr2	4149	4185	1
chr2	218	263	1
chr2	302	334	1
chr2	3010	3042	1
chr2	425	478	1
chr2	4097	4185	1
chr2	677	740	1
chr2	842	876	1
chr2	4696	4760	1
chr2	4561	4613	1
chr2	2224	2267	1
chr2	4096	4136	1
chr2	3683	3747	1
chr2	369	424	1
chr2	340	402	1
chr2	608	676	1
chr2	2177	2223	1
chr2	2793	2833	1
chr2	2230	2295	1
chr2	1460	1498	1
chr2	3219	3263	1
chr2	3438	3472	1
chr2	316	368	1
chr2	1118	1155	1
chr2	3010	3073	1
chr2	4786	4819	1
chr2	1957	1985	1
chr2	885	924	1
chr2	877	923	1
chr2	2119	2229	1
chr2	4670	4695	1
chr2	2296	2376	1
chr2	1278	1317	1
chr2	1366	1411	1
chr2	2876	2931	1
chr2	2694	2743	1
chr2	925	974	1
chr2	2950	3009	1
chr2	520	558	1
chr2	2034	2070	1
chr2	2296	2371	1
chr2	3726	3774	1
chr2	1	74	1
chr2	1792	1906	1
chr2	2932	2974	1
chr2	4070	4096	1
chr2	140	186	1
chr2	2950	3008	1
chr2	1156	1219	1
chr2	4614	4695	1
chr2	2773	2876	1
chr2	2975	3009	1
chr2	3350	3406	1
chr2	481	508	1
chr2	4511	4560	1
chr2	977	1080	1
chr2	3574	3682	1
chr2	1160	1217	1
chr2	1081	1155	1
chr2	2886	2949	1
chr2	2068	2118	1
chr2	3507	3560	1
chr2	1160	1218	1
chr2	3672	3725	1
chr2	4512	4560	1
chr2	2110	2144	1
chr2	975	1014	1
chr2	4696	4742	1
chr2	3217	3264	1
chr2	559	607	1
chr2	4186	4222	1
chr2	2618	2691	1
chr2	4470	4511	1
chr2	1499	1520	1
chr2	804	841	1
chr2	3164	3218	1
chr2	978	1015	1
chr2	509	541	1
chr2	4413	4497	1
chr2	1412	1459	1
chr2	1521	1603	1
chr2	2877	2949	1
chr2	1	36	1
chr2	2113	2179	1
chr2	1083	1117	1
chr2	264	301	1
chr2	4761	4822	1
chr2	3940	4016	1
chr2	403	470	1
chr2	3265	3316	1
chr2	1219	1316	1
chr2	3349	3380	1
chr2	1520	1603	1
chr2	80	137	1
chr2	4017	4069	1
chr2	1907	1933	1
chr2	3218	3308	1
chr2	4132	4185	1
chr2	1962	2033	1
chr2	4561	4612	1
chr2	2376	2437	1
chr2	1934	1956	1
chr2	577	642	1
chr2	3385	3437	1
chr2	418	469	1
chr2	2019	2067	1
chr2	3317	3380	1
chr2	3621	3671	1
chr2	2834	2875	1
chr2	1220	1253	1
chr2	3073	3124	1
chr2	3807	3862	1
chr2	3407	3473	1
chr2	3512	3573	1
chr2	924	977	1
chr2	2462	2559	1
chr2	608	641	1
chr2	4272	4336	1
chr2	2560	2642	1
chr2	1693	1783	1
chr2	4137	4185	1
chr2	2268	2295	1
chr2	4743	4785	1
chr2	2653	2691	1
chr2	471	519	1
chr2	2371	2392	1
chr2	3438	3506	1
chr2	1693	1727	1
chr2	742	800	1
chr2	4639	4669	1
chr2	1081	1119	1
chr2	1081	1118	1
chr2	1784	1906	1
chr2	187	263	1
chr2	3381	3405	1
chr2	3164	3216	1
chr2	2393	2450	1
chr2	3073	3161	1
chr2	3775	3806	1
chr2	4469	4510	1
chr2	3043	3072	1
chr2	264	315	1
chr2	4380	4412	1
chr2	4337	4379	1
chr2	2286	2375	1
chr2	2068	2112	1
chr2	1518	1603	1
chr2	3309	3384	1
chr2	3939	4017	1
chr2	681	741	1
chr2	4696	4743	1
chr2	3437	3509	1
chr2	1016	1080	2
chr2	2560	2617	2
chr2	264	339	2
chr2	3074	3163	2
chr2	4270	4336	2
chr2	3862	3939	2
chr2	1604	1692	2
chr2	741	800	2
chr2	1436	1517	2
chr2	220	263	2
chr2	1695	1906	2
chr2	178	219	2
chr2	2744	2792	2
chr2	925	976	2
chr2	842	924	2
chr2	4820	4864	2
chr2	4186	4269	2
chr2	1366	1435	2
chr2	1907	1961	2
chr2	1317	1365	3
chr2	4337	4412	3
chr2	801	841	3
chr20	893	944	1
chr20	337	348	1
chr20	713	755	1
chr20	880	907	1
chr20	1100	1136	1
chr20	589	602	1
chr20	31	53	1
chr20	656	668	1
chr20	855	870	1
chr20	528	601	1
chr20	92	121	1
chr20	36	54	1
chr20	640	655	1
chr20	1	60	1
chr20	602	628	1
chr20	629	654	1
chr20	417	431	1
chr20	277	348	1
chr20	908	945	1
chr20	432	446	1
chr20	1034	1051	1
chr20	17	35	1
chr20	281	349	1
chr20	313	336	1
chr20	123	187	1
chr20	232	280	1
chr20	283	348	1
chr20	123	146	1
chr20	655	681	1
chr20	1052	1065	1
chr20	1197	1210	1
chr20	350	394	1
chr20	904	945	1
chr20	603	614	1
chr20	1058	1094	1
chr20	500	527	1
chr20	36	53	1
chr20	111	122	1
chr20	908	925	1
chr20	395	446	1
chr20	842	854	1
chr20	724	754	1
chr20	1114	1136	1
chr20	960	971	1
chr20	446	466	1
chr20	1164	1211	1
chr20	1066	1095	1
chr20	972	1015	1
chr20	630	639	1
chr20	1096	1136	1
chr20	232	276	1
chr20	1137	1161	1
chr20	1016	1057	1
chr20	866	903	1
chr20	349	366	1
chr20	1162	1176	1
chr20	946	971	1
chr20	742	754	1
chr20	54	73	1
chr20	402	416	1
chr20	1	16	1
chr20	394	445	1
chr20	1244	1260	1
chr20	945	971	1
chr20	123	188	1
chr20	1212	1243	1
chr20	265	281	1
chr20	1	30	1
chr20	669	681	1
chr20	1066	1096	1
chr20	1097	1113	1
chr20	74	94	1
chr20	1016	1066	1
chr20	1230	1244	1
chr20	214	234	1
chr20	993	1015	1
chr20	1177	1196	1
chr20	1095	1136	1
chr20	926	945	1
chr20	473	498	1
chr20	122	158	1
chr20	712	723	1
chr20	946	992	1
chr20	394	432	1
chr20	808	841	1
chr20	866	892	1
chr20	384	401	1
chr20	528	588	1
chr20	175	188	1
chr20	712	755	1
chr20	232	282	1
chr20	1067	1099	1
chr20	793	807	1
chr20	842	879	1
chr20	467	499	1
chr20	499	508	1
chr20	692	712	1
chr20	615	629	1
chr20	1015	1033	1
chr20	433	467	1
chr20	946	959	1
chr20	1137	1163	1
chr20	367	383	1
chr20	1015	1065	1
chr20	871	892	1
chr20	189	231	1
chr20	54	84	1
chr20	147	174	1
chr20	893	907	1
chr20	282	312	1
chr20	159	187	1
chr20	682	691	1
chr20	55	91	1
chr20	189	213	1
chr20	1211	1229	1
chr20	235	264	1
chr20	447	472	1
chr20	682	723	1
chr20	724	741	1
chr20	61	84	1
chr20	509	527	1
chr20	95	110	1
chr20	1245	1260	1
chr20	1	35	1
chr20	447	467	1
chr20	972	992	2
chr20	842	865	2
chr20	85	122	2
chr20	603	628	2
chr20	468	498	2
chr20	499	527	2
chr20	629	655	2
chr20	756	792	2
chr20	1212	1229	2
chr20	656	691	2
chr20	349	393	2
chr20	1137	1162	2
chr20	1163	1211	2
chr20	1230	1260	2
chr20	528	602	2
chr20	692	711	2
chr20	993	1014	2
chr20	188	231	2
chr20	755	792	2
chr20	793	841	3
chr21	818	880	1
chr21	287	346	1
chr21	341	375	1
chr21	314	373	1
chr21	448	488	1
chr21	872	902	1
chr21	650	680	1
chr21	817	871	1
chr21	376	447	1
chr21	341	397	1
chr21	1	313	1
chr21	484	535	1
chr21	536	603	1
chr21	681	716	1
chr21	448	535	1
chr21	903	963	1
chr21	374	447	1
chr21	603	673	1
chr21	1	303	1
chr21	489	539	1
chr21	536	649	1
chr21	537	602	1
chr21	717	750	1
chr21	398	447	1
chr21	604	673	1
chr21	347	398	1
chr21	484	536	1
chr21	1	311	1
chr21	881	963	1
chr21	1	286	1
chr21	540	602	1
chr21	312	340	1
chr21	304	340	1
chr21	603	649	1
chr21	650	706	1
chr21	751	816	1
chr21	399	447	1
chr21	448	483	2
chr21	916	963	2
chr21	872	915	2
chr21	818	871	2
chr21	674	706	2
chr21	707	750	3
chr21	751	817	3
chr22	648	674	1
chr22	595	633	1
chr22	873	903	1
chr22	635	674	1
chr22	322	348	1
chr22	337	377	1
chr22	566	593	1
chr22	674	714	1
chr22	904	944	1
chr22	759	783	1
chr22	1	322	1
chr22	378	473	1
chr22	945	1025	1
chr22	595	647	1
chr22	637	673	1
chr22	710	783	1
chr22	715	753	1
chr22	877	944	1
chr22	874	901	1
chr22	902	952	1
chr22	675	715	1
chr22	759	836	1
chr22	536	565	1
chr22	594	636	1
chr22	877	935	1
chr22	784	840	1
chr22	1	321	1
chr22	840	872	1
chr22	510	535	1
chr22	945	1003	1
chr22	841	873	1
chr22	784	839	1
chr22	474	535	1
chr22	323	374	1
chr22	754	783	1
chr22	669	709	1
chr22	842	876	1
chr22	634	668	1
chr22	536	594	1
chr22	714	758	1
chr22	936	1025	1
chr22	784	841	1
chr22	510	565	1
chr22	594	634	1
chr22	337	374	1
chr22	447	473	1
chr22	837	876	1
chr22	510	593	1
chr22	716	758	1
chr22	675	713	1
chr22	566	594	1
chr22	953	1003	1
chr22	349	379	1
chr22	380	446	1
chr22	375	473	2
chr22	1	336	2
chr22	1004	1025	2
chr22	474	509	3
chr3	3147	3171	1
chr3	3793	3819	1
chr3	1063	1132	1
chr3	3257	3299	1
chr3	3081	3114	1
chr3	406	444	1
chr3	3926	3951	1
chr3	2678	2694	1
chr3	1746	1765	1
chr3	2227	2267	1
chr3	1871	1880	1
chr3	1325	1337	1
chr3	3279	3299	1
chr3	902	923	1
chr3	3300	3358	1
chr3	1013	1039	1
chr3	3649	3701	1
chr3	2423	2460	1
chr3	688	735	1
chr3	3300	3390	1
chr3	1404	1433	1
chr3	3868	3907	1
chr3	1420	1435	1
chr3	931	964	1
chr3	360	404	1
chr3	1592	1631	1
chr3	3691	3707	1
chr3	3224	3298	1
chr3	2104	2139	1
chr3	2869	2892	1
chr3	547	599	1
chr3	1133	1157	1
chr3	1339	1381	1
chr3	2139	2182	1
chr3	2610	2639	1
chr3	208	234	1
chr3	1357	1378	1
chr3	3952	3960	1
chr3	2183	2245	1
chr3	950	1003	1
chr3	2525	2544	1
chr3	544	616	1
chr3	1380	1435	1
chr3	1632	1679	1
chr3	1950	1976	1
chr3	3172	3196	1
chr3	3082	3114	1
chr3	208	251	1
chr3	950	964	1
chr3	1291	1338	1
chr3	89	105	1
chr3	3359	3390	1
chr3	1871	1908	1
chr3	1515	1591	1
chr3	639	649	1
chr3	3024	3055	1
chr3	1172	1191	1
chr3	1	42	1
chr3	2268	2283	1
chr3	3588	3628	1
chr3	3525	3586	1
chr3	2467	2484	1
chr3	43	65	1
chr3	1142	1171	1
chr3	1004	1062	1
chr3	189	207	1
chr3	271	303	1
chr3	370	398	1
chr3	1291	1324	1
chr3	3867	3906	1
chr3	2644	2685	1
chr3	2389	2410	1
chr3	2029	2038	1
chr3	3191	3224	1
chr3	65	105	1
chr3	861	901	1
chr3	380	405	1
chr3	3449	3524	1
chr3	2470	2486	1
chr3	2525	2580	1
chr3	1379	1403	1
chr3	2869	2928	1
chr3	1745	1765	1
chr3	2507	2545	1
chr3	304	359	1
chr3	263	302	1
chr3	790	859	1
chr3	1268	1290	1
chr3	758	771	1
chr3	649	687	1
chr3	2546	2597	1
chr3	2031	2135	1
chr3	2423	2467	1
chr3	2714	2754	1
chr3	1172	1251	1
chr3	3115	3146	1
chr3	902	949	1
chr3	2640	2686	1
chr3	543	568	1
chr3	188	207	1
chr3	2423	2469	1
chr3	2893	2910	1
chr3	2373	2399	1
chr3	603	617	1
chr3	137	169	1
chr3	1472	1506	1
chr3	772	789	1
chr3	3525	3590	1
chr3	3172	3223	1
chr3	548	648	1
chr3	475	496	1
chr3	1573	1588	1
chr3	3391	3448	1
chr3	3845	3866	1
chr3	1326	1357	1
chr3	2507	2524	1
chr3	1382	1463	1
chr3	2411	2423	1
chr3	3820	3844	1
chr3	3114	3144	1
chr3	3673	3713	1
chr3	678	735	1
chr3	1766	1783	1
chr3	2442	2466	1
chr3	884	901	1
chr3	3172	3224	1
chr3	1784	1811	1
chr3	3750	3780	1
chr3	1029	1039	1
chr3	3257	3278	1
chr3	1630	1672	1
chr3	2330	2371	1
chr3	2598	2643	1
chr3	3708	3726	1
chr3	3882	3907	1
chr3	2856	2868	1
chr3	1589	1609	1
chr3	1992	2010	1
chr3	2373	2388	1
chr3	1516	1592	1
chr3	1014	1029	1
chr3	2756	2820	1
chr3	3225	3299	1
chr3	327	405	1
chr3	1929	1949	1
chr3	473	495	1
chr3	1735	1745	1
chr3	3628	3648	1
chr3	497	513	1
chr3	1610	1631	1
chr3	1693	1718	1
chr3	2468	2524	1
chr3	840	860	1
chr3	2821	2870	1
chr3	3867	3907	1
chr3	2616	2686	1
chr3	1291	1325	1
chr3	2736	2754	1
chr3	3225	3256	1
chr3	1192	1209	1
chr3	2974	2993	1
chr3	3780	3866	1
chr3	496	547	1
chr3	445	494	1
chr3	170	207	1
chr3	3926	3960	1
chr3	1719	1734	1
chr3	3172	3190	1
chr3	2268	2329	1
chr3	1992	2028	1
chr3	3427	3451	1
chr3	1	66	1
chr3	2687	2755	1
chr3	3649	3725	1
chr3	3374	3388	1
chr3	2283	2330	1
chr3	3750	3774	1
chr3	3775	3792	1
chr3	2695	2716	1
chr3	174	259	1
chr3	3208	3223	1
chr3	2372	2422	1
chr3	924	964	1
chr3	514	542	1
chr3	2975	3054	1
chr3	1907	1928	1
chr3	2581	2615	1
chr3	2139	2164	1
chr3	3082	3113	1
chr3	2929	2974	1
chr3	1004	1014	1
chr3	2558	2581	1
chr3	3781	3820	1
chr3	886	923	1
chr3	139	169	1
chr3	1977	1991	1
chr3	1063	1075	1
chr3	3056	3080	1
chr3	3629	3648	1
chr3	2975	3022	1
chr3	1030	1068	1
chr3	965	995	1
chr3	3389	3413	1
chr3	3115	3138	1
chr3	2821	2835	1
chr3	991	1003	1
chr3	569	602	1
chr3	3414	3451	1
chr3	2011	2028	1
chr3	2545	2557	1
chr3	3591	3648	1
chr3	1339	1379	1
chr3	3867	3881	1
chr3	902	930	1
chr3	1516	1549	1
chr3	444	472	1
chr3	1464	1514	1
chr3	2040	2103	1
chr3	3673	3690	1
chr3	2400	2422	1
chr3	3139	3171	1
chr3	2283	2311	1
chr3	1549	1572	1
chr3	2869	2926	1
chr3	1592	1626	1
chr3	1434	1463	1
chr3	2557	2580	1
chr3	1992	2039	1
chr3	1069	1097	1
chr3	2185	2217	1
chr3	2783	2820	1
chr3	2927	2973	1
chr3	1015	1028	1
chr3	495	543	1
chr3	1715	1744	1
chr3	2582	2596	1
chr3	3359	3388	1
chr3	839	860	1
chr3	3714	3749	1
chr3	2616	2643	1
chr3	170	188	1
chr3	1172	1252	1
chr3	2424	2441	1
chr3	860	885	1
chr3	3034	3055	1
chr3	3702	3749	1
chr3	2994	3023	1
chr3	1172	1229	1
chr3	1676	1692	1
chr3	3907	3960	1
chr3	1245	1267	1
chr3	1655	1675	1
chr3	3055	3114	1
chr3	3343	3358	1
chr3	1158	1171	1
chr3	67	88	1
chr3	496	546	1
chr3	1230	1290	1
chr3	327	369	1
chr3	3023	3081	1
chr3	1379	1401	1
chr3	3412	3426	1
chr3	2165	2184	1
chr3	3525	3562	1
chr3	1252	1290	1
chr3	2485	2506	1
chr3	1593	1629	1
chr3	1909	1949	1
chr3	2029	2074	1
chr3	106	169	1
chr3	399	443	1
chr3	3224	3256	1
chr3	678	705	1
chr3	2246	2267	1
chr3	66	86	1
chr3	1715	1870	1
chr3	2597	2615	1
chr3	252	303	1
chr3	2687	2716	1
chr3	406	495	1
chr3	2184	2226	1
chr3	2757	2782	1
chr3	1338	1356	1
chr3	2975	3023	1
chr3	1680	1714	1
chr3	2075	2138	1
chr3	170	187	1
chr3	736	757	1
chr3	3587	3648	1
chr3	260	326	1
chr3	3844	3867	1
chr3	1632	1654	1
chr3	104	138	1
chr3	790	812	1
chr3	3145	3171	1
chr3	1230	1244	1
chr3	445	474	1
chr3	1063	1141	1
chr3	1871	1948	1
chr3	3299	3358	1
chr3	3820	3866	1
chr3	1210	1229	1
chr3	3115	3171	1
chr3	2525	2556	1
chr3	861	883	1
chr3	706	735	1
chr3	3726	3779	1
chr3	1949	1991	1
chr3	1358	1378	1
chr3	649	678	1
chr3	2373	2422	1
chr3	3588	3607	1
chr3	2871	2926	1
chr3	679	735	1
chr3	2228	2245	1
chr3	3389	3411	1
chr3	1673	1736	1
chr3	1737	1765	1
chr3	333	358	1
chr3	2487	2524	1
chr3	2836	2855	1
chr3	106	173	1
chr3	618	638	1
chr3	3608	3627	1
chr3	2218	2236	1
chr3	1464	1471	1
chr3	2072	2105	1
chr3	2039	2071	1
chr3	3300	3342	1
chr3	1515	1534	1
chr3	2184	2227	1
chr3	965	1012	1
chr3	359	379	1
chr3	2664	2677	1
chr3	3391	3450	1
chr3	840	901	1
chr3	976	990	1
chr3	208	262	1
chr3	1076	1097	1
chr3	3056	3081	1
chr3	2136	2183	1
chr3	813	838	1
chr3	3525	3563	1
chr3	2911	2926	1
chr3	3197	3207	1
chr3	2686	2713	1
chr3	1253	1338	1
chr3	3821	3843	1
chr3	2284	2311	1
chr3	1881	1906	1
chr3	3359	3373	1
chr3	3750	3778	1
chr3	303	326	1
chr3	304	332	1
chr3	2581	2609	1
chr3	2461	2506	1
chr3	965	975	1
chr3	924	949	1
chr3	2123	2138	1
chr3	405	444	1
chr3	3727	3749	1
chr3	2140	2183	1
chr3	3451	3524	1
chr3	235	251	1
chr3	106	136	1
chr3	600	649	1
chr3	2106	2122	1
chr3	3024	3033	1
chr3	252	270	1
chr3	1402	1419	1
chr3	1871	1949	1
chr3	87	103	1
chr3	2736	2756	1
chr3	1535	1548	1
chr3	3563	3587	1
chr3	3564	3587	1
chr3	1507	1514	1
chr3	3779	3819	1
chr3	2237	2245	1
chr3	996	1013	1
chr3	1	105	1
chr3	2644	2663	1
chr3	1992	2030	1
chr3	1	64	1
chr3	3908	3960	1
chr3	617	648	1
chr3	1550	1591	1
chr3	1627	1714	1
chr3	3483	3524	2
chr3	2820	2868	2
chr3	1950	1991	2
chr3	1464	1515	2
chr3	2246	2282	2
chr3	3908	3925	2
chr3	1766	1811	2
chr3	2717	2735	2
chr3	2755	2782	2
chr3	2312	2330	2
chr3	1436	1463	2
chr3	3452	3482	2
chr3	2783	2819	2
chr3	650	677	2
chr3	1133	1171	2
chr3	2927	2974	2
chr3	3649	3672	2
chr3	1098	1132	2
chr3	790	839	2
chr3	1040	1062	2
chr3	1812	1870	3
chr3	736	789	3
chr3	2331	2372	3
chr4	348	415	1
chr4	1104	1158	1
chr4	90	179	1
chr4	2385	2452	1
chr4	180	254	1
chr4	1312	1366	1
chr4	255	309	1
chr4	1270	1311	1
chr4	776	818	1
chr4	3018	3095	1
chr4	955	1053	1
chr4	1224	1310	1
chr4	3422	3475	1
chr4	2607	2681	1
chr4	3041	3095	1
chr4	3741	3821	1
chr4	3209	3268	1
chr4	1	79	1
chr4	2842	2922	1
chr4	649	720	1
chr4	3421	3476	1
chr4	894	960	1
chr4	819	859	1
chr4	1366	1429	1
chr4	2682	2797	1
chr4	3688	3741	1
chr4	3547	3633	1
chr4	3546	3633	1
chr4	820	894	1
chr4	1224	1309	1
chr4	3475	3562	1
chr4	2883	2976	1
chr4	2180	2279	1
chr4	1790	1824	1
chr4	1479	1563	1
chr4	860	893	1
chr4	2902	2942	1
chr4	2068	2142	1
chr4	1310	1366	1
chr4	310	351	1
chr4	3381	3420	1
chr4	2083	2169	1
chr4	1564	1597	1
chr4	1548	1664	1
chr4	3329	3421	1
chr4	1	35	1
chr4	2921	2977	1
chr4	3024	3092	1
chr4	34	89	1
chr4	1598	1625	1
chr4	3476	3563	1
chr4	2798	2835	1
chr4	2280	2384	1
chr4	1757	1789	1
chr4	2022	2081	1
chr4	254	347	1
chr4	1054	1103	1
chr4	1893	1920	1
chr4	3024	3091	1
chr4	1721	1756	1
chr4	3273	3341	1
chr4	3329	3380	1
chr4	729	819	1
chr4	80	211	1
chr4	3315	3421	1
chr4	90	173	1
chr4	3477	3513	1
chr4	2231	2260	1
chr4	1226	1309	1
chr4	954	1053	1
chr4	1310	1365	1
chr4	2481	2524	1
chr4	541	664	1
chr4	2800	2836	1
chr4	3564	3629	1
chr4	2525	2605	1
chr4	1054	1158	1
chr4	1	32	1
chr4	1564	1664	1
chr4	416	509	1
chr4	2526	2605	1
chr4	3744	3821	1
chr4	2082	2179	1
chr4	1159	1225	1
chr4	1479	1513	1
chr4	1222	1269	1
chr4	2673	2726	1
chr4	820	895	1
chr4	1721	1823	1
chr4	721	748	1
chr4	2836	2920	1
chr4	2571	2605	1
chr4	1479	1549	1
chr4	2453	2525	1
chr4	2421	2455	1
chr4	164	212	1
chr4	3018	3040	1
chr4	728	761	1
chr4	541	611	1
chr4	3179	3208	1
chr4	749	775	1
chr4	1598	1664	1
chr4	3563	3641	1
chr4	212	295	1
chr4	612	727	1
chr4	2170	2230	1
chr4	2923	2976	1
chr4	3745	3821	1
chr4	1480	1547	1
chr4	1895	2021	1
chr4	3678	3743	1
chr4	2780	2810	1
chr4	3475	3546	1
chr4	3630	3677	1
chr4	3689	3740	1
chr4	174	211	1
chr4	415	490	1
chr4	510	540	1
chr4	310	349	1
chr4	510	613	1
chr4	2943	2976	1
chr4	33	79	1
chr4	3642	3688	1
chr4	3211	3272	1
chr4	1430	1479	1
chr4	3676	3744	1
chr4	350	414	1
chr4	3093	3208	1
chr4	815	893	1
chr4	2170	2231	1
chr4	894	953	1
chr4	1514	1563	1
chr4	2019	2067	1
chr4	2525	2606	1
chr4	3269	3314	1
chr4	2385	2420	1
chr4	1159	1221	1
chr4	596	648	1
chr4	3634	3675	1
chr4	3514	3545	1
chr4	2261	2313	1
chr4	3342	3421	1
chr4	2977	3023	1
chr4	895	948	1
chr4	614	728	1
chr4	2800	2841	1
chr4	351	417	1
chr4	990	1053	1
chr4	80	118	1
chr4	2317	2384	1
chr4	665	761	1
chr4	762	819	1
chr4	1311	1366	1
chr4	2456	2480	1
chr4	213	253	1
chr4	2606	2672	1
chr4	2843	2901	1
chr4	2525	2570	1
chr4	2978	3023	1
chr4	3136	3178	1
chr4	949	1053	1
chr4	254	309	1
chr4	2727	2779	1
chr4	352	415	1
chr4	2117	2169	1
chr4	459	509	1
chr4	3742	3821	1
chr4	1982	2018	1
chr4	3092	3210	1
chr4	1921	1981	1
chr4	2143	2229	1
chr4	2837	2882	1
chr4	416	458	1
chr4	36	89	1
chr4	3096	3135	1
chr4	896	954	1
chr4	762	814	1
chr4	3634	3687	1
chr4	2811	2842	1
chr4	2232	2316	1
chr4	1824	1894	1
chr4	2083	2116	1
chr4	1	33	1
chr4	296	350	1
chr4	1550	1597	1
chr4	418	490	1
chr4	119	163	1
chr4	1626	1664	1
chr4	212	253	1
chr4	1825	1892	1
chr4	2230	2313	1
chr4	3096	3208	1
chr4	541	595	1
chr4	961	989	1
chr4	3422	3474	2
chr4	1159	1223	2
chr4	2977	3017	2
chr4	3268	3328	2
chr4	1054	1102	2
chr4	2019	2082	2
chr4	1719	1801	2
chr4	1895	2018	2
chr4	2682	2799	2
chr4	3209	3267	2
chr4	2385	2453	2
chr4	1103	1158	2
chr4	2606	2681	2
chr4	2454	2524	2
chr4	2314	2384	2
chr4	1802	1894	2
chr4	1665	1718	2
chr4	491	540	2
chr4	1665	1720	2
chr4	1430	1478	3
chr4	1367	1429	3
chr5	873	929	1
chr5	2231	2288	1
chr5	3025	3087	1
chr5	2461	2538	1
chr5	1243	1296	1
chr5	735	791	1
chr5	1458	1523	1
chr5	625	721	1
chr5	1367	1463	1
chr5	1589	1658	1
chr5	1132	1199	1
chr5	44	97	1
chr5	1368	1462	1
chr5	1593	1660	1
chr5	3258	3350	1
chr5	989	1041	1
chr5	1659	1734	1
chr5	1512	1584	1
chr5	206	280	1
chr5	3499	3553	1
chr5	1816	1886	1
chr5	3198	3259	1
chr5	876	929	1
chr5	765	875	1
chr5	2124	2201	1
chr5	792	872	1
chr5	3439	3498	1
chr5	1183	1241	1
chr5	1887	1968	1
chr5	2919	2974	1
chr5	565	624	1
chr5	2288	2363	1
chr5	567	627	1
chr5	536	625	1
chr5	280	367	1
chr5	2784	2847	1
chr5	1312	1367	1
chr5	2059	2159	1
chr5	494	566	1
chr5	3025	3091	1
chr5	159	205	1
chr5	3499	3554	1
chr5	2059	2123	1
chr5	3354	3438	1
chr5	98	158	1
chr5	1728	1815	1
chr5	2974	3023	1
chr5	2309	2366	1
chr5	1886	1969	1
chr5	2364	2435	1
chr5	2460	2537	1
chr5	1242	1311	1
chr5	1632	1734	1
chr5	1200	1242	1
chr5	2616	2694	1
chr5	2152	2230	1
chr5	1183	1242	1
chr5	203	280	1
chr5	437	491	1
chr5	280	366	1
chr5	2436	2538	1
chr5	1585	1659	1
chr5	3500	3554	1
chr5	1312	1366	1
chr5	1243	1311	1
chr5	1243	1312	1
chr5	2610	2696	1
chr5	2975	3024	1
chr5	2160	2230	1
chr5	2059	2151	1
chr5	3439	3499	1
chr5	2611	2694	1
chr5	2038	2156	1
chr5	2460	2536	1
chr5	3351	3416	1
chr5	2538	2610	1
chr5	3198	3257	1
chr5	1660	1734	1
chr5	3025	3131	1
chr5	494	564	1
chr5	368	436	1
chr5	989	1048	1
chr5	3092	3131	1
chr5	3260	3353	1
chr5	628	721	1
chr5	1459	1511	1
chr5	1524	1588	1
chr5	1164	1242	1
chr5	569	625	1
chr5	930	1040	1
chr5	2202	2288	1
chr5	2157	2201	1
chr5	626	734	1
chr5	437	535	1
chr5	2610	2694	1
chr5	2231	2287	1
chr5	1367	1457	1
chr5	1523	1566	1
chr5	1041	1131	1
chr5	1	43	1
chr5	2367	2460	1
chr5	2740	2783	1
chr5	98	156	1
chr5	1297	1366	1
chr5	626	721	1
chr5	1970	2058	1
chr5	1537	1592	1
chr5	1091	1163	1
chr5	1042	1090	1
chr5	722	764	1
chr5	3439	3508	1
chr5	3509	3553	1
chr5	1567	1631	1
chr5	1463	1536	1
chr5	1367	1458	1
chr5	492	568	1
chr5	1313	1366	1
chr5	3417	3498	1
chr5	1661	1727	1
chr5	1464	1522	1
chr5	1969	2037	1
chr5	3024	3087	1
chr5	2537	2615	1
chr5	930	1048	1
chr5	2202	2308	1
chr5	2697	2739	1
chr5	2803	2847	1
chr5	157	202	1
chr5	3355	3438	2
chr5	875	928	2
chr5	2848	2918	2
chr5	3199	3259	2
chr5	1132	1182	2
chr5	437	493	2
chr5	2289	2366	2
chr5	3260	3354	2
chr5	3554	3619	2
chr5	158	205	2
chr5	929	988	2
chr5	3555	3619	2
chr5	281	366	2
chr5	2367	2459	2
chr5	2539	2609	2
chr5	2803	2846	2
chr5	792	874	2
chr5	3132	3197	2
chr5	1886	1968	2
chr5	2974	3024	2
chr5	98	157	2
chr5	3088	3131	2
chr5	1969	2058	2
chr5	1049	1131	2
chr5	206	279	2
chr5	3132	3198	2
chr5	2847	2918	2
chr5	722	791	2
chr5	367	436	3
chr5	2695	2739	3
chr5	34	97	3
chr5	1816	1885	3
chr5	1735	1815	3
chr5	2919	2973	3
chr5	2740	2802	3
chr5	1	33	3
chr6	1105	1124	1
chr6	2841	2859	1
chr6	3386	3422	1
chr6	956	1000	1
chr6	2373	2401	1
chr6	264	284	1
chr6	2161	2217	1
chr6	1958	1995	1
chr6	2255	2284	1
chr6	367	402	1
chr6	1458	1487	1
chr6	232	264	1
chr6	2595	2638	1
chr6	2861	2888	1
chr6	3155	3172	1
chr6	1238	1279	1
chr6	922	955	1
chr6	2905	2942	1
chr6	1825	1865	1
chr6	1869	1916	1
chr6	2065	2099	1
chr6	327	342	1
chr6	3293	3331	1
chr6	1382	1418	1
chr6	1866	1916	1
chr6	1352	1390	1
chr6	2161	2197	1
chr6	1125	1176	1
chr6	1825	1864	1
chr6	672	705	1
chr6	3332	3356	1
chr6	2795	2838	1
chr6	610	629	1
chr6	1756	1793	1
chr6	957	988	1
chr6	3039	3067	1
chr6	2455	2474	1
chr6	2197	2215	1
chr6	3040	3088	1
chr6	1757	1793	1
chr6	1	55	1
chr6	1687	1721	1
chr6	1077	1104	1
chr6	3089	3155	1
chr6	285	326	1
chr6	3331	3356	1
chr6	779	835	1
chr6	2653	2689	1
chr6	1729	1756	1
chr6	2609	2638	1
chr6	3224	3236	1
chr6	2638	2690	1
chr6	2839	2860	1
chr6	1721	1755	1
chr6	2330	2379	1
chr6	521	543	1
chr6	3192	3223	1
chr6	1865	1916	1
chr6	521	580	1
chr6	2639	2689	1
chr6	1833	1872	1
chr6	1943	1957	1
chr6	1462	1487	1
chr6	1661	1676	1
chr6	2216	2254	1
chr6	2160	2195	1
chr6	436	485	1
chr6	56	84	1
chr6	371	401	1
chr6	455	488	1
chr6	1353	1390	1
chr6	2646	2689	1
chr6	633	665	1
chr6	2196	2217	1
chr6	2118	2136	1
chr6	2861	2891	1
chr6	817	835	1
chr6	1568	1609	1
chr6	574	591	1
chr6	705	746	1
chr6	1419	1436	1
chr6	1125	1144	1
chr6	2943	2986	1
chr6	134	162	1
chr6	1145	1162	1
chr6	2380	2427	1
chr6	1520	1567	1
chr6	211	266	1
chr6	1382	1435	1
chr6	372	401	1
chr6	1238	1290	1
chr6	2161	2196	1
chr6	1569	1590	1
chr6	684	704	1
chr6	2402	2435	1
chr6	2561	2593	1
chr6	3093	3113	1
chr6	3156	3191	1
chr6	780	821	1
chr6	3037	3067	1
chr6	2328	2345	1
chr6	1917	1958	1
chr6	1794	1832	1
chr6	2504	2522	1
chr6	55	85	1
chr6	3114	3136	1
chr6	1039	1073	1
chr6	858	888	1
chr6	3138	3173	1
chr6	1280	1293	1
chr6	1987	2006	1
chr6	109	133	1
chr6	2347	2384	1
chr6	1996	2027	1
chr6	858	887	1
chr6	2595	2608	1
chr6	521	542	1
chr6	85	108	1
chr6	871	887	1
chr6	3273	3291	1
chr6	3357	3386	1
chr6	1419	1457	1
chr6	2028	2099	1
chr6	1873	1916	1
chr6	2385	2454	1
chr6	264	313	1
chr6	2922	2954	1
chr6	2920	2953	1
chr6	871	889	1
chr6	1958	1986	1
chr6	402	435	1
chr6	2795	2849	1
chr6	889	918	1
chr6	989	1001	1
chr6	836	870	1
chr6	3006	3038	1
chr6	2100	2117	1
chr6	2198	2217	1
chr6	433	488	1
chr6	1436	1489	1
chr6	1618	1659	1
chr6	543	580	1
chr6	2024	2099	1
chr6	285	313	1
chr6	1520	1564	1
chr6	2690	2715	1
chr6	2595	2645	1
chr6	1794	1826	1
chr6	1677	1721	1
chr6	1	32	1
chr6	2920	2943	1
chr6	1986	2023	1
chr6	3273	3330	1
chr6	1163	1176	1
chr6	1917	1950	1
chr6	2749	2768	1
chr6	919	936	1
chr6	2594	2637	1
chr6	314	371	1
chr6	1001	1038	1
chr6	86	131	1
chr6	267	324	1
chr6	3237	3291	1
chr6	1951	1985	1
chr6	2285	2328	1
chr6	373	402	1
chr6	2255	2286	1
chr6	2329	2384	1
chr6	2100	2160	1
chr6	3068	3092	1
chr6	1073	1124	1
chr6	402	432	1
chr6	1610	1659	1
chr6	581	629	1
chr6	2137	2159	1
chr6	822	870	1
chr6	2475	2503	1
chr6	2944	2954	1
chr6	888	918	1
chr6	1238	1291	1
chr6	2385	2427	1
chr6	2505	2557	1
chr6	2218	2254	1
chr6	1488	1532	1
chr6	325	370	1
chr6	2769	2805	1
chr6	3272	3292	1
chr6	1827	1868	1
chr6	2328	2346	1
chr6	1291	1352	1
chr6	3357	3385	1
chr6	1917	1957	1
chr6	1660	1686	1
chr6	1074	1123	1
chr6	2060	2099	1
chr6	2436	2454	1
chr6	211	263	1
chr6	2988	3036	1
chr6	1592	1617	1
chr6	787	817	1
chr6	1039	1076	1
chr6	556	580	1
chr6	1294	1351	1
chr6	2806	2840	1
chr6	2523	2557	1
chr6	1488	1518	1
chr6	1519	1533	1
chr6	666	705	1
chr6	1533	1591	1
chr6	1437	1456	1
chr6	836	857	1
chr6	747	786	1
chr6	544	573	1
chr6	1677	1720	1
chr6	672	704	1
chr6	2346	2372	1
chr6	2024	2064	1
chr6	1419	1435	1
chr6	1565	1616	1
chr6	890	918	1
chr6	2024	2059	1
chr6	1488	1519	1
chr6	343	372	1
chr6	55	101	1
chr6	2860	2888	1
chr6	1436	1461	1
chr6	431	454	1
chr6	521	555	1
chr6	2988	3033	1
chr6	327	366	1
chr6	2850	2904	1
chr6	1534	1568	1
chr6	2767	2804	1
chr6	1457	1487	1
chr6	2716	2748	1
chr6	2954	2987	1
chr6	3034	3067	1
chr6	728	746	1
chr6	486	520	1
chr6	1294	1352	1
chr6	1292	1352	1
chr6	1591	1616	1
chr6	1687	1728	1
chr6	747	778	1
chr6	33	55	1
chr6	2892	2921	1
chr6	592	609	1
chr6	265	284	1
chr6	1996	2023	1
chr6	431	488	1
chr6	1490	1519	1
chr6	2805	2860	1
chr6	2987	3039	1
chr6	1661	1686	1
chr6	3173	3191	1
chr6	705	727	1
chr6	1959	1995	1
chr6	1238	1293	1
chr6	2007	2023	1
chr6	888	921	1
chr6	1660	1676	1
chr6	3237	3271	1
chr6	2287	2329	1
chr6	818	857	1
chr6	3137	3173	1
chr6	937	956	1
chr6	56	101	1
chr6	2691	2731	1
chr6	2988	3005	1
chr6	314	326	1
chr6	660	683	1
chr6	633	659	1
chr6	780	816	1
chr6	1917	1942	1
chr6	3138	3154	1
chr6	232	263	1
chr6	2561	2594	1
chr6	2639	2652	1
chr6	1073	1123	1
chr6	1795	1824	2
chr6	610	632	2
chr6	2690	2731	2
chr6	706	746	2
chr6	1617	1660	2
chr6	3292	3331	2
chr6	2889	2919	2
chr6	2251	2286	2
chr6	3174	3191	2
chr6	2137	2160	2
chr6	1722	1755	2
chr6	3090	3113	2
chr6	1145	1176	2
chr6	210	231	2
chr6	1	54	2
chr6	2505	2560	2
chr6	919	955	2
chr6	2428	2454	2
chr6	956	1001	2
chr6	1756	1794	2
chr6	630	671	2
chr6	2558	2594	2
chr6	1391	1418	2
chr6	2218	2250	2
chr6	163	209	2
chr6	3332	3386	2
chr6	3114	3137	2
chr6	1039	1072	2
chr6	581	609	2
chr6	747	779	2
chr6	3068	3089	2
chr6	1124	1144	2
chr6	3237	3272	2
chr6	1353	1381	2
chr6	403	430	2
chr6	2767	2794	2
chr6	2287	2327	2
chr6	2100	2136	2
chr6	2955	2987	2
chr6	102	131	2
chr6	163	210	2
chr6	132	162	3
chr6	489	520	3
chr6	3387	3422	3
chr6	1002	1038	3
chr6	2455	2504	3
chr6	3192	3236	3
chr6	2732	2766	3
chr6	1177	1237	4
chr7	2435	2488	1
chr7	2830	2883	1
chr7	1796	1854	1
chr7	2489	2559	1
chr7	229	322	1
chr7	2342	2434	1
chr7	728	804	1
chr7	2802	2829	1
chr7	141	169	1
chr7	395	443	1
chr7	1283	1336	1
chr7	1856	1907	1
chr7	229	340	1
chr7	1694	1758	1
chr7	2746	2804	1
chr7	2595	2627	1
chr7	93	140	1
chr7	2408	2462	1
chr7	1450	1556	1
chr7	625	665	1
chr7	1337	1403	1
chr7	444	505	1
chr7	3093	3145	1
chr7	355	443	1
chr7	1520	1606	1
chr7	965	1002	1
chr7	2805	2876	1
chr7	841	904	1
chr7	1802	1854	1
chr7	2091	2136	1
chr7	1406	1449	1
chr7	1908	1951	1
chr7	1952	1999	1
chr7	805	878	1
chr7	3020	3092	1
chr7	2049	2090	1
chr7	1098	1123	1
chr7	51	93	1
chr7	666	696	1
chr7	1031	1096	1
chr7	3053	3094	1
chr7	1337	1449	1
chr7	1	24	1
chr7	965	1030	1
chr7	1404	1445	1
chr7	2137	2165	1
chr7	1694	1757	1
chr7	2242	2315	1
chr7	2229	2273	1
chr7	1	32	1
chr7	141	228	1
chr7	341	443	1
chr7	323	368	1
chr7	229	266	1
chr7	294	354	1
chr7	879	963	1
chr7	1030	1096	1
chr7	1759	1795	1
chr7	2885	2959	1
chr7	1953	1980	1
chr7	2274	2316	1
chr7	1739	1795	1
chr7	3146	3183	1
chr7	2877	2958	1
chr7	2783	2882	1
chr7	804	840	1
chr7	505	562	1
chr7	1958	2038	1
chr7	1606	1693	1
chr7	1796	1855	1
chr7	1450	1519	1
chr7	594	624	1
chr7	2560	2594	1
chr7	1003	1030	1
chr7	2959	3052	1
chr7	964	1030	1
chr7	1543	1606	1
chr7	2884	2959	1
chr7	92	169	1
chr7	3021	3052	1
chr7	1526	1606	1
chr7	3093	3183	1
chr7	1	50	1
chr7	1649	1738	1
chr7	1971	2044	1
chr7	1757	1854	1
chr7	1338	1405	1
chr7	323	394	1
chr7	65	93	1
chr7	2166	2243	1
chr7	3051	3094	1
chr7	2960	3050	1
chr7	2343	2424	1
chr7	2317	2342	1
chr7	2244	2273	1
chr7	905	965	1
chr7	1981	1999	1
chr7	615	726	1
chr7	2961	3019	1
chr7	728	774	1
chr7	2316	2407	1
chr7	59	91	1
chr7	3053	3092	1
chr7	2229	2315	1
chr7	1647	1693	1
chr7	1283	1330	1
chr7	229	293	1
chr7	415	443	1
chr7	1163	1239	1
chr7	1694	1756	1
chr7	808	839	1
chr7	728	803	1
chr7	2316	2408	1
chr7	1607	1648	1
chr7	807	878	1
chr7	697	727	1
chr7	1	58	1
chr7	2802	2884	1
chr7	25	64	1
chr7	1283	1337	1
chr7	267	322	1
chr7	2091	2163	1
chr7	1758	1801	1
chr7	1855	1910	1
chr7	966	1029	1
chr7	1098	1239	1
chr7	1607	1693	1
chr7	2960	2990	1
chr7	473	505	1
chr7	1911	1957	1
chr7	2425	2462	1
chr7	840	878	1
chr7	2274	2341	1
chr7	33	92	1
chr7	2409	2462	1
chr7	1284	1336	1
chr7	94	140	1
chr7	1240	1283	1
chr7	2991	3020	1
chr7	1908	1952	1
chr7	1331	1442	1
chr7	2164	2241	1
chr7	775	807	1
chr7	2883	2960	1
chr7	1908	1970	1
chr7	444	472	1
chr7	1607	1646	1
chr7	94	169	1
chr7	1514	1542	1
chr7	2463	2506	1
chr7	1446	1513	1
chr7	369	414	1
chr7	1443	1525	1
chr7	2000	2038	1
chr7	727	806	1
chr7	2507	2559	1
chr7	1557	1605	1
chr7	1124	1162	1
chr7	2000	2048	1
chr7	505	614	1
chr7	2045	2090	1
chr7	2683	2782	1
chr7	563	593	1
chr7	2463	2559	2
chr7	1031	1097	2
chr7	563	624	2
chr7	2091	2165	2
chr7	506	562	2
chr7	1855	1907	2
chr7	625	727	2
chr7	2746	2801	2
chr7	1097	1239	2
chr7	2039	2090	2
chr7	3095	3183	2
chr7	879	904	2
chr7	905	964	2
chr7	2166	2228	2
chr7	444	504	2
chr7	2683	2745	3
chr7	170	228	3
chr7	1240	1282	3
chr7	2560	2627	3
chr7	2628	2682	4
chr8	1348	1411	1
chr8	2616	2718	1
chr8	2177	2215	1
chr8	2368	2415	1
chr8	2538	2615	1
chr8	998	1067	1
chr8	2216	2290	1
chr8	673	752	1
chr8	1644	1752	1
chr8	2535	2634	1
chr8	1894	1983	1
chr8	121	161	1
chr8	1331	1410	1
chr8	957	998	1
chr8	1985	2023	1
chr8	341	400	1
chr8	1108	1143	1
chr8	120	249	1
chr8	1901	1984	1
chr8	1070	1140	1
chr8	250	340	1
chr8	1815	1894	1
chr8	2834	2888	1
chr8	1142	1193	1
chr8	753	780	1
chr8	1411	1506	1
chr8	2534	2575	1
chr8	937	956	1
chr8	878	936	1
chr8	1455	1506	1
chr8	1948	1983	1
chr8	2474	2537	1
chr8	670	736	1
chr8	2215	2310	1
chr8	622	669	1
chr8	1412	1454	1
chr8	2617	2719	1
chr8	2796	2829	1
chr8	999	1051	1
chr8	1589	1644	1
chr8	2311	2362	1
chr8	2078	2138	1
chr8	341	435	1
chr8	2830	2884	1
chr8	401	472	1
chr8	248	266	1
chr8	1712	1753	1
chr8	2617	2658	1
chr8	375	405	1
chr8	2834	2887	1
chr8	2416	2474	1
chr8	2635	2719	1
chr8	2139	2214	1
chr8	341	375	1
chr8	63	119	1
chr8	1052	1141	1
chr8	1187	1251	1
chr8	999	1069	1
chr8	622	672	1
chr8	2412	2472	1
chr8	819	845	1
chr8	1507	1588	1
chr8	1286	1347	1
chr8	1330	1375	1
chr8	473	554	1
chr8	1252	1285	1
chr8	436	472	1
chr8	672	752	1
chr8	1144	1250	1
chr8	1815	1849	1
chr8	473	543	1
chr8	1141	1186	1
chr8	2291	2367	1
chr8	2216	2256	1
chr8	1507	1587	1
chr8	1144	1186	1
chr8	2438	2474	1
chr8	1586	1644	1
chr8	1528	1587	1
chr8	2024	2077	1
chr8	1652	1711	1
chr8	473	553	1
chr8	1187	1241	1
chr8	554	622	1
chr8	2795	2833	1
chr8	1	62	1
chr8	1376	1454	1
chr8	500	554	1
chr8	1251	1330	1
chr8	1242	1329	1
chr8	2257	2362	1
chr8	544	621	1
chr8	341	374	1
chr8	2719	2794	1
chr8	2475	2533	1
chr8	1455	1527	1
chr8	2576	2616	1
chr8	267	340	1
chr8	2137	2176	1
chr8	2558	2616	1
chr8	2368	2473	1
chr8	831	937	1
chr8	1056	1107	1
chr8	162	194	1
chr8	1588	1612	1
chr8	473	499	1
chr8	846	877	1
chr8	406	433	1
chr8	999	1055	1
chr8	2363	2437	1
chr8	737	830	1
chr8	42	63	1
chr8	1194	1285	1
chr8	195	247	1
chr8	622	671	1
chr8	2363	2411	1
chr8	2319	2367	1
chr8	1895	1947	1
chr8	2216	2257	1
chr8	2720	2794	1
chr8	1374	1411	1
chr8	1331	1373	1
chr8	671	752	1
chr8	937	997	1
chr8	2475	2557	1
chr8	1613	1651	1
chr8	1068	1143	1
chr8	64	120	1
chr8	2473	2534	1
chr8	2659	2719	1
chr8	1645	1753	1
chr8	832	937	1
chr8	1815	1900	1
chr8	1588	1643	1
chr8	753	936	1
chr8	1850	1894	1
chr8	1895	1983	1
chr8	1815	1893	1
chr8	376	433	1
chr8	2796	2833	1
chr8	781	818	1
chr8	2795	2887	1
chr8	623	670	1
chr8	1984	2077	1
chr8	2258	2318	1
chr8	1286	1330	1
chr8	2889	2927	1
chr8	1412	1506	1
chr8	753	831	1
chr8	1645	1752	1
chr8	1507	1585	1
chr8	2885	2927	1
chr8	555	621	2
chr8	42	124	2
chr8	2720	2795	2
chr8	1753	1814	2
chr8	251	340	2
chr8	938	998	2
chr8	2032	2077	2
chr8	1984	2031	2
chr8	434	472	2
chr8	125	250	2
chr8	2137	2215	2
chr8	2888	2927	2
chr8	1754	1814	2
chr8	1	41	3
chr8	2078	2136	3
chr9	1	136	1
chr9	261	313	1
chr9	2088	2151	1
chr9	58	138	1
chr9	2247	2349	1
chr9	2719	2823	1
chr9	1834	1914	1
chr9	2728	2784	1
chr9	2390	2466	1
chr9	1416	1465	1
chr9	2551	2618	1
chr9	2032	2086	1
chr9	313	416	1
chr9	2343	2466	1
chr9	736	784	1
chr9	1517	1621	1
chr9	785	1415	1
chr9	1770	1873	1
chr9	2344	2467	1
chr9	2468	2550	1
chr9	2039	2087	1
chr9	1549	1621	1
chr9	1622	1724	1
chr9	2247	2343	1
chr9	1517	1617	1
chr9	1717	1811	1
chr9	662	735	1
chr9	202	258	1
chr9	417	661	1
chr9	1466	1547	1
chr9	259	314	1
chr9	315	416	1
chr9	201	312	1
chr9	2350	2467	1
chr9	201	260	1
chr9	1838	1914	1
chr9	2673	2741	1
chr9	785	1423	1
chr9	733	784	1
chr9	1548	1621	1
chr9	2742	2823	1
chr9	1725	1833	1
chr9	58	136	1
chr9	1717	1769	1
chr9	1717	1768	1
chr9	661	732	1
chr9	2619	2718	1
chr9	201	313	1
chr9	116	200	1
chr9	1769	1837	1
chr9	2728	2823	1
chr9	139	201	1
chr9	1424	1516	1
chr9	1959	2038	1
chr9	1915	2031	1
chr9	2785	2823	1
chr9	2087	2151	1
chr9	1	115	1
chr9	1418	1465	1
chr9	1466	1548	1
chr9	2619	2672	1
chr9	1812	1914	1
chr9	2539	2618	1
chr9	2343	2389	1
chr9	1874	1958	1
chr9	1418	1516	1
chr9	2468	2538	1
chr9	1618	1716	1
chr9	785	1417	2
chr9	2152	2246	2
chr9	1622	1716	2
chr9	2247	2342	2
chr9	661	784	2
chr9	1915	2038	2
chr9	2039	2150	2
chr9	2151	2246	2
chr9	314	416	2
chr9	1	57	2
chr9	2544	2618	2
chr9	2619	2727	2
chr9	137	200	2
chr9	2467	2543	2
chr9	417	660	3
chrX	2399	2455	1
chrX	2074	2121	1
chrX	2455	2574	1
chrX	1663	1779	1
chrX	2303	2349	1
chrX	2195	2302	1
chrX	688	761	1
chrX	2399	2454	1
chrX	1477	1603	1
chrX	1173	1348	1
chrX	2071	2122	1
chrX	2456	2571	1
chrX	260	334	1
chrX	2887	2971	1
chrX	2888	2971	1
chrX	762	833	1
chrX	1905	2001	1
chrX	1477	1602	1
chrX	1576	1698	1
chrX	1067	1110	1
chrX	1349	1476	1
chrX	2574	2671	1
chrX	834	939	1
chrX	1999	2070	1
chrX	770	833	1
chrX	1603	1667	1
chrX	1911	2001	1
chrX	1688	1886	1
chrX	2886	2971	1
chrX	77	174	1
chrX	1780	1861	1
chrX	1862	1998	1
chrX	1173	1349	1
chrX	2798	2885	1
chrX	2072	2121	1
chrX	604	687	1
chrX	2727	2797	1
chrX	256	335	1
chrX	2672	2726	1
chrX	2123	2220	1
chrX	1999	2194	1
chrX	411	473	1
chrX	535	603	1
chrX	550	603	1
chrX	1780	1910	1
chrX	174	255	1
chrX	335	411	1
chrX	1419	1476	1
chrX	1418	1508	1
chrX	412	474	1
chrX	1668	1779	1
chrX	603	687	1
chrX	2349	2396	1
chrX	1887	1998	1
chrX	1349	1417	1
chrX	1349	1418	1
chrX	2672	2721	1
chrX	78	173	1
chrX	834	941	1
chrX	1604	1662	1
chrX	2722	2798	1
chrX	2456	2572	1
chrX	771	833	1
chrX	2397	2455	1
chrX	2572	2619	1
chrX	175	240	1
chrX	1066	1172	1
chrX	2891	2971	1
chrX	942	1065	1
chrX	2002	2071	1
chrX	699	770	1
chrX	1111	1172	1
chrX	241	335	1
chrX	2221	2300	1
chrX	1	76	1
chrX	1509	1575	1
chrX	337	410	1
chrX	2575	2721	1
chrX	2798	2890	1
chrX	474	549	1
chrX	2301	2348	1
chrX	941	1066	1
chrX	2455	2573	1
chrX	260	336	1
chrX	474	603	1
chrX	1550	1687	1
chrX	940	1060	1
chrX	769	833	1
chrX	1350	1419	1
chrX	2620	2721	1
chrX	475	549	1
chrX	941	1060	1
chrX	1699	1779	1
chrX	474	534	1
chrX	1420	1549	1
chrX	1780	1904	1
chrX	688	769	1
chrX	2002	2073	1
chrX	2350	2454	1
chrX	2798	2886	1
chrX	604	768	1
chrX	2799	2887	1
chrX	2573	2671	1
chrX	604	698	1
chrX	550	602	1
chrX	2722	2797	2
chrX	2301	2349	2
chrX	2122	2193	2
chrX	336	411	2
chrX	1234	1348	2
chrX	1061	1233	2
chrX	2350	2398	2
chrX	834	940	2
chrX	175	259	2
chrX	412	473	2
chrX	78	174	2
chrX	2194	2300	2
chrX	1	77	3
chrX	3043	3106	4
chrX	2972	3042	4
