chr1	1838	1873	1
chr1	482	538	1
chr1	538	577	1
chr1	1358	1420	1
chr1	2873	2969	1
chr1	4162	4198	1
chr1	940	957	1
chr1	4573	4592	1
chr1	574	632	1
chr1	4633	4670	1
chr1	1908	2001	1
chr1	243	317	1
chr1	1712	1728	1
chr1	1035	1086	1
chr1	3702	3725	1
chr1	764	807	1
chr1	1712	1731	1
chr1	4404	4512	1
chr1	633	709	1
chr1	3943	4021	1
chr1	2429	2869	1
chr1	2315	2337	1
chr1	2430	2852	1
chr1	2085	2186	1
chr1	4808	4834	1
chr1	1804	1837	1
chr1	579	633	1
chr1	4671	4688	1
chr1	3203	3235	1
chr1	1729	1730	1
chr1	4574	4593	1
chr1	2368	2428	1
chr1	1036	1087	1
chr1	4023	4114	1
chr1	2189	2258	1
chr1	2970	2997	1
chr1	1208	1258	1
chr1	3503	3570	1
chr1	1347	1422	1
chr1	1259	1298	1
chr1	318	342	1
chr1	1420	1511	1
chr1	635	708	1
chr1	4199	4232	1
chr1	2429	2873	1
chr1	2316	2337	1
chr1	4513	4527	1
chr1	3024	3085	1
chr1	3366	3391	1
chr1	2852	2872	1
chr1	3022	3085	1
chr1	483	536	1
chr1	192	241	1
chr1	1732	1790	1
chr1	1423	1511	1
chr1	1838	1888	1
chr1	1424	1512	1
chr1	2259	2290	1
chr1	1889	2001	1
chr1	537	578	1
chr1	1421	1511	1
chr1	4202	4232	1
chr1	1791	1805	1
chr1	3310	3365	1
chr1	3023	3084	1
chr1	4140	4161	1
chr1	3203	3234	1
chr1	3392	3446	1
chr1	539	577	1
chr1	634	708	1
chr1	2368	2429	1
chr1	3086	3136	1
chr1	1575	1712	1
chr1	3701	3701	1
chr1	807	829	1
chr1	1838	1874	1
chr1	633	731	1
chr1	1026	1034	1
chr1	3393	3446	1
chr1	4162	4201	1
chr1	3572	3595	1
chr1	2968	2993	1
chr1	2001	2034	1
chr1	3660	3700	1
chr1	342	404	1
chr1	1260	1357	1
chr1	4022	4115	1
chr1	3203	3233	1
chr1	1208	1260	1
chr1	242	280	1
chr1	157	188	1
chr1	3235	3252	1
chr1	710	732	1
chr1	904	939	1
chr1	1260	1297	1
chr1	2036	2085	1
chr1	405	418	1
chr1	1790	1803	1
chr1	2873	2966	1
chr1	3365	3392	1
chr1	634	634	1
chr1	578	632	1
chr1	1789	1805	1
chr1	2995	3021	1
chr1	1949	2001	1
chr1	2874	2967	1
chr1	242	276	1
chr1	277	342	1
chr1	1874	1889	1
chr1	482	537	1
chr1	2088	2187	1
chr1	2086	2176	1
chr1	3024	3073	1
chr1	3699	3725	1
chr1	2338	2367	1
chr1	404	418	1
chr1	319	341	1
chr1	4369	4404	1
chr1	4267	4289	1
chr1	2338	2368	1
chr1	1347	1423	1
chr1	3137	3202	1
chr1	4116	4138	1
chr1	1298	1346	1
chr1	829	903	1
chr1	1890	1903	1
chr1	1714	1789	1
chr1	2997	3022	1
chr1	2035	2087	1
chr1	3085	3135	1
chr1	1837	1888	1
chr1	3235	3253	1
chr1	3136	3201	1
chr1	3234	3252	1
chr1	808	829	1
chr1	3596	3622	1
chr1	2870	2994	1
chr1	2368	2430	1
chr1	3254	3309	1
chr1	3074	3135	1
chr1	4289	4368	1
chr1	3086	3135	1
chr1	2188	2258	1
chr1	281	317	1
chr1	1731	1788	1
chr1	1790	1804	1
chr1	1713	1733	1
chr1	2260	2290	1
chr1	578	633	1
chr1	2431	2851	1
chr1	1875	1875	1
chr1	1876	1889	1
chr1	4115	4139	1
chr1	189	242	1
chr1	242	318	1
chr1	1358	1419	1
chr1	4528	4572	1
chr1	1949	2000	1
chr1	157	191	1
chr1	4573	4593	1
chr1	958	1025	1
chr1	4405	4513	1
chr1	1035	1087	1
chr1	483	538	1
chr1	1299	1346	1
chr1	2369	2428	1
chr1	342	403	1
chr1	4267	4288	1
chr1	4835	4894	1
chr1	3202	3234	1
chr1	2994	3023	1
chr1	3943	4022	1
chr1	829	902	1
chr1	1575	1713	1
chr1	1890	1907	1
chr1	2177	2188	1
chr1	732	763	1
chr1	2085	2187	1
chr1	2315	2315	1
chr1	1261	1357	1
chr1	3236	3252	1
chr1	4529	4572	1
chr1	3660	3698	1
chr1	4139	4161	1
chr1	959	1024	1
chr1	2967	2996	1
chr1	4574	4592	1
chr1	1036	1086	1
chr1	2187	2258	1
chr1	1889	1903	1
chr1	2998	3023	1
chr1	2853	2872	1
chr1	1513	1574	1
chr1	1734	1789	1
chr1	3571	3596	1
chr1	2188	2259	1
chr1	1805	1836	1
chr1	539	573	1
chr1	318	341	1
chr1	1025	1034	1
chr1	4369	4403	1
chr1	2036	2084	2
chr1	1179	1207	2
chr1	3136	3202	2
chr1	3365	3391	2
chr1	3660	3699	2
chr1	1	69	2
chr1	1087	1109	2
chr1	4201	4232	2
chr1	3392	3447	2
chr1	2337	2367	2
chr1	4162	4200	2
chr1	4594	4632	2
chr1	343	405	2
chr1	3944	4022	2
chr1	3447	3502	2
chr1	3448	3502	2
chr1	4116	4137	2
chr1	2259	2289	2
chr1	2290	2336	2
chr1	1904	1905	2
chr1	1	68	2
chr1	4593	4632	2
chr1	1208	1259	2
chr1	4369	4405	2
chr1	3854	3942	2
chr1	2291	2314	2
chr1	157	187	2
chr1	1146	1177	2
chr1	419	482	2
chr1	1146	1178	2
chr1	70	128	2
chr1	807	828	2
chr1	4233	4267	2
chr1	1026	1035	2
chr1	4023	4115	2
chr1	830	902	2
chr1	69	128	2
chr1	3854	3943	2
chr1	4529	4573	2
chr1	4138	4161	2
chr1	959	1025	2
chr1	1088	1109	2
chr1	1178	1207	2
chr1	4268	4289	2
chr1	419	481	2
chr1	3572	3596	2
chr1	1575	1711	2
chr1	4233	4266	2
chr1	1906	1948	2
chr1	3700	3725	2
chr1	709	732	2
chr1	406	418	2
chr1	1806	1837	2
chr1	4406	4513	2
chr1	188	241	2
chr1	4670	4688	3
chr1	903	939	3
chr1	3597	3622	3
chr1	1512	1574	3
chr1	4514	4528	3
chr1	2002	2035	3
chr1	940	958	3
chr1	4633	4669	3
chr1	4290	4368	3
chr1	3253	3309	3
chr1	4808	4833	3
chr1	3503	3571	3
chr1	3310	3364	3
chr1	764	806	3
chr1	733	763	3
chr1	4834	4894	3
chr1	3623	3659	4
chr1	1110	1145	4
chr1	129	156	4
chr1	4895	4985	4
chr1	4689	4725	4
chr1	3726	3853	4
chr1	4726	4807	4
chr10	2055	2111	1
chr10	1232	1248	1
chr10	1905	1961	1
chr10	304	374	1
chr10	2530	2544	1
chr10	2115	2236	1
chr10	234	264	1
chr10	788	800	1
chr10	1087	1200	1
chr10	2429	2484	1
chr10	471	497	1
chr10	1418	1478	1
chr10	1048	1086	1
chr10	1398	1416	1
chr10	1201	1231	1
chr10	928	960	1
chr10	1249	1285	1
chr10	2115	2235	1
chr10	844	849	1
chr10	960	981	1
chr10	1888	1905	1
chr10	1417	1476	1
chr10	154	234	1
chr10	2431	2484	1
chr10	2415	2428	1
chr10	1792	1856	1
chr10	2544	2599	1
chr10	2531	2544	1
chr10	1023	1050	1
chr10	264	304	1
chr10	989	1022	1
chr10	1906	1961	1
chr10	472	497	1
chr10	234	265	1
chr10	788	801	1
chr10	472	496	1
chr10	471	496	1
chr10	1051	1085	1
chr10	986	1022	1
chr10	1233	1242	1
chr10	1791	1856	1
chr10	1232	1249	1
chr10	912	960	1
chr10	1022	1050	1
chr10	184	184	1
chr10	2642	2711	1
chr10	1643	1721	1
chr10	1515	1539	1
chr10	1244	1284	1
chr10	961	986	1
chr10	2379	2430	1
chr10	1398	1417	1
chr10	1087	1201	1
chr10	1591	1642	1
chr10	911	988	1
chr10	541	575	1
chr10	1233	1246	1
chr10	2113	2235	1
chr10	99	130	1
chr10	498	540	1
chr10	911	959	1
chr10	2486	2529	1
chr10	1963	1985	1
chr10	1962	1985	1
chr10	99	124	1
chr10	2485	2531	1
chr10	125	125	1
chr10	1876	1887	1
chr10	304	350	1
chr10	1479	1514	1
chr10	707	784	1
chr10	2484	2530	1
chr10	987	1021	1
chr10	305	336	1
chr10	153	232	1
chr10	961	985	1
chr10	1906	1962	1
chr10	802	830	1
chr10	1286	1312	1
chr10	233	265	1
chr10	337	374	1
chr10	1250	1284	1
chr10	2430	2483	1
chr10	1247	1284	1
chr10	831	843	1
chr10	265	305	1
chr10	912	927	1
chr10	785	800	1
chr10	2485	2544	1
chr10	2379	2415	1
chr10	1963	1984	1
chr10	2055	2112	1
chr10	1023	1047	1
chr10	154	183	1
chr10	1243	1243	1
chr10	2379	2429	1
chr10	1792	1857	1
chr10	185	233	1
chr10	2600	2641	1
chr10	2532	2543	1
chr10	1202	1231	1
chr10	1876	1905	1
chr10	131	152	1
chr10	1905	1962	1
chr10	154	233	1
chr10	802	831	1
chr10	337	375	1
chr10	126	128	1
chr10	1858	1875	1
chr10	539	575	1
chr10	1962	1984	1
chr10	1790	1790	1
chr10	1048	1085	1
chr10	707	801	1
chr10	2416	2429	1
chr10	498	538	1
chr10	306	336	1
chr10	2379	2414	1
chr10	1722	1763	1
chr10	1763	1789	1
chr10	235	263	1
chr10	1764	1856	1
chr10	2112	2236	1
chr10	351	375	1
chr10	1051	1086	1
chr10	2430	2485	1
chr10	982	1047	1
chr10	1477	1515	1
chr10	99	128	2
chr10	2284	2307	2
chr10	707	785	2
chr10	801	831	2
chr10	1763	1791	2
chr10	540	575	2
chr10	2055	2114	2
chr10	1399	1417	2
chr10	1086	1201	2
chr10	2236	2283	2
chr10	1478	1515	2
chr10	850	910	2
chr10	376	425	2
chr10	786	787	2
chr10	1985	2054	2
chr10	2284	2308	2
chr10	1313	1398	2
chr10	850	911	2
chr10	1876	1904	2
chr10	2237	2283	2
chr10	1202	1232	2
chr10	426	470	2
chr10	266	303	2
chr10	1418	1477	2
chr10	1986	2054	2
chr10	1313	1397	2
chr10	2309	2378	2
chr10	426	471	2
chr10	497	539	2
chr10	2308	2378	2
chr10	375	425	2
chr10	2600	2711	3
chr10	1644	1721	3
chr10	1591	1643	3
chr10	832	844	3
chr10	2545	2599	3
chr10	1285	1312	3
chr10	1857	1875	3
chr10	1722	1762	3
chr10	1516	1539	3
chr10	129	153	3
chr10	845	849	3
chr10	1540	1590	4
chr10	63	98	4
chr10	1	62	4
chr10	576	599	4
chr10	600	666	4
chr10	667	706	4
chr11	1709	1738	1
chr11	271	289	1
chr11	1431	1444	1
chr11	1351	1407	1
chr11	879	957	1
chr11	1445	1468	1
chr11	1187	1222	1
chr11	179	215	1
chr11	1225	1290	1
chr11	1445	1466	1
chr11	1921	2052	1
chr11	345	353	1
chr11	2593	2615	1
chr11	290	297	1
chr11	2525	2592	1
chr11	1351	1408	1
chr11	241	271	1
chr11	344	353	1
chr11	2526	2593	1
chr11	134	174	1
chr11	958	1029	1
chr11	1186	1224	1
chr11	344	344	1
chr11	2053	2152	1
chr11	1407	1429	1
chr11	1350	1407	1
chr11	959	1024	1
chr11	2595	2614	1
chr11	1502	1534	1
chr11	1885	1920	1
chr11	712	731	1
chr11	1445	1501	1
chr11	1083	1092	1
chr11	1738	1771	1
chr11	1304	1349	1
chr11	1469	1500	1
chr11	76	134	1
chr11	216	240	1
chr11	1351	1406	1
chr11	303	343	1
chr11	2273	2335	1
chr11	298	302	1
chr11	1137	1186	1
chr11	289	303	1
chr11	456	548	1
chr11	805	878	1
chr11	2594	2613	1
chr11	959	1025	1
chr11	455	549	1
chr11	289	304	1
chr11	175	215	1
chr11	76	133	1
chr11	1649	1670	1
chr11	1710	1735	1
chr11	2614	2699	1
chr11	1046	1082	1
chr11	1087	1135	1
chr11	1922	2052	1
chr11	1740	1771	1
chr11	2232	2272	1
chr11	343	380	1
chr11	1045	1082	1
chr11	1030	1044	1
chr11	2172	2232	1
chr11	732	804	1
chr11	240	270	1
chr11	2273	2334	1
chr11	648	712	1
chr11	2233	2272	1
chr11	1772	1793	1
chr11	135	175	1
chr11	1223	1303	1
chr11	1028	1040	1
chr11	290	304	1
chr11	176	215	1
chr11	550	587	1
chr11	1919	2052	1
chr11	648	711	1
chr11	1534	1567	1
chr11	1304	1350	1
chr11	1225	1302	1
chr11	354	380	1
chr11	2526	2594	1
chr11	1045	1086	1
chr11	1796	1868	1
chr11	2525	2593	1
chr11	1886	1918	1
chr11	1291	1303	1
chr11	1468	1500	1
chr11	1672	1709	1
chr11	1739	1771	1
chr11	1026	1041	1
chr11	1794	1868	1
chr11	1567	1648	1
chr11	1921	2051	1
chr11	588	626	1
chr11	1408	1430	1
chr11	1083	1091	1
chr11	1736	1771	1
chr11	77	134	1
chr11	1093	1093	1
chr11	1535	1566	1
chr11	1084	1091	1
chr11	305	343	1
chr11	1303	1350	1
chr11	2594	2614	1
chr11	1501	1533	1
chr11	1305	1350	1
chr11	1709	1737	1
chr11	2335	2404	1
chr11	879	958	1
chr11	1041	1044	1
chr11	959	1027	1
chr11	1136	1185	1
chr11	1467	1500	1
chr11	1885	1921	1
chr11	135	178	1
chr11	1225	1304	1
chr11	408	455	1
chr11	1886	1920	1
chr11	272	289	1
chr11	304	342	1
chr11	804	879	1
chr11	77	133	1
chr11	2616	2699	1
chr11	1408	1429	1
chr11	1671	1709	1
chr11	804	878	1
chr11	1094	1136	1
chr11	1445	1467	1
chr11	1409	1429	1
chr11	1043	1083	1
chr11	2052	2152	1
chr11	1025	1045	1
chr11	803	879	1
chr11	134	177	1
chr11	1042	1042	1
chr11	1710	1739	1
chr11	732	802	1
chr11	178	215	1
chr11	305	353	1
chr11	2053	2153	2
chr11	380	407	2
chr11	880	958	2
chr11	1187	1224	2
chr11	732	803	2
chr11	627	648	2
chr11	1092	1095	2
chr11	240	271	2
chr11	1796	1867	2
chr11	1672	1708	2
chr11	627	647	2
chr11	1136	1186	2
chr11	381	407	2
chr11	1884	1884	2
chr11	354	379	2
chr11	1535	1567	2
chr11	1501	1534	2
chr11	1096	1135	2
chr11	2471	2525	2
chr11	455	548	2
chr11	2154	2171	2
chr11	2615	2699	2
chr11	272	288	2
chr11	1884	1885	2
chr11	2232	2273	2
chr11	1	75	2
chr11	1869	1883	2
chr11	2471	2524	2
chr11	2153	2171	2
chr11	1	76	2
chr11	2274	2335	2
chr11	649	712	2
chr11	1868	1883	2
chr11	1568	1648	3
chr11	549	586	3
chr11	587	626	3
chr11	216	239	3
chr11	1430	1444	3
chr11	713	731	3
chr11	408	454	3
chr11	1649	1671	3
chr11	2172	2231	3
chr11	2336	2404	3
chr11	1772	1795	3
chr11	2405	2470	4
chr12	1565	1599	1
chr12	1271	1299	1
chr12	1564	1598	1
chr12	1991	2008	1
chr12	2113	2166	1
chr12	1051	1076	1
chr12	660	712	1
chr12	2086	2112	1
chr12	1355	1370	1
chr12	969	969	1
chr12	1274	1298	1
chr12	712	744	1
chr12	2267	2329	1
chr12	1259	1298	1
chr12	1600	1653	1
chr12	659	712	1
chr12	454	506	1
chr12	2113	2165	1
chr12	1079	1096	1
chr12	1548	1564	1
chr12	129	168	1
chr12	1299	1353	1
chr12	581	626	1
chr12	986	1049	1
chr12	508	553	1
chr12	1600	1641	1
chr12	1989	2009	1
chr12	2166	2199	1
chr12	1565	1598	1
chr12	888	910	1
chr12	1165	1298	1
chr12	2198	2244	1
chr12	970	985	1
chr12	911	985	1
chr12	1392	1443	1
chr12	969	985	1
chr12	824	886	1
chr12	2030	2085	1
chr12	2011	2030	1
chr12	2244	2266	1
chr12	454	507	1
chr12	743	792	1
chr12	1165	1270	1
chr12	1372	1390	1
chr12	1549	1564	1
chr12	1549	1560	1
chr12	1299	1352	1
chr12	790	792	1
chr12	744	789	1
chr12	1076	1096	1
chr12	1924	1990	1
chr12	659	711	1
chr12	1371	1391	1
chr12	2009	2029	1
chr12	170	263	1
chr12	2358	2369	1
chr12	1354	1371	1
chr12	1653	1709	1
chr12	2114	2135	1
chr12	264	365	1
chr12	986	1050	1
chr12	2511	2578	1
chr12	2435	2485	1
chr12	2167	2197	1
chr12	1561	1562	1
chr12	627	658	1
chr12	1925	1988	1
chr12	1511	1547	1
chr12	2355	2370	1
chr12	2030	2084	1
chr12	1300	1354	1
chr12	2268	2329	1
chr12	169	265	1
chr12	266	365	1
chr12	507	552	1
chr12	745	823	1
chr12	1076	1095	1
chr12	912	967	1
chr12	2167	2199	1
chr12	1165	1273	1
chr12	1353	1370	1
chr12	2412	2434	1
chr12	507	553	1
chr12	2010	2010	1
chr12	453	507	1
chr12	2200	2244	1
chr12	1444	1512	1
chr12	1989	2029	1
chr12	2579	2677	1
chr12	2199	2243	1
chr12	2200	2267	1
chr12	1444	1510	1
chr12	2113	2135	1
chr12	1299	1354	1
chr12	1652	1709	1
chr12	2085	2113	1
chr12	1599	1652	1
chr12	2356	2357	1
chr12	1514	1547	1
chr12	1165	1258	1
chr12	1050	1078	1
chr12	1357	1370	1
chr12	714	742	1
chr12	968	985	1
chr12	2412	2485	1
chr12	887	911	1
chr12	659	713	1
chr12	1925	1987	1
chr12	1988	2030	1
chr12	2167	2198	1
chr12	1513	1548	1
chr12	1355	1356	1
chr12	1642	1653	1
chr12	1599	1651	1
chr12	1514	1548	1
chr12	626	659	1
chr12	129	169	1
chr12	1563	1599	1
chr12	1077	1095	1
chr12	2371	2411	1
chr12	453	506	1
chr12	2330	2355	1
chr12	1548	1563	1
chr12	744	823	1
chr12	508	552	1
chr12	1924	1988	1
chr12	2486	2510	2
chr12	2412	2486	2
chr12	1097	1164	2
chr12	1654	1709	2
chr12	553	580	2
chr12	1771	1833	2
chr12	1052	1075	2
chr12	912	968	2
chr12	2487	2510	2
chr12	1834	1862	2
chr12	265	365	2
chr12	1771	1832	2
chr12	57	129	2
chr12	888	911	2
chr12	2136	2166	2
chr12	396	453	2
chr12	1833	1862	2
chr12	1863	1924	2
chr12	366	394	2
chr12	2245	2265	2
chr12	713	743	2
chr12	1096	1164	2
chr12	1371	1390	2
chr12	793	823	2
chr12	626	658	2
chr12	395	452	2
chr12	986	1051	2
chr12	130	168	2
chr12	366	395	2
chr12	554	580	2
chr12	1863	1923	2
chr12	2266	2329	2
chr12	2085	2112	2
chr12	169	264	2
chr12	2031	2084	2
chr12	57	128	2
chr12	1444	1513	2
chr12	2355	2369	2
chr12	1391	1443	3
chr12	2370	2411	3
chr12	581	625	3
chr12	824	887	3
chr12	2330	2354	3
chr12	2578	2677	3
chr12	2511	2577	3
chr12	1710	1770	4
chr12	1	56	4
chr13	1562	1603	1
chr13	1362	1409	1
chr13	549	608	1
chr13	941	996	1
chr13	1164	1202	1
chr13	1000	1069	1
chr13	1409	1414	1
chr13	807	830	1
chr13	731	806	1
chr13	1361	1408	1
chr13	1486	1522	1
chr13	548	607	1
chr13	438	496	1
chr13	383	497	1
chr13	997	1069	1
chr13	1730	1808	1
chr13	383	433	1
chr13	1603	1629	1
chr13	1361	1410	1
chr13	498	547	1
chr13	1629	1709	1
chr13	998	1069	1
chr13	1524	1561	1
chr13	1223	1250	1
chr13	1	381	1
chr13	897	921	1
chr13	497	549	1
chr13	807	829	1
chr13	1223	1361	1
chr13	860	921	1
chr13	608	634	1
chr13	438	497	1
chr13	1604	1628	1
chr13	1710	1728	1
chr13	1164	1204	1
chr13	2196	2219	1
chr13	1410	1467	1
chr13	636	730	1
chr13	1851	1870	1
chr13	550	574	1
chr13	634	731	1
chr13	2220	2303	1
chr13	1852	1905	1
chr13	1469	1484	1
chr13	2197	2218	1
chr13	1408	1467	1
chr13	1709	1729	1
chr13	1872	1905	1
chr13	1223	1249	1
chr13	940	997	1
chr13	1361	1407	1
chr13	2004	2029	1
chr13	830	860	1
chr13	2177	2195	1
chr13	1523	1563	1
chr13	1203	1223	1
chr13	1205	1206	1
chr13	608	635	1
chr13	1629	1708	1
chr13	1251	1360	1
chr13	1604	1629	1
chr13	1971	2003	1
chr13	441	497	1
chr13	1468	1485	1
chr13	1069	1163	1
chr13	2158	2174	1
chr13	2157	2175	1
chr13	1419	1467	1
chr13	549	574	1
chr13	1729	1808	1
chr13	382	440	1
chr13	1971	2002	1
chr13	1852	1870	1
chr13	1852	1871	1
chr13	894	924	1
chr13	2233	2237	1
chr13	1563	1603	1
chr13	435	437	1
chr13	925	940	1
chr13	808	830	1
chr13	1224	1249	1
chr13	1603	1628	1
chr13	895	896	1
chr13	1809	1851	1
chr13	2219	2232	1
chr13	923	939	1
chr13	2157	2176	1
chr13	2175	2196	1
chr13	2158	2175	1
chr13	1000	1068	1
chr13	434	437	1
chr13	732	806	1
chr13	1411	1468	1
chr13	1485	1523	1
chr13	808	828	1
chr13	1415	1418	1
chr13	609	634	1
chr13	1564	1602	1
chr13	1563	1602	1
chr13	829	859	1
chr13	861	894	1
chr13	1207	1222	1
chr13	894	922	1
chr13	1809	1850	1
chr13	383	434	1
chr13	608	633	1
chr13	2069	2157	2
chr13	1710	1729	2
chr13	1250	1360	2
chr13	575	607	2
chr13	940	999	2
chr13	635	731	2
chr13	2176	2218	2
chr13	1906	1970	2
chr13	2069	2156	2
chr13	1970	2002	2
chr13	1164	1222	2
chr13	1485	1522	2
chr13	1468	1484	2
chr13	860	893	2
chr13	1871	1905	2
chr13	1730	1807	2
chr13	831	859	2
chr13	732	807	2
chr13	922	939	2
chr13	2219	2237	2
chr13	1630	1709	2
chr13	1523	1562	2
chr13	498	548	2
chr13	1808	1851	2
chr13	1906	1969	2
chr13	2238	2303	3
chr13	1	382	3
chr13	2003	2029	3
chr13	1070	1163	3
chr13	2030	2068	4
chr14	407	478	1
chr14	479	499	1
chr14	1048	1105	1
chr14	1774	1814	1
chr14	915	1002	1
chr14	620	660	1
chr14	2049	2084	1
chr14	701	727	1
chr14	1773	1814	1
chr14	2049	2083	1
chr14	702	728	1
chr14	1003	1044	1
chr14	1046	1105	1
chr14	1047	1106	1
chr14	1363	1399	1
chr14	481	499	1
chr14	793	849	1
chr14	1493	1521	1
chr14	1641	1773	1
chr14	1236	1302	1
chr14	501	584	1
chr14	1521	1566	1
chr14	1565	1641	1
chr14	1027	1043	1
chr14	383	408	1
chr14	1567	1641	1
chr14	409	479	1
chr14	1106	1140	1
chr14	407	480	1
chr14	1002	1047	1
chr14	793	848	1
chr14	1566	1640	1
chr14	849	913	1
chr14	757	792	1
chr14	1330	1361	1
chr14	1521	1565	1
chr14	1175	1201	1
chr14	1048	1106	1
chr14	584	619	1
chr14	1816	1864	1
chr14	1939	2004	1
chr14	1641	1771	1
chr14	852	914	1
chr14	1399	1421	1
chr14	1493	1567	1
chr14	1045	1045	1
chr14	1175	1199	1
chr14	1025	1026	1
chr14	1939	2003	1
chr14	1568	1640	1
chr14	1400	1471	1
chr14	848	914	1
chr14	1002	1024	1
chr14	1201	1236	1
chr14	1399	1470	1
chr14	729	756	1
chr14	793	847	1
chr14	1831	1865	1
chr14	1026	1043	1
chr14	2084	2146	1
chr14	850	914	1
chr14	1472	1492	1
chr14	501	583	1
chr14	1024	1025	1
chr14	1200	1236	1
chr14	2005	2049	1
chr14	1304	1330	1
chr14	793	851	1
chr14	1142	1174	1
chr14	1329	1362	1
chr14	1772	1814	1
chr14	1470	1492	1
chr14	1330	1362	1
chr14	914	1001	1
chr14	1815	1830	1
chr14	1866	1896	1
chr14	1202	1236	1
chr14	1423	1470	1
chr14	1044	1046	1
chr14	1773	1815	1
chr14	1044	1047	1
chr14	1422	1422	1
chr14	661	701	1
chr14	1	384	1
chr14	660	700	1
chr14	1201	1235	1
chr14	1	382	1
chr14	2004	2049	1
chr14	1002	1023	1
chr14	1363	1396	1
chr14	1522	1564	1
chr14	1331	1361	1
chr14	1397	1469	1
chr14	385	479	1
chr14	1106	1141	1
chr14	1303	1328	1
chr14	480	500	2
chr14	1304	1329	2
chr14	660	701	2
chr14	384	406	2
chr14	1107	1140	2
chr14	1471	1492	2
chr14	1493	1520	2
chr14	915	1001	2
chr14	1362	1398	2
chr14	702	727	2
chr14	500	584	2
chr14	1815	1864	2
chr14	2003	2048	2
chr14	2050	2084	2
chr14	1	383	2
chr14	1939	2002	2
chr14	1642	1772	2
chr14	1175	1200	2
chr14	1141	1174	3
chr14	1237	1303	3
chr14	585	619	3
chr14	1865	1896	3
chr14	620	659	3
chr14	2085	2146	3
chr14	728	755	3
chr14	756	792	3
chr14	1897	1938	4
chr15	1632	1662	1
chr15	603	685	1
chr15	1376	1389	1
chr15	1457	1487	1
chr15	1618	1631	1
chr15	686	808	1
chr15	1663	1714	1
chr15	810	912	1
chr15	1419	1458	1
chr15	810	913	1
chr15	1459	1459	1
chr15	1853	1899	1
chr15	1154	1197	1
chr15	1656	1716	1
chr15	1123	1153	1
chr15	1051	1121	1
chr15	568	603	1
chr15	1631	1656	1
chr15	1488	1521	1
chr15	1419	1486	1
chr15	543	567	1
chr15	1715	1785	1
chr15	1864	1867	1
chr15	1198	1267	1
chr15	1657	1680	1
chr15	1617	1631	1
chr15	1154	1198	1
chr15	1681	1715	1
chr15	476	542	1
chr15	1420	1486	1
chr15	401	452	1
chr15	1853	1864	1
chr15	1123	1154	1
chr15	1051	1122	1
chr15	1632	1680	1
chr15	978	1050	1
chr15	544	566	1
chr15	1715	1786	1
chr15	1864	1866	1
chr15	1716	1786	1
chr15	603	686	1
chr15	402	474	1
chr15	1586	1631	1
chr15	1618	1630	1
chr15	1419	1456	1
chr15	1717	1785	1
chr15	453	475	1
chr15	1681	1714	1
chr15	1155	1198	1
chr15	1310	1338	1
chr15	1123	1155	1
chr15	1868	1899	1
chr15	567	603	1
chr15	1487	1521	1
chr15	1122	1153	1
chr15	1339	1376	1
chr15	1377	1388	1
chr15	914	976	1
chr15	1865	1866	1
chr15	1586	1616	1
chr15	1338	1375	1
chr15	687	808	1
chr15	1389	1419	1
chr15	402	454	1
chr15	1632	1655	1
chr15	1156	1198	1
chr15	1311	1337	1
chr15	401	454	1
chr15	913	977	1
chr15	977	1050	1
chr15	1268	1310	1
chr15	1460	1486	1
chr15	1900	1982	2
chr15	1050	1122	2
chr15	1487	1520	2
chr15	1838	1852	2
chr15	1338	1376	2
chr15	1853	1863	2
chr15	1521	1564	2
chr15	544	567	2
chr15	1900	1981	2
chr15	1787	1836	2
chr15	1522	1564	2
chr15	568	602	2
chr15	1982	2051	2
chr15	1837	1852	2
chr15	604	685	2
chr15	1786	1837	2
chr15	914	977	2
chr15	455	474	2
chr15	809	913	2
chr15	1586	1617	2
chr15	1	400	2
chr15	978	1049	2
chr15	1310	1337	2
chr15	1	401	2
chr15	686	809	2
chr15	1377	1389	2
chr15	1983	2051	2
chr15	1867	1899	2
chr15	1390	1418	3
chr15	1268	1309	3
chr15	475	543	3
chr15	1199	1267	3
chr15	1565	1585	4
chr16	421	468	1
chr16	325	390	1
chr16	418	419	1
chr16	392	416	1
chr16	1639	1684	1
chr16	639	682	1
chr16	638	682	1
chr16	246	282	1
chr16	295	390	1
chr16	1414	1435	1
chr16	103	172	1
chr16	1333	1415	1
chr16	391	416	1
chr16	1685	1806	1
chr16	683	710	1
chr16	1	63	1
chr16	969	1002	1
chr16	326	390	1
chr16	245	294	1
chr16	1248	1332	1
chr16	1261	1332	1
chr16	1175	1248	1
chr16	1003	1003	1
chr16	62	102	1
chr16	325	391	1
chr16	1333	1413	1
chr16	1266	1332	1
chr16	391	417	1
chr16	930	968	1
chr16	469	495	1
chr16	968	1001	1
chr16	1415	1434	1
chr16	710	929	1
chr16	295	324	1
chr16	1004	1013	1
chr16	417	420	1
chr16	1416	1435	1
chr16	1174	1248	1
chr16	391	414	1
chr16	1412	1434	1
chr16	1249	1259	1
chr16	565	620	1
chr16	1175	1246	1
chr16	422	469	1
chr16	1247	1265	1
chr16	245	293	1
chr16	323	324	1
chr16	283	294	1
chr16	1333	1411	1
chr16	497	564	1
chr16	1174	1247	1
chr16	619	681	1
chr16	620	638	1
chr16	1260	1260	1
chr16	1002	1013	1
chr16	1639	1683	1
chr16	620	637	1
chr16	1	61	1
chr16	64	101	1
chr16	417	469	1
chr16	421	421	1
chr16	621	682	1
chr16	420	420	1
chr16	246	293	1
chr16	496	563	1
chr16	470	496	1
chr16	323	325	1
chr16	1249	1332	1
chr16	1333	1414	1
chr16	682	709	1
chr16	415	469	1
chr16	564	618	1
chr16	711	929	1
chr16	294	322	2
chr16	470	495	2
chr16	1555	1620	2
chr16	1621	1639	2
chr16	1492	1554	2
chr16	1436	1491	2
chr16	1015	1069	2
chr16	1014	1069	2
chr16	1492	1553	2
chr16	1554	1620	2
chr16	173	220	2
chr16	496	564	2
chr16	63	101	2
chr16	683	708	2
chr16	1070	1174	2
chr16	173	221	2
chr16	565	619	2
chr16	222	244	2
chr16	1621	1638	2
chr16	968	1014	2
chr16	1640	1683	2
chr16	221	245	2
chr16	709	929	2
chr16	1435	1491	2
chr16	1	62	2
chr16	1070	1173	2
chr16	1684	1806	3
chr16	930	967	3
chr16	102	172	3
chr17	736	758	1
chr17	1127	1161	1
chr17	1243	1346	1
chr17	1128	1160	1
chr17	687	735	1
chr17	1127	1159	1
chr17	587	610	1
chr17	362	386	1
chr17	754	803	1
chr17	146	176	1
chr17	587	611	1
chr17	1347	1414	1
chr17	506	506	1
chr17	142	177	1
chr17	611	686	1
chr17	734	754	1
chr17	755	802	1
chr17	612	653	1
chr17	145	176	1
chr17	76	99	1
chr17	101	144	1
chr17	177	191	1
chr17	462	490	1
chr17	491	505	1
chr17	1520	1522	1
chr17	1162	1215	1
chr17	1160	1240	1
chr17	1216	1242	1
chr17	1523	1558	1
chr17	1127	1160	1
chr17	1099	1127	1
chr17	321	363	1
chr17	1454	1523	1
chr17	100	141	1
chr17	762	804	1
chr17	1525	1559	1
chr17	320	361	1
chr17	146	177	1
chr17	192	257	1
chr17	506	507	1
chr17	831	858	1
chr17	364	384	1
chr17	1454	1519	1
chr17	461	489	1
chr17	177	190	1
chr17	804	830	1
chr17	244	244	1
chr17	805	830	1
chr17	379	444	1
chr17	101	145	1
chr17	759	761	1
chr17	490	505	1
chr17	385	444	1
chr17	507	537	1
chr17	767	803	1
chr17	102	145	1
chr17	736	766	1
chr17	245	257	1
chr17	737	753	1
chr17	258	320	1
chr17	538	610	1
chr17	1320	1346	1
chr17	804	831	1
chr17	1161	1214	1
chr17	858	918	1
chr17	654	687	1
chr17	1215	1242	1
chr17	191	243	1
chr17	1524	1559	1
chr17	832	857	1
chr17	655	685	1
chr17	859	918	1
chr17	1161	1240	1
chr17	612	654	1
chr17	538	611	1
chr17	387	444	1
chr17	611	688	1
chr17	258	328	1
chr17	445	461	1
chr17	320	327	1
chr17	1454	1558	1
chr17	1415	1453	1
chr17	76	101	1
chr17	803	830	1
chr17	328	363	1
chr17	329	365	1
chr17	1243	1319	1
chr17	688	735	1
chr17	366	378	1
chr17	384	444	1
chr17	364	383	1
chr17	686	733	1
chr17	445	460	1
chr17	689	736	1
chr17	1454	1524	1
chr17	919	984	2
chr17	1559	1624	2
chr17	919	983	2
chr17	1560	1624	2
chr17	258	319	2
chr17	490	504	2
chr17	538	586	2
chr17	984	1098	2
chr17	178	190	2
chr17	985	1098	2
chr17	463	489	2
chr17	445	462	2
chr17	860	918	2
chr17	76	100	2
chr17	831	859	2
chr17	505	507	2
chr17	191	257	2
chr17	1241	1346	2
chr17	1416	1453	3
chr17	1099	1126	3
chr17	1347	1415	3
chr17	508	537	3
chr17	1	75	4
chr18	1363	1408	1
chr18	867	967	1
chr18	596	651	1
chr18	793	824	1
chr18	369	372	1
chr18	1225	1296	1
chr18	967	1038	1
chr18	408	434	1
chr18	792	825	1
chr18	332	352	1
chr18	167	242	1
chr18	1410	1438	1
chr18	866	904	1
chr18	354	369	1
chr18	353	368	1
chr18	1331	1362	1
chr18	409	434	1
chr18	474	594	1
chr18	1297	1330	1
chr18	692	792	1
chr18	332	353	1
chr18	1087	1138	1
chr18	1138	1198	1
chr18	652	690	1
chr18	243	330	1
chr18	866	967	1
chr18	331	352	1
chr18	373	408	1
chr18	826	865	1
chr18	167	244	1
chr18	373	406	1
chr18	1298	1329	1
chr18	473	595	1
chr18	595	652	1
chr18	1040	1087	1
chr18	245	308	1
chr18	435	473	1
chr18	1088	1138	1
chr18	1439	1487	1
chr18	1138	1199	1
chr18	310	310	1
chr18	370	372	1
chr18	1139	1198	1
chr18	330	352	1
chr18	311	330	1
chr18	1488	1561	1
chr18	653	691	1
chr18	825	866	1
chr18	1330	1362	1
chr18	309	310	1
chr18	167	309	1
chr18	1363	1409	1
chr18	905	905	1
chr18	1139	1199	1
chr18	968	1039	1
chr18	279	330	1
chr18	1039	1086	1
chr18	194	278	1
chr18	691	791	1
chr18	906	967	1
chr18	372	407	1
chr18	311	329	1
chr18	866	966	1
chr18	167	193	1
chr18	372	406	1
chr18	1199	1224	2
chr18	353	369	2
chr18	1331	1363	2
chr18	145	166	2
chr18	1364	1408	2
chr18	370	371	2
chr18	1088	1137	2
chr18	968	1038	2
chr18	146	166	2
chr18	1200	1224	2
chr18	652	691	2
chr18	1298	1330	2
chr18	473	594	2
chr18	792	824	2
chr18	692	791	2
chr18	595	651	2
chr18	78	144	2
chr18	331	331	2
chr18	1039	1087	2
chr18	407	434	2
chr18	78	145	2
chr18	825	865	2
chr18	1439	1488	3
chr18	1489	1561	3
chr18	1409	1438	3
chr18	1225	1297	3
chr18	435	472	3
chr18	1	77	4
chr19	539	673	1
chr19	293	372	1
chr19	943	967	1
chr19	1014	1095	1
chr19	881	917	1
chr19	555	674	1
chr19	917	942	1
chr19	373	373	1
chr19	675	726	1
chr19	220	261	1
chr19	1096	1123	1
chr19	673	726	1
chr19	1	92	1
chr19	849	880	1
chr19	114	139	1
chr19	850	879	1
chr19	170	220	1
chr19	371	385	1
chr19	795	848	1
chr19	850	880	1
chr19	538	674	1
chr19	919	969	1
chr19	170	219	1
chr19	675	727	1
chr19	780	794	1
chr19	794	847	1
chr19	115	139	1
chr19	968	1013	1
chr19	92	113	1
chr19	848	880	1
chr19	539	672	1
chr19	919	1013	1
chr19	93	113	1
chr19	91	113	1
chr19	510	538	1
chr19	943	1013	1
chr19	293	370	1
chr19	92	114	1
chr19	554	554	1
chr19	970	1012	1
chr19	1123	1183	1
chr19	674	726	1
chr19	374	385	1
chr19	880	916	1
chr19	1013	1096	1
chr19	918	942	1
chr19	728	793	1
chr19	539	553	1
chr19	510	537	1
chr19	1097	1122	1
chr19	1	90	1
chr19	169	220	2
chr19	141	169	2
chr19	386	509	2
chr19	1097	1123	2
chr19	1	91	2
chr19	881	918	2
chr19	114	140	2
chr19	293	385	2
chr19	511	538	2
chr19	780	793	2
chr19	794	849	2
chr19	386	510	2
chr19	1014	1096	2
chr19	140	168	2
chr19	221	261	3
chr19	1124	1183	3
chr19	727	779	3
chr19	262	292	4
chr2	4471	4497	1
chr2	1708	1782	1
chr2	3946	4033	1
chr2	75	143	1
chr2	238	313	1
chr2	3195	3218	1
chr2	4746	4747	1
chr2	2396	2450	1
chr2	1477	1502	1
chr2	3677	3772	1
chr2	1510	1511	1
chr2	4180	4218	1
chr2	1709	1784	1
chr2	76	143	1
chr2	1986	2062	1
chr2	315	338	1
chr2	4220	4273	1
chr2	4504	4570	1
chr2	222	222	1
chr2	239	314	1
chr2	2197	2197	1
chr2	4744	4770	1
chr2	4216	4216	1
chr2	2198	2208	1
chr2	2041	2041	1
chr2	1910	1953	1
chr2	4034	4058	1
chr2	3580	3676	1
chr2	1959	1983	1
chr2	316	337	1
chr2	1802	1845	1
chr2	4669	4689	1
chr2	1785	1845	1
chr2	2119	2190	1
chr2	3809	3837	1
chr2	1014	1080	1
chr2	4669	4687	1
chr2	1285	1310	1
chr2	2063	2117	1
chr2	4771	4864	1
chr2	2988	3046	1
chr2	4770	4782	1
chr2	608	638	1
chr2	4471	4503	1
chr2	1783	1844	1
chr2	1503	1509	1
chr2	1892	1909	1
chr2	2951	2979	1
chr2	238	314	1
chr2	1984	2062	1
chr2	1957	1983	1
chr2	181	221	1
chr2	962	974	1
chr2	4504	4571	1
chr2	4217	4272	1
chr2	3839	3952	1
chr2	2377	2395	1
chr2	4219	4273	1
chr2	221	238	1
chr2	315	337	1
chr2	414	416	1
chr2	2224	2252	1
chr2	1984	2040	1
chr2	3400	3443	1
chr2	3401	3443	1
chr2	2879	2950	1
chr2	4470	4503	1
chr2	2231	2252	1
chr2	4619	4638	1
chr2	4058	4061	1
chr2	4221	4273	1
chr2	1806	1845	1
chr2	3317	3341	1
chr2	2775	2790	1
chr2	4572	4616	1
chr2	4180	4220	1
chr2	3954	4033	1
chr2	4745	4769	1
chr2	4273	4341	1
chr2	2193	2216	1
chr2	2988	3047	1
chr2	789	853	1
chr2	4215	4219	1
chr2	4770	4864	1
chr2	3951	3952	1
chr2	2398	2450	1
chr2	639	655	1
chr2	2230	2252	1
chr2	3219	3244	1
chr2	2983	2985	1
chr2	3810	3837	1
chr2	975	1013	1
chr2	479	509	1
chr2	238	315	1
chr2	582	607	1
chr2	4566	4618	1
chr2	3218	3264	1
chr2	3511	3578	1
chr2	2951	2987	1
chr2	2952	2987	1
chr2	4409	4469	1
chr2	1512	1603	1
chr2	2209	2229	1
chr2	3401	3442	1
chr2	3839	3944	1
chr2	2397	2450	1
chr2	3047	3127	1
chr2	790	852	1
chr2	1862	1891	1
chr2	3443	3469	1
chr2	413	478	1
chr2	3265	3316	1
chr2	2951	2985	1
chr2	4034	4092	1
chr2	1893	1909	1
chr2	2450	2559	1
chr2	4059	4061	1
chr2	853	877	1
chr2	1477	1500	1
chr2	1845	1861	1
chr2	4783	4864	1
chr2	1015	1080	1
chr2	4034	4061	1
chr2	3945	3950	1
chr2	3048	3127	1
chr2	4690	4743	1
chr2	1604	1707	1
chr2	3400	3444	1
chr2	3471	3510	1
chr2	4180	4214	1
chr2	3946	3953	1
chr2	2191	2206	1
chr2	1959	1985	1
chr2	4689	4745	1
chr2	3810	3838	1
chr2	3246	3262	1
chr2	854	877	1
chr2	2217	2252	1
chr2	2377	2397	1
chr2	656	676	1
chr2	3245	3263	1
chr2	2734	2774	1
chr2	2734	2773	1
chr2	2207	2230	1
chr2	744	788	1
chr2	4499	4570	1
chr2	2559	2616	1
chr2	2042	2062	1
chr2	2617	2644	1
chr2	417	479	1
chr2	4689	4772	1
chr2	2645	2710	1
chr2	4471	4498	1
chr2	924	961	1
chr2	3809	3838	1
chr2	2980	2982	1
chr2	4773	4864	1
chr2	1783	1805	1
chr2	1222	1284	1
chr2	1373	1424	1
chr2	314	338	1
chr2	4274	4341	1
chr2	2397	2449	1
chr2	1954	1956	1
chr2	2791	2878	1
chr2	4180	4215	1
chr2	2119	2196	1
chr2	3246	3263	1
chr2	1501	1603	1
chr2	4688	4744	1
chr2	4034	4057	1
chr2	480	509	1
chr2	2451	2558	1
chr2	3263	3315	1
chr2	4748	4769	1
chr2	1783	1801	1
chr2	4498	4565	1
chr2	1	74	1
chr2	1311	1372	1
chr2	2878	2951	1
chr2	1959	2062	1
chr2	2118	2192	1
chr2	3445	3470	1
chr2	744	789	1
chr2	223	237	1
chr2	413	413	1
chr2	3579	3675	1
chr2	2119	2223	1
chr2	878	923	2
chr2	2986	3046	2
chr2	3129	3165	2
chr2	510	552	2
chr2	2711	2733	2
chr2	1511	1603	2
chr2	4274	4340	2
chr2	2285	2376	2
chr2	554	581	2
chr2	2253	2283	2
chr2	4341	4408	2
chr2	3838	3945	2
chr2	76	144	2
chr2	1893	1906	2
chr2	2377	2396	2
chr2	144	180	2
chr2	509	553	2
chr2	145	180	2
chr2	853	878	2
chr2	3342	3400	2
chr2	3342	3399	2
chr2	4669	4688	2
chr2	4146	4179	2
chr2	3953	4033	2
chr2	553	581	2
chr2	1477	1501	2
chr2	1015	1081	2
chr2	1082	1118	2
chr2	743	788	2
chr2	1081	1119	2
chr2	4093	4146	2
chr2	4571	4616	2
chr2	2253	2284	2
chr2	677	743	2
chr2	3047	3128	2
chr2	789	852	2
chr2	1709	1782	2
chr2	879	923	2
chr2	221	237	2
chr2	417	478	2
chr2	1120	1156	2
chr2	479	508	2
chr2	4147	4179	2
chr2	2451	2559	2
chr2	2735	2773	2
chr2	1502	1509	2
chr2	2878	2950	2
chr2	1907	1909	2
chr2	3580	3675	2
chr2	3773	3809	2
chr2	2284	2376	2
chr2	677	742	2
chr2	1510	1510	2
chr2	339	412	2
chr2	4093	4145	2
chr2	2711	2734	2
chr2	3128	3165	2
chr2	1119	1156	2
chr2	3264	3315	2
chr2	4342	4408	2
chr2	3444	3469	2
chr2	338	416	2
chr2	3218	3245	2
chr2	3773	3808	2
chr2	4062	4092	3
chr2	1846	1862	3
chr2	961	974	3
chr2	2791	2877	3
chr2	975	1014	3
chr2	2560	2616	3
chr2	4409	4470	3
chr2	582	606	3
chr2	3511	3579	3
chr2	1284	1310	3
chr2	1222	1283	3
chr2	2774	2790	3
chr2	3195	3217	3
chr2	1910	1958	3
chr2	181	220	3
chr2	2617	2645	3
chr2	924	960	3
chr2	1863	1892	3
chr2	639	654	3
chr2	3470	3510	3
chr2	3676	3772	3
chr2	1604	1708	3
chr2	1311	1373	3
chr2	1374	1424	3
chr2	3316	3341	3
chr2	2646	2710	3
chr2	607	638	3
chr2	655	676	3
chr2	4617	4638	3
chr2	2063	2118	3
chr2	1	75	3
chr2	4639	4668	4
chr2	3166	3194	4
chr2	1425	1476	4
chr2	1157	1221	4
chr20	572	594	1
chr20	573	593	1
chr20	546	571	1
chr20	595	745	1
chr20	594	745	1
chr20	398	412	1
chr20	473	525	1
chr20	988	1053	1
chr20	720	746	1
chr20	719	746	1
chr20	277	348	1
chr20	411	411	1
chr20	544	572	1
chr20	276	348	1
chr20	1106	1164	1
chr20	186	276	1
chr20	472	525	1
chr20	435	471	1
chr20	573	594	1
chr20	447	471	1
chr20	595	718	1
chr20	526	545	1
chr20	796	863	1
chr20	447	472	1
chr20	746	795	1
chr20	1108	1164	1
chr20	410	412	1
chr20	527	543	1
chr20	397	410	1
chr20	573	595	1
chr20	863	958	1
chr20	596	719	1
chr20	413	434	1
chr20	349	396	1
chr20	399	409	1
chr20	527	544	1
chr20	1056	1107	1
chr20	1055	1105	1
chr20	399	446	1
chr20	746	797	1
chr20	439	471	1
chr20	186	275	1
chr20	1	75	1
chr20	526	544	1
chr20	76	105	1
chr20	798	862	1
chr20	988	1054	1
chr20	412	438	1
chr20	349	397	1
chr20	1054	1106	1
chr20	1056	1106	1
chr20	413	446	1
chr20	472	526	2
chr20	348	398	2
chr20	188	276	2
chr20	277	347	2
chr20	106	187	2
chr20	747	796	2
chr20	545	572	2
chr20	106	185	2
chr20	1107	1164	2
chr20	988	1055	2
chr20	797	863	2
chr20	864	958	3
chr20	1	105	3
chr20	959	987	4
chr20	1165	1260	4
chr21	241	270	1
chr21	483	539	1
chr21	757	798	1
chr21	191	225	1
chr21	382	448	1
chr21	449	483	1
chr21	186	225	1
chr21	799	815	1
chr21	872	906	1
chr21	800	816	1
chr21	287	349	1
chr21	907	963	1
chr21	757	799	1
chr21	288	349	1
chr21	242	269	1
chr21	385	449	1
chr21	285	286	1
chr21	285	288	1
chr21	288	348	1
chr21	242	270	1
chr21	241	269	1
chr21	227	240	1
chr21	289	348	1
chr21	816	871	1
chr21	192	241	1
chr21	350	384	1
chr21	540	607	1
chr21	350	381	1
chr21	1	190	1
chr21	227	241	1
chr21	1	185	1
chr21	484	538	1
chr21	450	482	1
chr21	192	240	1
chr21	449	482	2
chr21	270	284	2
chr21	1	191	2
chr21	387	448	2
chr21	349	386	2
chr21	758	798	2
chr21	271	284	2
chr21	676	756	2
chr21	285	287	2
chr21	676	757	2
chr21	226	226	2
chr21	483	538	2
chr21	799	816	2
chr21	539	607	3
chr21	817	871	3
chr21	905	963	3
chr21	872	904	3
chr21	608	675	4
chr22	567	594	1
chr22	500	535	1
chr22	536	566	1
chr22	316	474	1
chr22	841	859	1
chr22	758	841	1
chr22	317	474	1
chr22	568	595	1
chr22	906	937	1
chr22	317	343	1
chr22	759	841	1
chr22	641	716	1
chr22	1	321	1
chr22	760	841	1
chr22	907	936	1
chr22	595	640	1
chr22	736	759	1
chr22	906	936	1
chr22	537	568	1
chr22	569	594	1
chr22	568	594	1
chr22	1	315	1
chr22	596	639	1
chr22	760	840	1
chr22	344	346	1
chr22	908	937	1
chr22	736	758	1
chr22	860	907	1
chr22	737	759	1
chr22	717	736	1
chr22	475	500	1
chr22	860	906	1
chr22	501	536	1
chr22	347	474	1
chr22	322	474	1
chr22	736	757	1
chr22	860	905	2
chr22	937	1025	2
chr22	938	1025	2
chr22	537	567	2
chr22	595	639	2
chr22	1	316	2
chr22	500	536	2
chr22	717	735	3
chr22	640	716	3
chr22	475	499	3
chr22	842	859	3
chr3	2379	2423	1
chr3	2240	2273	1
chr3	2683	2712	1
chr3	328	401	1
chr3	3654	3709	1
chr3	3361	3392	1
chr3	1738	1764	1
chr3	3357	3392	1
chr3	448	477	1
chr3	1248	1282	1
chr3	402	446	1
chr3	401	446	1
chr3	3712	3736	1
chr3	856	900	1
chr3	3303	3359	1
chr3	3360	3360	1
chr3	3587	3653	1
chr3	3737	3805	1
chr3	1470	1513	1
chr3	3885	3960	1
chr3	2681	2712	1
chr3	1590	1627	1
chr3	1006	1064	1
chr3	1628	1737	1
chr3	2276	2312	1
chr3	3144	3170	1
chr3	3171	3207	1
chr3	1766	1828	1
chr3	2424	2465	1
chr3	1765	1827	1
chr3	3048	3082	1
chr3	1959	1991	1
chr3	2486	2510	1
chr3	2464	2486	1
chr3	2171	2237	1
chr3	2466	2486	1
chr3	2381	2423	1
chr3	3207	3221	1
chr3	260	306	1
chr3	3653	3711	1
chr3	856	886	1
chr3	1436	1468	1
chr3	2485	2511	1
chr3	1385	1401	1
chr3	2425	2463	1
chr3	2467	2485	1
chr3	2034	2106	1
chr3	3908	3960	1
chr3	478	495	1
chr3	2581	2595	1
chr3	1515	1588	1
chr3	514	542	1
chr3	3359	3392	1
chr3	2239	2275	1
chr3	448	476	1
chr3	887	900	1
chr3	306	327	1
chr3	2645	2680	1
chr3	3737	3870	1
chr3	1873	1958	1
chr3	2682	2711	1
chr3	856	885	1
chr3	3208	3220	1
chr3	2313	2379	1
chr3	510	511	1
chr3	1589	1628	1
chr3	3113	3143	1
chr3	3047	3080	1
chr3	2313	2380	1
chr3	1283	1325	1
chr3	1829	1853	1
chr3	1854	1871	1
chr3	308	326	1
chr3	3358	3392	1
chr3	1873	1955	1
chr3	3081	3112	1
chr3	2984	3047	1
chr3	1135	1169	1
chr3	3303	3357	1
chr3	3143	3170	1
chr3	966	1005	1
chr3	2425	2465	1
chr3	3808	3851	1
chr3	1402	1436	1
chr3	2682	2712	1
chr3	566	567	1
chr3	1170	1248	1
chr3	1855	1871	1
chr3	3710	3736	1
chr3	568	651	1
chr3	1515	1589	1
chr3	2781	2821	1
chr3	2238	2273	1
chr3	2379	2424	1
chr3	306	326	1
chr3	1326	1385	1
chr3	1437	1468	1
chr3	1386	1401	1
chr3	3871	3883	1
chr3	652	676	1
chr3	1513	1590	1
chr3	513	543	1
chr3	495	508	1
chr3	1629	1737	1
chr3	2033	2107	1
chr3	543	565	1
chr3	3853	3869	1
chr3	3884	3907	1
chr3	2487	2512	1
chr3	3852	3852	1
chr3	2760	2780	1
chr3	178	259	1
chr3	2582	2595	1
chr3	1854	1957	1
chr3	477	495	1
chr3	2380	2424	1
chr3	90	177	1
chr3	3221	3302	1
chr3	2513	2581	1
chr3	3303	3356	1
chr3	2171	2239	1
chr3	2466	2484	1
chr3	3112	3142	1
chr3	496	510	1
chr3	2239	2273	1
chr3	511	511	1
chr3	1326	1384	1
chr3	2645	2682	1
chr3	509	512	1
chr3	544	676	1
chr3	2108	2141	1
chr3	857	885	1
chr3	496	513	1
chr3	1828	1853	1
chr3	3303	3358	1
chr3	3806	3807	1
chr3	786	856	1
chr3	1514	1590	1
chr3	3870	3884	1
chr3	2712	2759	1
chr3	2487	2511	1
chr3	1738	1765	1
chr3	1855	1957	1
chr3	1956	1991	1
chr3	2511	2580	1
chr3	3171	3206	1
chr3	1992	2033	1
chr3	3083	3111	1
chr3	2424	2466	1
chr3	1470	1512	1
chr3	260	326	1
chr3	495	509	1
chr3	1171	1247	1
chr3	1065	1134	1
chr3	307	307	1
chr3	3047	3082	2
chr3	3653	3710	2
chr3	2596	2644	2
chr3	1436	1469	2
chr3	2866	2924	2
chr3	1469	1514	2
chr3	3711	3736	2
chr3	1739	1765	2
chr3	3884	3960	2
chr3	3737	3869	2
chr3	3208	3221	2
chr3	2313	2378	2
chr3	1171	1248	2
chr3	447	477	2
chr3	1766	1827	2
chr3	3113	3142	2
chr3	401	447	2
chr3	3172	3207	2
chr3	886	900	2
chr3	1387	1401	2
chr3	2142	2170	2
chr3	2822	2865	2
chr3	2033	2106	2
chr3	2170	2238	2
chr3	3083	3112	2
chr3	2512	2580	2
chr3	478	494	2
chr3	512	542	2
chr3	260	305	2
chr3	2598	2644	2
chr3	1326	1386	2
chr3	2645	2681	2
chr3	1591	1628	2
chr3	1828	1854	2
chr3	2822	2864	2
chr3	1872	1872	2
chr3	3143	3171	2
chr3	2142	2169	2
chr3	650	676	2
chr3	543	649	2
chr3	1958	1991	2
chr3	1629	1738	2
chr3	2865	2924	2
chr3	3870	3883	2
chr3	2581	2597	2
chr3	1992	2032	3
chr3	2760	2781	3
chr3	3587	3652	3
chr3	2107	2141	3
chr3	3222	3302	3
chr3	786	855	3
chr3	2713	2759	3
chr3	1249	1284	3
chr3	1285	1325	3
chr3	2984	3046	3
chr3	966	1004	3
chr3	327	400	3
chr3	2274	2312	3
chr3	1005	1063	3
chr3	2782	2821	3
chr3	1135	1170	3
chr3	177	259	3
chr3	1402	1435	3
chr3	1064	1134	3
chr3	90	176	3
chr3	1	89	4
chr3	741	785	4
chr3	2925	2983	4
chr3	3530	3586	4
chr3	3450	3529	4
chr3	901	965	4
chr3	677	740	4
chr3	3393	3449	4
chr4	1537	1567	1
chr4	2679	2800	1
chr4	2014	2083	1
chr4	2312	2390	1
chr4	2141	2177	1
chr4	540	616	1
chr4	1011	1039	1
chr4	984	1010	1
chr4	755	819	1
chr4	3482	3547	1
chr4	2218	2220	1
chr4	1988	2014	1
chr4	455	512	1
chr4	2802	2832	1
chr4	2221	2223	1
chr4	3040	3097	1
chr4	2600	2678	1
chr4	511	540	1
chr4	3505	3548	1
chr4	2178	2224	1
chr4	513	540	1
chr4	1589	1591	1
chr4	2143	2176	1
chr4	1517	1536	1
chr4	3482	3504	1
chr4	2392	2453	1
chr4	1056	1102	1
chr4	1717	1749	1
chr4	988	993	1
chr4	2495	2526	1
chr4	1485	1515	1
chr4	1230	1309	1
chr4	1590	1590	1
chr4	273	314	1
chr4	3549	3639	1
chr4	3481	3547	1
chr4	2922	2938	1
chr4	1104	1158	1
chr4	3275	3320	1
chr4	1515	1536	1
chr4	1671	1716	1
chr4	2490	2492	1
chr4	3098	3108	1
chr4	3109	3188	1
chr4	657	755	1
chr4	1903	1985	1
chr4	3482	3500	1
chr4	2527	2577	1
chr4	2277	2311	1
chr4	1903	1986	1
chr4	315	351	1
chr4	2313	2390	1
chr4	454	514	1
chr4	2454	2489	1
chr4	1591	1645	1
chr4	3417	3480	1
chr4	1902	1985	1
chr4	1715	1750	1
chr4	838	892	1
chr4	2278	2312	1
chr4	3685	3740	1
chr4	2145	2176	1
chr4	2225	2276	1
chr4	272	316	1
chr4	2143	2177	1
chr4	2392	2452	1
chr4	3501	3504	1
chr4	994	1010	1
chr4	1594	1645	1
chr4	3641	3684	1
chr4	2084	2144	1
chr4	1685	1715	1
chr4	836	837	1
chr4	3024	3038	1
chr4	2453	2494	1
chr4	2493	2525	1
chr4	196	260	1
chr4	127	193	1
chr4	273	351	1
chr4	3039	3108	1
chr4	1011	1037	1
chr4	2938	2964	1
chr4	1903	1987	1
chr4	1537	1568	1
chr4	614	655	1
chr4	1801	1902	1
chr4	2600	2676	1
chr4	1750	1801	1
chr4	438	453	1
chr4	2922	2937	1
chr4	2225	2277	1
chr4	1684	1684	1
chr4	1039	1053	1
chr4	3189	3207	1
chr4	2084	2140	1
chr4	617	653	1
chr4	1593	1646	1
chr4	893	983	1
chr4	3322	3415	1
chr4	3548	3639	1
chr4	820	835	1
chr4	1040	1102	1
chr4	512	540	1
chr4	1646	1670	1
chr4	3505	3547	1
chr4	1039	1102	1
chr4	127	194	1
chr4	1516	1535	1
chr4	1054	1055	1
chr4	2453	2495	1
chr4	1647	1669	1
chr4	2677	2801	1
chr4	1670	1683	1
chr4	2498	2525	1
chr4	541	613	1
chr4	1568	1592	1
chr4	2901	2921	1
chr4	1569	1589	1
chr4	2496	2525	1
chr4	1159	1229	1
chr4	3743	3821	1
chr4	1568	1588	1
chr4	541	612	1
chr4	2678	2800	1
chr4	652	755	1
chr4	1592	1645	1
chr4	3685	3742	1
chr4	654	755	1
chr4	656	754	1
chr4	2832	2900	1
chr4	3321	3416	1
chr4	3274	3321	1
chr4	3639	3684	1
chr4	2177	2217	1
chr4	3548	3638	1
chr4	515	539	1
chr4	1569	1593	1
chr4	2678	2801	1
chr4	262	271	1
chr4	541	616	1
chr4	3208	3273	1
chr4	260	272	1
chr4	613	651	1
chr4	196	258	1
chr4	1038	1052	1
chr4	3548	3640	1
chr4	273	316	1
chr4	1987	2013	1
chr4	2939	2964	1
chr4	1517	1535	1
chr4	195	259	1
chr4	194	258	1
chr4	1056	1103	1
chr4	2802	2831	1
chr4	2178	2223	1
chr4	3741	3821	1
chr4	1485	1514	1
chr4	1536	1568	1
chr4	455	510	1
chr4	1536	1567	1
chr4	1716	1750	1
chr4	261	261	1
chr4	455	511	1
chr4	2453	2497	1
chr4	1802	1901	1
chr4	617	656	1
chr4	3416	3481	1
chr4	2177	2224	1
chr4	1715	1800	1
chr4	1053	1055	1
chr4	2391	2452	2
chr4	2965	3023	2
chr4	80	125	2
chr4	1369	1430	2
chr4	2964	3023	2
chr4	3322	3416	2
chr4	1751	1801	2
chr4	80	126	2
chr4	1	65	2
chr4	2600	2677	2
chr4	1485	1516	2
chr4	2278	2311	2
chr4	2937	2963	2
chr4	126	195	2
chr4	988	1010	2
chr4	3040	3108	2
chr4	3275	3321	2
chr4	1	63	2
chr4	66	79	2
chr4	2922	2936	2
chr4	3685	3741	2
chr4	1370	1430	2
chr4	1310	1369	2
chr4	3417	3481	2
chr4	1646	1669	2
chr4	3742	3821	2
chr4	2801	2832	2
chr4	1802	1902	2
chr4	1310	1368	2
chr4	2224	2277	2
chr4	3640	3684	2
chr4	259	272	2
chr4	2312	2391	2
chr4	1011	1038	2
chr4	2084	2142	2
chr4	1670	1714	2
chr4	317	351	2
chr4	1986	2014	2
chr4	64	79	2
chr4	3191	3207	3
chr4	2526	2577	3
chr4	1159	1227	3
chr4	820	892	3
chr4	1228	1309	3
chr4	438	454	3
chr4	1103	1158	3
chr4	2015	2083	3
chr4	2833	2901	3
chr4	3208	3274	3
chr4	3109	3190	3
chr4	3024	3039	3
chr4	756	819	3
chr4	2902	2921	3
chr4	893	987	3
chr4	352	437	4
chr4	1431	1484	4
chr4	2578	2599	4
chr5	870	944	1
chr5	1890	1916	1
chr5	333	358	1
chr5	537	565	1
chr5	2150	2233	1
chr5	1453	1484	1
chr5	944	973	1
chr5	2793	2793	1
chr5	1734	1812	1
chr5	333	361	1
chr5	1733	1812	1
chr5	1756	1813	1
chr5	1552	1612	1
chr5	566	629	1
chr5	2434	2457	1
chr5	2671	2691	1
chr5	297	332	1
chr5	359	361	1
chr5	727	786	1
chr5	3551	3619	1
chr5	975	1046	1
chr5	2368	2433	1
chr5	539	563	1
chr5	726	785	1
chr5	2751	2795	1
chr5	989	989	1
chr5	945	972	1
chr5	1367	1397	1
chr5	1310	1367	1
chr5	3174	3195	1
chr5	822	839	1
chr5	287	297	1
chr5	2632	2669	1
chr5	3261	3353	1
chr5	1733	1754	1
chr5	1236	1282	1
chr5	1658	1733	1
chr5	974	1045	1
chr5	2216	2216	1
chr5	3503	3551	1
chr5	1485	1527	1
chr5	787	819	1
chr5	1528	1551	1
chr5	990	1045	1
chr5	1917	1967	1
chr5	480	536	1
chr5	334	434	1
chr5	3086	3142	1
chr5	2844	2918	1
chr5	1283	1300	1
chr5	1164	1193	1
chr5	296	332	1
chr5	943	974	1
chr5	786	821	1
chr5	1565	1612	1
chr5	1088	1132	1
chr5	630	727	1
chr5	483	536	1
chr5	335	363	1
chr5	2750	2795	1
chr5	1367	1422	1
chr5	3353	3400	1
chr5	1525	1552	1
chr5	1046	1087	1
chr5	2670	2690	1
chr5	1368	1423	1
chr5	1420	1453	1
chr5	2692	2748	1
chr5	1733	1755	1
chr5	364	435	1
chr5	3401	3436	1
chr5	478	538	1
chr5	298	334	1
chr5	1916	1967	1
chr5	787	820	1
chr5	3402	3419	1
chr5	1369	1419	1
chr5	630	726	1
chr5	538	566	1
chr5	435	482	1
chr5	2616	2632	1
chr5	1814	1888	1
chr5	2794	2842	1
chr5	1237	1281	1
chr5	288	298	1
chr5	728	785	1
chr5	1918	1967	1
chr5	3142	3174	1
chr5	299	333	1
chr5	537	567	1
chr5	1455	1483	1
chr5	1756	1756	1
chr5	2616	2631	1
chr5	1916	1966	1
chr5	564	629	1
chr5	2749	2792	1
chr5	156	208	1
chr5	568	629	1
chr5	3436	3501	1
chr5	1194	1235	1
chr5	1454	1484	1
chr5	2797	2843	1
chr5	567	629	1
chr5	3354	3401	1
chr5	944	974	1
chr5	485	537	1
chr5	436	479	1
chr5	1301	1368	1
chr5	3502	3550	1
chr5	2149	2215	1
chr5	2300	2367	1
chr5	2217	2233	1
chr5	973	988	1
chr5	3142	3173	1
chr5	1484	1524	1
chr5	1967	2054	1
chr5	2234	2299	1
chr5	1424	1452	1
chr5	975	1045	1
chr5	2843	2918	1
chr5	786	819	1
chr5	3402	3436	1
chr5	838	869	1
chr5	1889	1917	1
chr5	1398	1423	1
chr5	208	286	1
chr5	821	837	1
chr5	2633	2670	1
chr5	1757	1812	1
chr5	104	136	1
chr5	1424	1451	1
chr5	840	869	1
chr5	2055	2149	1
chr5	3420	3436	1
chr5	1047	1088	1
chr5	3437	3502	1
chr5	1452	1484	1
chr5	1046	1088	1
chr5	1968	2054	1
chr5	435	477	1
chr5	2750	2796	1
chr5	1553	1564	1
chr5	3018	3085	1
chr5	726	786	1
chr5	288	295	1
chr5	1090	1132	1
chr5	2691	2750	1
chr5	1423	1454	1
chr5	1196	1236	1
chr5	1755	1755	1
chr5	3085	3142	1
chr5	435	484	1
chr5	156	207	1
chr5	287	296	1
chr5	3402	3435	1
chr5	1	103	1
chr5	1164	1195	1
chr5	1046	1089	1
chr5	870	942	1
chr5	209	286	1
chr5	1310	1366	2
chr5	2844	2919	2
chr5	3143	3174	2
chr5	1133	1163	2
chr5	2519	2536	2
chr5	3353	3401	2
chr5	2669	2691	2
chr5	2692	2749	2
chr5	871	943	2
chr5	1165	1195	2
chr5	1133	1164	2
chr5	1196	1235	2
chr5	2616	2633	2
chr5	2041	2054	2
chr5	209	287	2
chr5	1526	1552	2
chr5	3437	3501	2
chr5	3502	3551	2
chr5	362	434	2
chr5	1553	1612	2
chr5	1236	1281	2
chr5	2149	2233	2
chr5	2458	2519	2
chr5	3085	3141	2
chr5	155	208	2
chr5	1485	1525	2
chr5	1890	1915	2
chr5	137	154	2
chr5	840	870	2
chr5	1089	1132	2
chr5	2458	2518	2
chr5	630	725	2
chr5	2920	2974	2
chr5	2796	2843	2
chr5	1968	2040	2
chr5	2634	2668	2
chr5	2919	2974	2
chr5	2520	2536	2
chr5	820	839	2
chr5	137	155	2
chr5	2234	2297	3
chr5	3175	3195	3
chr5	1282	1309	3
chr5	3018	3084	3
chr5	105	136	3
chr5	2435	2457	3
chr5	1658	1732	3
chr5	1813	1889	3
chr5	2055	2148	3
chr5	2368	2434	3
chr5	1	104	3
chr5	2298	2367	3
chr5	3552	3619	3
chr5	3261	3352	3
chr5	2537	2615	4
chr5	3196	3260	4
chr5	2975	3017	4
chr5	1613	1632	4
chr5	1633	1657	4
chr6	2106	2130	1
chr6	2856	2953	1
chr6	2608	2643	1
chr6	1916	1943	1
chr6	1684	1722	1
chr6	2856	2871	1
chr6	2458	2510	1
chr6	2644	2687	1
chr6	832	886	1
chr6	2508	2526	1
chr6	520	560	1
chr6	2875	2953	1
chr6	2136	2163	1
chr6	2347	2380	1
chr6	749	831	1
chr6	1	54	1
chr6	2953	2979	1
chr6	81	104	1
chr6	3037	3094	1
chr6	2457	2507	1
chr6	1662	1682	1
chr6	1999	2106	1
chr6	561	600	1
chr6	2874	2953	1
chr6	332	402	1
chr6	2458	2509	1
chr6	3335	3422	1
chr6	3192	3220	1
chr6	632	665	1
chr6	1222	1288	1
chr6	2198	2218	1
chr6	2107	2134	1
chr6	520	559	1
chr6	604	630	1
chr6	77	78	1
chr6	2197	2217	1
chr6	1684	1721	1
chr6	105	133	1
chr6	666	747	1
chr6	2197	2248	1
chr6	2508	2525	1
chr6	1290	1351	1
chr6	584	602	1
chr6	1948	1998	1
chr6	1287	1351	1
chr6	1458	1486	1
chr6	2382	2456	1
chr6	559	603	1
chr6	2107	2135	1
chr6	2347	2381	1
chr6	944	1013	1
chr6	1421	1435	1
chr6	156	225	1
chr6	2874	2952	1
chr6	2954	2979	1
chr6	602	631	1
chr6	1283	1286	1
chr6	1289	1351	1
chr6	2135	2163	1
chr6	2198	2247	1
chr6	559	582	1
chr6	1946	1999	1
chr6	748	832	1
chr6	2554	2607	1
chr6	226	270	1
chr6	601	630	1
chr6	1435	1459	1
chr6	271	330	1
chr6	1944	1999	1
chr6	1290	1350	1
chr6	921	941	1
chr6	2376	2380	1
chr6	2736	2766	1
chr6	2688	2714	1
chr6	920	943	1
chr6	1528	1613	1
chr6	2133	2133	1
chr6	2527	2554	1
chr6	1459	1486	1
chr6	2767	2855	1
chr6	79	103	1
chr6	583	583	1
chr6	363	364	1
chr6	1614	1683	1
chr6	2347	2375	1
chr6	2131	2134	1
chr6	2510	2526	1
chr6	2555	2643	1
chr6	2107	2132	1
chr6	331	361	1
chr6	332	362	1
chr6	1436	1486	1
chr6	1946	1998	1
chr6	560	601	1
chr6	1014	1041	1
chr6	2511	2525	1
chr6	1661	1683	1
chr6	2458	2507	1
chr6	3221	3334	1
chr6	1187	1221	1
chr6	2219	2248	1
chr6	1435	1458	1
chr6	1722	1757	1
chr6	1528	1612	1
chr6	56	76	1
chr6	2687	2714	1
chr6	2218	2248	1
chr6	2135	2164	1
chr6	1999	2105	1
chr6	1487	1526	1
chr6	2872	2874	1
chr6	887	920	1
chr6	1486	1526	1
chr6	55	80	1
chr6	1613	1682	1
chr6	1614	1661	1
chr6	1916	1947	1
chr6	603	630	1
chr6	1222	1282	1
chr6	2134	2164	1
chr6	1351	1420	1
chr6	332	361	1
chr6	2527	2553	1
chr6	2347	2457	1
chr6	2248	2287	1
chr6	2736	2855	1
chr6	1435	1454	1
chr6	1614	1660	1
chr6	1455	1457	1
chr6	2980	3036	1
chr6	2980	3035	1
chr6	1072	1186	1
chr6	1460	1485	1
chr6	2687	2715	2
chr6	2872	2873	2
chr6	56	80	2
chr6	2857	2871	2
chr6	1527	1613	2
chr6	2600	2643	2
chr6	495	519	2
chr6	3095	3168	2
chr6	2526	2554	2
chr6	494	519	2
chr6	362	364	2
chr6	1487	1527	2
chr6	1916	1945	2
chr6	2716	2735	2
chr6	81	103	2
chr6	2381	2457	2
chr6	3095	3169	2
chr6	2981	3035	2
chr6	2715	2735	2
chr6	403	493	2
chr6	749	832	2
chr6	2768	2856	2
chr6	2165	2197	2
chr6	520	558	2
chr6	2164	2196	2
chr6	3170	3191	2
chr6	2954	2980	2
chr6	403	494	2
chr6	2000	2106	2
chr6	2736	2767	2
chr6	3169	3191	2
chr6	1683	1722	2
chr6	2555	2599	2
chr6	920	941	2
chr6	1222	1289	2
chr6	666	748	3
chr6	3036	3094	3
chr6	887	919	3
chr6	631	665	3
chr6	104	133	3
chr6	1421	1434	3
chr6	2644	2686	3
chr6	156	224	3
chr6	3334	3422	3
chr6	1	55	3
chr6	1352	1420	3
chr6	2249	2287	3
chr6	1723	1757	3
chr6	365	402	3
chr6	1188	1221	3
chr6	3222	3333	3
chr6	833	886	3
chr6	942	1012	3
chr6	271	331	3
chr6	1072	1187	3
chr6	1013	1041	3
chr6	225	270	3
chr6	3192	3221	3
chr6	134	155	4
chr6	1758	1810	4
chr6	1827	1915	4
chr6	1042	1071	4
chr6	2288	2346	4
chr6	1811	1826	4
chr7	1855	1908	1
chr7	2774	2808	1
chr7	1974	2045	1
chr7	1288	1305	1
chr7	536	570	1
chr7	444	464	1
chr7	1833	1908	1
chr7	1973	2044	1
chr7	399	400	1
chr7	1521	1540	1
chr7	1108	1127	1
chr7	445	505	1
chr7	2808	2833	1
chr7	340	350	1
chr7	2879	2973	1
chr7	2624	2690	1
chr7	1211	1227	1
chr7	1129	1173	1
chr7	2428	2461	1
chr7	2877	2975	1
chr7	1212	1238	1
chr7	1544	1604	1
chr7	728	769	1
chr7	2559	2623	1
chr7	1335	1448	1
chr7	1005	1027	1
chr7	1814	1854	1
chr7	2463	2558	1
chr7	1213	1287	1
chr7	570	617	1
chr7	1127	1174	1
chr7	1853	1908	1
chr7	303	303	1
chr7	1174	1212	1
chr7	1624	1652	1
chr7	1	113	1
chr7	1544	1603	1
chr7	2836	2841	1
chr7	1173	1211	1
chr7	1306	1333	1
chr7	1103	1126	1
chr7	542	569	1
chr7	1973	2045	1
chr7	1287	1303	1
chr7	2974	3017	1
chr7	1288	1303	1
chr7	2878	2974	1
chr7	1239	1287	1
chr7	1228	1286	1
chr7	233	241	1
chr7	2428	2462	1
chr7	620	646	1
chr7	506	541	1
chr7	571	571	1
chr7	2807	2832	1
chr7	1228	1287	1
chr7	960	1004	1
chr7	647	649	1
chr7	1028	1102	1
chr7	1447	1520	1
chr7	2045	2159	1
chr7	723	769	1
chr7	2975	3019	1
chr7	2832	2841	1
chr7	1667	1740	1
chr7	1668	1740	1
chr7	399	444	1
chr7	244	340	1
chr7	2808	2831	1
chr7	1447	1519	1
chr7	2843	2877	1
chr7	1334	1444	1
chr7	341	351	1
chr7	3020	3050	1
chr7	506	569	1
chr7	2974	3018	1
chr7	2842	2878	1
chr7	2263	2336	1
chr7	570	618	1
chr7	618	726	1
chr7	1127	1173	1
chr7	2693	2773	1
chr7	1445	1519	1
chr7	1604	1650	1
chr7	140	165	1
chr7	1305	1334	1
chr7	1651	1666	1
chr7	166	233	1
chr7	3019	3050	1
chr7	304	338	1
chr7	1128	1172	1
chr7	1652	1665	1
chr7	1814	1852	1
chr7	1107	1128	1
chr7	244	302	1
chr7	619	722	1
chr7	2045	2158	1
chr7	339	351	1
chr7	1604	1623	1
chr7	3018	3050	1
chr7	1606	1652	1
chr7	2833	2877	1
chr7	1542	1603	1
chr7	2756	2774	1
chr7	3021	3050	1
chr7	533	535	1
chr7	1854	1908	1
chr7	346	350	1
chr7	1653	1667	1
chr7	618	727	1
chr7	1212	1227	1
chr7	905	959	1
chr7	1028	1106	1
chr7	1667	1741	1
chr7	650	721	1
chr7	1541	1605	1
chr7	727	769	1
chr7	2624	2692	1
chr7	571	619	1
chr7	2976	3020	1
chr7	1521	1541	1
chr7	1974	2044	1
chr7	1175	1210	1
chr7	1814	1853	1
chr7	234	241	1
chr7	444	463	1
chr7	2159	2262	1
chr7	1605	1622	1
chr7	1108	1126	1
chr7	506	570	1
chr7	1288	1304	1
chr7	1174	1211	1
chr7	2775	2806	1
chr7	506	532	1
chr7	2691	2755	1
chr7	2836	2842	1
chr7	114	139	1
chr7	722	769	1
chr7	445	460	1
chr7	1666	1741	1
chr7	1814	1832	1
chr7	461	463	1
chr7	2842	2876	1
chr7	2809	2833	1
chr7	1653	1666	1
chr7	401	444	1
chr7	1449	1520	1
chr7	465	505	1
chr7	2878	2973	1
chr7	1623	1651	1
chr7	572	617	1
chr7	340	345	1
chr7	1909	1972	2
chr7	842	878	2
chr7	2774	2807	2
chr7	352	398	2
chr7	2337	2426	2
chr7	2692	2773	2
chr7	2046	2159	2
chr7	802	841	2
chr7	233	339	2
chr7	2624	2691	2
chr7	1335	1446	2
chr7	464	505	2
chr7	1520	1543	2
chr7	351	443	2
chr7	242	243	2
chr7	1304	1334	2
chr7	802	842	2
chr7	2427	2461	2
chr7	1742	1813	2
chr7	843	878	2
chr7	2834	2835	2
chr7	1741	1813	2
chr7	1909	1973	2
chr7	2337	2427	2
chr7	1028	1107	2
chr7	2264	2336	3
chr7	2560	2623	3
chr7	2462	2559	3
chr7	166	232	3
chr7	113	140	3
chr7	2160	2263	3
chr7	1	112	3
chr7	961	1003	3
chr7	905	960	3
chr7	1004	1027	3
chr7	141	165	3
chr7	770	801	4
chr7	879	904	4
chr7	3094	3183	4
chr7	3051	3093	4
chr8	2435	2478	1
chr8	1061	1109	1
chr8	2434	2479	1
chr8	2110	2155	1
chr8	2177	2198	1
chr8	2433	2479	1
chr8	615	668	1
chr8	749	773	1
chr8	2479	2529	1
chr8	375	402	1
chr8	2669	2687	1
chr8	2157	2176	1
chr8	924	993	1
chr8	892	923	1
chr8	2624	2668	1
chr8	2797	2830	1
chr8	2688	2690	1
chr8	402	442	1
chr8	924	1060	1
chr8	1505	1515	1
chr8	1748	1817	1
chr8	1480	1505	1
chr8	774	796	1
chr8	2717	2796	1
chr8	550	614	1
chr8	796	875	1
chr8	500	528	1
chr8	1945	1977	1
chr8	878	890	1
chr8	1464	1479	1
chr8	2417	2432	1
chr8	161	249	1
chr8	2798	2828	1
chr8	2623	2670	1
chr8	2433	2478	1
chr8	1412	1462	1
chr8	2416	2428	1
chr8	2080	2156	1
chr8	2211	2290	1
chr8	1	56	1
chr8	2200	2209	1
chr8	2365	2415	1
chr8	939	1061	1
chr8	616	668	1
chr8	669	747	1
chr8	2415	2432	1
chr8	2049	2079	1
chr8	53	55	1
chr8	2110	2156	1
chr8	2201	2290	1
chr8	937	938	1
chr8	550	615	1
chr8	2480	2531	1
chr8	1818	1841	1
chr8	350	375	1
chr8	58	137	1
chr8	529	549	1
chr8	403	465	1
chr8	878	891	1
chr8	375	401	1
chr8	1463	1479	1
chr8	925	1061	1
chr8	1	52	1
chr8	669	749	1
chr8	1145	1164	1
chr8	796	890	1
chr8	1111	1144	1
chr8	2623	2665	1
chr8	138	249	1
chr8	1479	1504	1
chr8	156	249	1
chr8	250	352	1
chr8	1516	1519	1
chr8	890	924	1
chr8	2671	2692	1
chr8	2429	2433	1
chr8	994	996	1
chr8	2157	2175	1
chr8	500	548	1
chr8	135	155	1
chr8	614	668	1
chr8	1505	1520	1
chr8	1978	2049	1
chr8	2200	2210	1
chr8	1166	1188	1
chr8	2210	2291	1
chr8	2365	2414	1
chr8	1480	1504	1
chr8	2211	2291	1
chr8	1110	1143	1
chr8	349	375	1
chr8	2831	2927	1
chr8	57	135	1
chr8	2693	2716	1
chr8	2623	2669	1
chr8	797	875	1
chr8	1464	1505	1
chr8	613	668	1
chr8	2716	2797	1
chr8	2530	2622	1
chr8	796	889	1
chr8	56	136	1
chr8	2199	2210	1
chr8	2692	2715	1
chr8	1	134	1
chr8	443	465	1
chr8	1520	1590	1
chr8	2829	2927	1
chr8	1144	1165	1
chr8	748	774	1
chr8	251	349	1
chr8	549	612	1
chr8	750	773	1
chr8	1506	1519	1
chr8	2479	2530	1
chr8	137	250	1
chr8	2176	2200	1
chr8	353	374	1
chr8	349	374	1
chr8	2417	2434	1
chr8	774	795	1
chr8	1506	1520	1
chr8	2081	2155	1
chr8	550	613	1
chr8	2531	2622	1
chr8	997	1061	1
chr8	2691	2716	1
chr8	2530	2623	1
chr8	749	774	1
chr8	1	57	1
chr8	2666	2693	1
chr8	2532	2622	1
chr8	1520	1591	1
chr8	2050	2080	1
chr8	1591	1611	1
chr8	136	160	1
chr8	1062	1110	1
chr8	1165	1188	1
chr8	2670	2691	1
chr8	2480	2529	1
chr8	2694	2716	1
chr8	1371	1411	1
chr8	1464	1478	1
chr8	924	936	1
chr8	1842	1906	2
chr8	1227	1246	2
chr8	2156	2176	2
chr8	402	465	2
chr8	2365	2392	2
chr8	1284	1331	2
chr8	1907	1944	2
chr8	2393	2416	2
chr8	376	401	2
chr8	1226	1246	2
chr8	1842	1907	2
chr8	1284	1332	2
chr8	1333	1370	2
chr8	1110	1144	2
chr8	876	877	2
chr8	775	795	2
chr8	2798	2829	2
chr8	1332	1370	2
chr8	1164	1188	2
chr8	1062	1109	2
chr8	2049	2080	2
chr8	2081	2106	2
chr8	1908	1944	2
chr8	669	748	2
chr8	1521	1591	2
chr8	2291	2364	2
chr8	500	549	2
chr8	2107	2109	2
chr8	2292	2364	2
chr8	2177	2199	2
chr8	891	923	2
chr8	1189	1225	2
chr8	1145	1163	2
chr8	1189	1226	2
chr8	250	348	2
chr8	2830	2927	2
chr8	2717	2797	2
chr8	1371	1412	3
chr8	1413	1463	3
chr8	1592	1611	3
chr8	1945	1976	3
chr8	1977	2048	3
chr8	1817	1841	3
chr8	1748	1816	3
chr8	1247	1283	4
chr8	1652	1723	4
chr8	1724	1747	4
chr8	1612	1651	4
chr8	466	499	4
chr9	1914	2012	1
chr9	1507	1508	1
chr9	1732	1771	1
chr9	1877	1896	1
chr9	313	351	1
chr9	844	864	1
chr9	89	137	1
chr9	416	532	1
chr9	2288	2337	1
chr9	2519	2544	1
chr9	2340	2392	1
chr9	1770	1808	1
chr9	2545	2616	1
chr9	1809	1838	1
chr9	865	938	1
chr9	1419	1506	1
chr9	1810	1839	1
chr9	2670	2683	1
chr9	2616	2671	1
chr9	1808	1839	1
chr9	2658	2659	1
chr9	352	416	1
chr9	822	865	1
chr9	1896	1913	1
chr9	137	199	1
chr9	782	835	1
chr9	939	1316	1
chr9	1809	1839	1
chr9	1511	1554	1
chr9	623	623	1
chr9	1595	1619	1
chr9	784	842	1
chr9	2656	2672	1
chr9	2671	2683	1
chr9	2342	2391	1
chr9	1317	1417	1
chr9	843	862	1
chr9	779	843	1
chr9	1620	1732	1
chr9	1415	1477	1
chr9	751	778	1
chr9	886	940	1
chr9	2035	2065	1
chr9	943	1315	1
chr9	1620	1733	1
chr9	1509	1554	1
chr9	941	1319	1
chr9	2672	2683	1
chr9	1770	1809	1
chr9	893	937	1
chr9	2660	2670	1
chr9	1734	1769	1
chr9	751	783	1
chr9	1594	1619	1
chr9	2342	2392	1
chr9	1507	1509	1
chr9	751	774	1
chr9	2338	2391	1
chr9	1554	1593	1
chr9	1771	1807	1
chr9	351	416	1
chr9	61	88	1
chr9	88	137	1
chr9	199	258	1
chr9	938	1318	1
chr9	61	87	1
chr9	2616	2669	1
chr9	2066	2080	1
chr9	1482	1506	1
chr9	775	821	1
chr9	2673	2683	1
chr9	2546	2616	1
chr9	1511	1553	1
chr9	1316	1417	1
chr9	1319	1418	1
chr9	1897	1912	1
chr9	623	634	1
chr9	635	781	1
chr9	1478	1481	1
chr9	2468	2518	1
chr9	624	634	1
chr9	1732	1769	1
chr9	836	866	1
chr9	863	892	1
chr9	1555	1594	1
chr9	1733	1770	1
chr9	416	533	1
chr9	2067	2080	1
chr9	867	885	1
chr9	1772	1808	1
chr9	137	198	1
chr9	2288	2339	1
chr9	1840	1876	1
chr9	1839	1895	1
chr9	2617	2657	1
chr9	1320	1414	1
chr9	866	887	1
chr9	1510	1554	1
chr9	2617	2655	1
chr9	200	258	1
chr9	533	570	1
chr9	888	942	1
chr9	1418	1510	2
chr9	571	634	2
chr9	2393	2467	2
chr9	200	257	2
chr9	2546	2615	2
chr9	2684	2718	2
chr9	59	88	2
chr9	2288	2341	2
chr9	1555	1592	2
chr9	1	60	2
chr9	1896	1912	2
chr9	571	622	2
chr9	417	533	2
chr9	2247	2287	2
chr9	138	199	2
chr9	2067	2167	2
chr9	2720	2823	2
chr9	2082	2167	2
chr9	351	415	2
chr9	1593	1619	2
chr9	2081	2081	2
chr9	258	312	2
chr9	1840	1895	2
chr9	2199	2246	2
chr9	1	58	2
chr9	89	136	2
chr9	259	312	2
chr9	2248	2287	2
chr9	2392	2467	2
chr9	1620	1731	2
chr9	2199	2247	2
chr9	2684	2719	2
chr9	2719	2823	2
chr9	2468	2517	3
chr9	1913	2012	3
chr9	534	570	3
chr9	313	350	3
chr9	2518	2545	3
chr9	2035	2066	3
chr9	635	750	3
chr9	2168	2198	4
chr9	2013	2034	4
chrX	254	315	1
chrX	1236	1294	1
chrX	2620	2722	1
chrX	643	686	1
chrX	1862	1888	1
chrX	316	337	1
chrX	1777	1826	1
chrX	1	54	1
chrX	1322	1355	1
chrX	1358	1388	1
chrX	1216	1235	1
chrX	2147	2200	1
chrX	1373	1388	1
chrX	2201	2299	1
chrX	1001	1059	1
chrX	255	337	1
chrX	992	1060	1
chrX	1998	2067	1
chrX	1061	1109	1
chrX	1827	1860	1
chrX	827	872	1
chrX	2794	2861	1
chrX	1389	1419	1
chrX	1823	1861	1
chrX	254	268	1
chrX	2998	3040	1
chrX	1999	2067	1
chrX	1738	1775	1
chrX	1584	1667	1
chrX	2619	2673	1
chrX	2123	2146	1
chrX	239	253	1
chrX	1668	1688	1
chrX	939	990	1
chrX	1388	1423	1
chrX	1110	1170	1
chrX	338	406	1
chrX	480	502	1
chrX	764	826	1
chrX	1669	1691	1
chrX	2794	2856	1
chrX	1356	1372	1
chrX	2146	2202	1
chrX	1672	1672	1
chrX	2943	2977	1
chrX	1509	1550	1
chrX	1476	1509	1
chrX	1	55	1
chrX	480	501	1
chrX	177	202	1
chrX	1423	1474	1
chrX	407	436	1
chrX	1590	1668	1
chrX	939	991	1
chrX	2999	3041	1
chrX	502	613	1
chrX	2674	2722	1
chrX	939	1000	1
chrX	2795	2858	1
chrX	437	479	1
chrX	2859	2888	1
chrX	1388	1422	1
chrX	642	686	1
chrX	1550	1583	1
chrX	2204	2299	1
chrX	2978	2997	1
chrX	503	614	1
chrX	203	240	1
chrX	269	273	1
chrX	1112	1170	1
chrX	873	939	1
chrX	1389	1421	1
chrX	2862	2886	1
chrX	2944	2976	1
chrX	1915	1997	1
chrX	1689	1776	1
chrX	1692	1737	1
chrX	2146	2178	1
chrX	2574	2618	1
chrX	2301	2352	1
chrX	642	688	1
chrX	1551	1589	1
chrX	2723	2793	1
chrX	2889	2943	1
chrX	940	996	1
chrX	1171	1189	1
chrX	1295	1321	1
chrX	1420	1475	1
chrX	76	176	1
chrX	1999	2066	1
chrX	1	74	1
chrX	274	314	1
chrX	1888	1997	1
chrX	1170	1190	1
chrX	1422	1475	1
chrX	1111	1169	1
chrX	1190	1216	1
chrX	1862	1890	1
chrX	1891	1998	1
chrX	1509	1549	1
chrX	1585	1671	1
chrX	991	1059	1
chrX	1237	1294	1
chrX	1510	1549	1
chrX	1551	1581	1
chrX	615	642	1
chrX	1673	1690	1
chrX	686	764	1
chrX	1424	1475	1
chrX	2723	2794	1
chrX	2794	2887	1
chrX	1508	1550	1
chrX	315	337	1
chrX	241	253	1
chrX	75	175	1
chrX	1912	1998	1
chrX	1295	1322	1
chrX	1691	1826	1
chrX	1582	1689	1
chrX	2203	2299	1
chrX	997	1059	1
chrX	240	255	1
chrX	1475	1507	1
chrX	2146	2300	1
chrX	689	763	1
chrX	203	238	1
chrX	2887	2942	1
chrX	1191	1216	1
chrX	2857	2887	1
chrX	1	75	1
chrX	1111	1170	1
chrX	56	75	1
chrX	1861	1914	1
chrX	1060	1111	1
chrX	2179	2203	1
chrX	1690	1741	1
chrX	1742	1776	1
chrX	1777	1861	1
chrX	55	75	1
chrX	1550	1584	1
chrX	2998	3041	1
chrX	1998	2066	1
chrX	643	685	1
chrX	1889	1911	1
chrX	1323	1357	1
chrX	1776	1822	1
chrX	256	337	1
chrX	614	642	1
chrX	2999	3040	1
chrX	1827	1887	1
chrX	2977	2997	1
chrX	240	254	1
chrX	1216	1236	1
chrX	438	479	1
chrX	203	239	2
chrX	2722	2793	2
chrX	2943	2976	2
chrX	1060	1110	2
chrX	1321	1356	2
chrX	1296	1320	2
chrX	503	613	2
chrX	2068	2122	2
chrX	1191	1215	2
chrX	2888	2942	2
chrX	2620	2672	2
chrX	687	764	2
chrX	479	502	2
chrX	2067	2122	2
chrX	2673	2721	2
chrX	76	175	2
chrX	3041	3106	2
chrX	1476	1508	2
chrX	438	478	2
chrX	1171	1190	2
chrX	1237	1295	2
chrX	2977	2998	2
chrX	1217	1236	2
chrX	1373	1387	2
chrX	614	641	2
chrX	3042	3106	2
chrX	1357	1372	2
chrX	826	872	3
chrX	873	938	3
chrX	2574	2619	3
chrX	406	437	3
chrX	338	405	3
chrX	2300	2352	3
chrX	176	202	3
chrX	765	825	3
chrX	2123	2145	3
chrX	2457	2573	4
chrX	2353	2393	4
chrX	2394	2456	4
