chr1	3368	3388	1
chr1	2038	2082	1
chr1	874	889	1
chr1	4479	4494	1
chr1	2992	3020	1
chr1	4467	4477	1
chr1	2964	2995	1
chr1	4808	4833	1
chr1	346	378	1
chr1	2038	2086	1
chr1	1506	1513	1
chr1	4871	4890	1
chr1	26	34	1
chr1	2416	2429	1
chr1	3067	3102	1
chr1	2266	2290	1
chr1	2343	2370	1
chr1	77	121	1
chr1	258	276	1
chr1	4670	4689	1
chr1	1209	1225	1
chr1	4162	4195	1
chr1	1752	1788	1
chr1	3949	3974	1
chr1	1889	1899	1
chr1	806	821	1
chr1	546	591	1
chr1	3142	3200	1
chr1	524	536	1
chr1	1789	1810	1
chr1	4318	4368	1
chr1	1075	1084	1
chr1	2997	3023	1
chr1	592	628	1
chr1	4595	4629	1
chr1	4061	4087	1
chr1	3465	3481	1
chr1	2929	2959	1
chr1	3704	3713	1
chr1	4201	4234	1
chr1	4	25	1
chr1	278	337	1
chr1	483	486	1
chr1	450	486	1
chr1	1753	1788	1
chr1	2415	2426	1
chr1	759	787	1
chr1	1850	1855	1
chr1	4806	4833	1
chr1	2992	3004	1
chr1	4596	4636	1
chr1	965	1017	1
chr1	1208	1226	1
chr1	2851	2871	1
chr1	629	658	1
chr1	1822	1835	1
chr1	3104	3132	1
chr1	2343	2368	1
chr1	1147	1179	1
chr1	3367	3388	1
chr1	922	935	1
chr1	2874	2917	1
chr1	792	801	1
chr1	2038	2085	1
chr1	682	705	1
chr1	3029	3037	1
chr1	2088	2174	1
chr1	4161	4199	1
chr1	4238	4265	1
chr1	157	179	1
chr1	135	154	1
chr1	4039	4060	1
chr1	244	255	1
chr1	1329	1344	1
chr1	4495	4511	1
chr1	3202	3213	1
chr1	3850	3933	1
chr1	132	154	1
chr1	194	211	1
chr1	2920	2949	1
chr1	4212	4234	1
chr1	318	337	1
chr1	4137	4160	1
chr1	759	791	1
chr1	3695	3714	1
chr1	2259	2265	1
chr1	1253	1265	1
chr1	1227	1258	1
chr1	1432	1513	1
chr1	4238	4266	1
chr1	4845	4889	1
chr1	3539	3569	1
chr1	3659	3672	1
chr1	278	285	1
chr1	3501	3537	1
chr1	1091	1107	1
chr1	770	805	1
chr1	546	579	1
chr1	2273	2290	1
chr1	156	168	1
chr1	259	313	1
chr1	131	154	1
chr1	3695	3703	1
chr1	4162	4199	1
chr1	2961	2995	1
chr1	4230	4234	1
chr1	2976	2989	1
chr1	4254	4266	1
chr1	4576	4593	1
chr1	2038	2081	1
chr1	4942	4951	1
chr1	2877	2917	1
chr1	3850	3860	1
chr1	2908	2917	1
chr1	171	179	1
chr1	866	873	1
chr1	1184	1206	1
chr1	488	511	1
chr1	4267	4296	1
chr1	2951	2959	1
chr1	3201	3223	1
chr1	1147	1173	1
chr1	1850	1866	1
chr1	2291	2313	1
chr1	3850	3942	1
chr1	3570	3592	1
chr1	1856	1865	1
chr1	26	33	1
chr1	840	873	1
chr1	4725	4735	1
chr1	2087	2174	1
chr1	1907	1915	1
chr1	3214	3228	1
chr1	4025	4042	1
chr1	966	1017	1
chr1	2175	2184	1
chr1	1688	1715	1
chr1	3151	3182	1
chr1	483	487	1
chr1	1907	1947	1
chr1	4630	4635	1
chr1	769	787	1
chr1	1514	1572	1
chr1	3257	3266	1
chr1	629	666	1
chr1	674	679	1
chr1	1811	1821	1
chr1	3104	3126	1
chr1	1789	1798	1
chr1	4163	4199	1
chr1	3976	4011	1
chr1	922	936	1
chr1	4865	4890	1
chr1	194	210	1
chr1	673	679	1
chr1	3673	3694	1
chr1	3597	3603	1
chr1	3267	3302	1
chr1	1295	1324	1
chr1	4896	4951	1
chr1	2354	2369	1
chr1	136	154	1
chr1	1345	1359	1
chr1	672	679	1
chr1	831	852	1
chr1	4115	4119	1
chr1	1514	1522	1
chr1	4122	4142	1
chr1	4201	4229	1
chr1	874	891	1
chr1	3224	3228	1
chr1	3025	3037	1
chr1	1432	1505	1
chr1	969	1017	1
chr1	967	1017	1
chr1	2960	2974	1
chr1	659	666	1
chr1	1915	1948	1
chr1	2274	2285	1
chr1	26	73	1
chr1	2924	2958	1
chr1	1752	1787	1
chr1	3597	3604	1
chr1	4834	4865	1
chr1	822	829	1
chr1	866	872	1
chr1	379	384	1
chr1	4479	4491	1
chr1	222	243	1
chr1	3397	3447	1
chr1	3026	3040	1
chr1	2415	2429	1
chr1	2241	2258	1
chr1	3935	3942	1
chr1	659	671	1
chr1	2920	2961	1
chr1	1890	1906	1
chr1	2967	2972	1
chr1	4146	4160	1
chr1	3005	3023	1
chr1	3538	3565	1
chr1	2973	2989	1
chr1	180	193	1
chr1	1075	1086	1
chr1	3151	3200	1
chr1	831	839	1
chr1	2354	2366	1
chr1	3976	4010	1
chr1	4479	4512	1
chr1	3571	3593	1
chr1	3070	3103	1
chr1	194	209	1
chr1	2868	2907	1
chr1	629	642	1
chr1	4866	4890	1
chr1	806	810	1
chr1	244	254	1
chr1	1876	1887	1
chr1	1505	1513	1
chr1	4254	4265	1
chr1	3142	3182	1
chr1	1268	1279	1
chr1	830	864	1
chr1	4479	4493	1
chr1	12	25	1
chr1	2259	2286	1
chr1	3025	3040	1
chr1	488	536	1
chr1	546	560	1
chr1	3863	3941	1
chr1	1025	1034	1
chr1	2879	2917	1
chr1	1753	1787	1
chr1	1025	1033	1
chr1	3507	3524	1
chr1	853	865	1
chr1	547	560	1
chr1	4211	4234	1
chr1	512	523	1
chr1	812	829	1
chr1	4865	4870	1
chr1	161	168	1
chr1	4940	4951	1
chr1	3183	3200	1
chr1	27	33	1
chr1	3850	3941	1
chr1	1527	1572	1
chr1	194	208	1
chr1	2371	2426	1
chr1	1345	1360	1
chr1	1900	1906	1
chr1	4288	4296	1
chr1	4942	4950	1
chr1	258	268	1
chr1	4297	4316	1
chr1	3184	3200	1
chr1	831	873	1
chr1	2176	2211	1
chr1	3659	3694	1
chr1	2996	3020	1
chr1	2314	2332	1
chr1	625	679	1
chr1	2851	2866	1
chr1	583	591	1
chr1	3070	3102	1
chr1	3067	3103	1
chr1	258	277	1
chr1	157	169	1
chr1	467	481	1
chr1	3527	3537	1
chr1	4298	4316	1
chr1	4012	4016	2
chr1	4201	4210	2
chr1	4091	4110	2
chr1	4459	4466	2
chr1	3975	4011	2
chr1	170	179	2
chr1	585	591	2
chr1	3695	3713	2
chr1	1207	1225	2
chr1	892	903	2
chr1	2222	2240	2
chr1	3308	3361	2
chr1	338	345	2
chr1	244	257	2
chr1	512	536	2
chr1	3502	3537	2
chr1	4805	4833	2
chr1	1361	1419	2
chr1	467	482	2
chr1	806	829	2
chr1	1345	1354	2
chr1	2343	2352	2
chr1	1529	1572	2
chr1	1146	1173	2
chr1	1361	1420	2
chr1	792	805	2
chr1	564	579	2
chr1	385	400	2
chr1	287	317	2
chr1	1907	1914	2
chr1	1950	2004	2
chr1	11	25	2
chr1	338	344	2
chr1	3570	3593	2
chr1	3201	3228	2
chr1	1515	1526	2
chr1	1253	1258	2
chr1	4736	4804	2
chr1	4091	4119	2
chr1	4134	4160	2
chr1	1916	1947	2
chr1	4420	4453	2
chr1	1075	1085	2
chr1	4736	4803	2
chr1	318	322	2
chr1	385	401	2
chr1	4288	4316	2
chr1	706	731	2
chr1	4513	4524	2
chr1	4690	4724	2
chr1	1949	2004	2
chr1	3539	3565	2
chr1	2028	2036	2
chr1	4238	4253	2
chr1	2175	2185	2
chr1	2852	2870	2
chr1	487	511	2
chr1	1840	1849	2
chr1	4495	4512	2
chr1	4012	4017	2
chr1	1889	1906	2
chr1	3597	3609	2
chr1	1789	1799	2
chr1	3104	3138	2
chr1	432	447	2
chr1	2259	2272	2
chr1	1024	1034	2
chr1	3142	3150	2
chr1	2222	2231	2
chr1	4420	4466	2
chr1	4513	4525	2
chr1	4690	4723	2
chr1	4037	4042	2
chr1	1432	1504	2
chr1	432	448	2
chr1	3345	3361	2
chr1	2086	2174	2
chr1	874	903	2
chr1	4845	4864	2
chr1	706	725	2
chr1	4596	4635	2
chr1	3367	3387	2
chr1	3308	3337	2
chr1	3659	3693	2
chr1	323	337	2
chr1	2028	2035	2
chr1	1840	1866	2
chr1	923	936	2
chr1	2235	2240	2
chr1	3605	3609	2
chr1	1811	1835	3
chr1	2371	2414	3
chr1	3465	3484	3
chr1	346	384	3
chr1	1296	1344	3
chr1	4896	4939	3
chr1	4029	4036	3
chr1	4043	4060	3
chr1	4467	4478	3
chr1	4725	4734	3
chr1	2248	2258	3
chr1	1267	1280	3
chr1	2241	2246	3
chr1	4670	4685	3
chr1	1709	1715	3
chr1	4122	4133	3
chr1	1087	1107	3
chr1	76	121	3
chr1	4834	4841	3
chr1	38	73	3
chr1	3398	3448	3
chr1	4267	4287	3
chr1	4576	4587	3
chr1	4061	4076	3
chr1	1688	1708	3
chr1	3948	3974	3
chr1	1180	1206	3
chr1	4077	4087	3
chr1	187	193	3
chr1	1800	1810	3
chr1	449	466	3
chr1	1227	1252	3
chr1	4589	4593	3
chr1	2314	2333	3
chr1	2196	2212	3
chr1	1867	1887	3
chr1	3257	3302	3
chr1	2291	2306	3
chr1	681	705	3
chr1	222	237	3
chr1	4317	4368	3
chr1	1259	1265	3
chr1	592	624	3
chr1	3715	3726	4
chr1	4369	4400	4
chr1	3485	3500	4
chr1	1421	1431	4
chr1	732	758	4
chr1	2005	2027	4
chr1	958	964	4
chr1	2334	2341	4
chr1	4637	4668	4
chr1	2213	2221	4
chr1	3229	3235	4
chr1	1037	1074	4
chr1	4533	4553	4
chr1	904	921	4
chr1	421	431	4
chr1	537	545	4
chr1	1573	1687	4
chr1	3041	3066	4
chr1	1111	1145	4
chr1	1737	1751	4
chr1	3236	3256	4
chr1	3728	3849	4
chr1	405	417	4
chr1	3624	3640	4
chr1	3642	3657	4
chr1	212	221	4
chr1	3449	3464	4
chr1	1282	1294	4
chr1	938	957	4
chr1	1716	1736	4
chr1	4401	4419	4
chr1	4554	4575	4
chr1	3610	3623	4
chr10	555	574	1
chr10	1052	1081	1
chr10	911	927	1
chr10	2516	2524	1
chr10	1949	1953	1
chr10	347	371	1
chr10	1040	1050	1
chr10	2552	2600	1
chr10	1501	1511	1
chr10	911	928	1
chr10	1444	1453	1
chr10	620	669	1
chr10	1039	1051	1
chr10	940	955	1
chr10	338	346	1
chr10	2024	2030	1
chr10	1017	1038	1
chr10	745	852	1
chr10	2234	2284	1
chr10	379	423	1
chr10	2090	2104	1
chr10	960	986	1
chr10	2234	2247	1
chr10	1944	1948	1
chr10	884	910	1
chr10	1416	1443	1
chr10	2321	2332	1
chr10	1643	1717	1
chr10	2429	2434	1
chr10	1042	1050	1
chr10	1896	1906	1
chr10	1053	1080	1
chr10	991	1037	1
chr10	1964	1983	1
chr10	470	497	1
chr10	915	928	1
chr10	578	596	1
chr10	1955	1962	1
chr10	2525	2547	1
chr10	1887	1893	1
chr10	120	150	1
chr10	988	1015	1
chr10	1910	1927	1
chr10	2033	2040	1
chr10	237	290	1
chr10	2056	2078	1
chr10	424	457	1
chr10	2042	2053	1
chr10	509	538	1
chr10	2601	2674	1
chr10	1004	1015	1
chr10	719	743	1
chr10	2644	2674	1
chr10	1501	1510	1
chr10	1928	1948	1
chr10	292	303	1
chr10	2042	2046	1
chr10	124	134	1
chr10	1520	1540	1
chr10	1199	1249	1
chr10	1051	1091	1
chr10	1984	2030	1
chr10	188	229	1
chr10	1016	1050	1
chr10	509	520	1
chr10	1940	1962	1
chr10	2032	2040	1
chr10	356	371	1
chr10	2110	2165	1
chr10	498	520	1
chr10	853	880	1
chr10	2524	2598	1
chr10	2643	2679	1
chr10	613	618	1
chr10	2601	2679	1
chr10	1626	1640	1
chr10	998	1015	1
chr10	2090	2109	1
chr10	2380	2401	1
chr10	358	379	1
chr10	606	612	1
chr10	2435	2486	1
chr10	1939	1953	1
chr10	2068	2078	1
chr10	1483	1497	1
chr10	915	926	1
chr10	619	667	1
chr10	2248	2285	1
chr10	719	742	1
chr10	2124	2167	1
chr10	931	956	1
chr10	1238	1249	1
chr10	2333	2368	1
chr10	1963	1980	1
chr10	2380	2415	1
chr10	2079	2109	1
chr10	274	297	1
chr10	853	908	1
chr10	2056	2067	1
chr10	2491	2515	1
chr10	958	987	1
chr10	1093	1198	1
chr10	961	986	1
chr10	264	298	1
chr10	1627	1641	1
chr10	719	852	1
chr10	884	908	1
chr10	1028	1037	1
chr10	264	273	1
chr10	2091	2109	1
chr10	130	151	1
chr10	509	519	1
chr10	933	956	1
chr10	1052	1080	1
chr10	1199	1237	1
chr10	1483	1517	1
chr10	98	129	1
chr10	579	597	1
chr10	2482	2522	1
chr10	2380	2406	1
chr10	338	353	1
chr10	1416	1453	1
chr10	670	718	1
chr10	744	784	1
chr10	605	618	1
chr10	2	63	1
chr10	539	552	1
chr10	853	909	1
chr10	848	852	1
chr10	1233	1249	1
chr10	927	956	1
chr10	2321	2368	1
chr10	356	373	1
chr10	540	553	1
chr10	98	114	1
chr10	745	784	1
chr10	120	151	1
chr10	2047	2053	1
chr10	1910	1926	1
chr10	1520	1541	1
chr10	1887	1906	1
chr10	1500	1510	1
chr10	274	298	1
chr10	2380	2413	1
chr10	719	744	1
chr10	848	880	1
chr10	1286	1298	1
chr10	136	151	1
chr10	1238	1244	1
chr10	458	468	1
chr10	2428	2474	1
chr10	959	977	1
chr10	1956	1962	2
chr10	2325	2367	2
chr10	1416	1461	2
chr10	2435	2474	2
chr10	1792	1820	2
chr10	2032	2039	2
chr10	2552	2599	2
chr10	98	119	2
chr10	1521	1541	2
chr10	2286	2308	2
chr10	1877	1885	2
chr10	2124	2166	2
chr10	1513	1517	2
chr10	2234	2285	2
chr10	1792	1853	2
chr10	2420	2433	2
chr10	310	317	2
chr10	1313	1391	2
chr10	1963	1983	2
chr10	606	618	2
chr10	2601	2641	2
chr10	1821	1853	2
chr10	1199	1227	2
chr10	662	668	2
chr10	1888	1906	2
chr10	2042	2054	2
chr10	1764	1791	2
chr10	539	553	2
chr10	1907	1926	2
chr10	1626	1641	2
chr10	310	318	2
chr10	2057	2071	2
chr10	2525	2548	2
chr10	2286	2307	2
chr10	1764	1774	2
chr10	1454	1461	2
chr10	620	650	2
chr10	1780	1791	2
chr10	2481	2515	2
chr10	2072	2078	2
chr10	2309	2318	2
chr10	338	351	2
chr10	1483	1499	2
chr10	2516	2522	2
chr10	2309	2319	2
chr10	1876	1885	2
chr10	1314	1391	2
chr10	2417	2427	2
chr10	579	596	2
chr10	237	263	3
chr10	424	468	3
chr10	2	62	3
chr10	521	537	3
chr10	554	574	3
chr10	1285	1298	3
chr10	1648	1717	3
chr10	2110	2120	3
chr10	2079	2088	3
chr10	708	717	3
chr10	469	497	3
chr10	1092	1198	3
chr10	380	423	3
chr10	188	230	3
chr10	1928	1937	3
chr10	498	508	3
chr10	670	706	3
chr10	1991	2023	3
chr10	1252	1281	4
chr10	1403	1414	4
chr10	1542	1578	4
chr10	1854	1874	4
chr10	1579	1589	4
chr10	232	236	4
chr10	1300	1312	4
chr10	2372	2379	4
chr10	1462	1482	4
chr10	65	97	4
chr10	152	187	4
chr10	319	337	4
chr10	1392	1402	4
chr10	1721	1763	4
chr10	2168	2233	4
chr10	1592	1622	4
chr11	174	208	1
chr11	2388	2401	1
chr11	552	588	1
chr11	918	958	1
chr11	1777	1798	1
chr11	1391	1403	1
chr11	938	957	1
chr11	103	135	1
chr11	2431	2467	1
chr11	2607	2616	1
chr11	292	299	1
chr11	165	172	1
chr11	900	907	1
chr11	939	958	1
chr11	809	878	1
chr11	2471	2490	1
chr11	1871	1885	1
chr11	1180	1210	1
chr11	1503	1528	1
chr11	1924	2008	1
chr11	1239	1253	1
chr11	353	360	1
chr11	184	191	1
chr11	84	135	1
chr11	1337	1377	1
chr11	1982	2008	1
chr11	247	259	1
chr11	1742	1794	1
chr11	217	246	1
chr11	1338	1390	1
chr11	589	605	1
chr11	50	68	1
chr11	2208	2228	1
chr11	2391	2401	1
chr11	1407	1423	1
chr11	964	1016	1
chr11	45	69	1
chr11	552	606	1
chr11	552	587	1
chr11	1503	1525	1
chr11	1502	1524	1
chr11	918	927	1
chr11	1322	1336	1
chr11	808	882	1
chr11	276	286	1
chr11	678	690	1
chr11	1292	1307	1
chr11	17	32	1
chr11	735	788	1
chr11	2408	2468	1
chr11	1427	1460	1
chr11	918	933	1
chr11	380	413	1
chr11	306	352	1
chr11	1924	2009	1
chr11	2053	2117	1
chr11	2472	2495	1
chr11	918	928	1
chr11	1022	1031	1
chr11	2632	2659	1
chr11	1774	1798	1
chr11	2157	2171	1
chr11	136	163	1
chr11	84	101	1
chr11	2354	2400	1
chr11	1291	1306	1
chr11	1097	1132	1
chr11	1391	1406	1
chr11	2594	2616	1
chr11	458	551	1
chr11	528	551	1
chr11	121	128	1
chr11	2343	2353	1
chr11	1502	1528	1
chr11	52	83	1
chr11	2044	2051	1
chr11	2491	2495	1
chr11	1095	1132	1
chr11	2346	2353	1
chr11	248	268	1
chr11	628	646	1
chr11	1232	1238	1
chr11	1309	1316	1
chr11	197	208	1
chr11	2408	2467	1
chr11	908	916	1
chr11	1095	1141	1
chr11	400	408	1
chr11	1924	2017	1
chr11	2053	2143	1
chr11	677	691	1
chr11	307	352	1
chr11	1254	1279	1
chr11	938	958	1
chr11	627	646	1
chr11	2242	2274	1
chr11	1378	1390	1
chr11	2431	2469	1
chr11	1308	1315	1
chr11	1924	1978	1
chr11	1886	1911	1
chr11	1799	1859	1
chr11	4	16	1
chr11	459	526	1
chr11	1538	1546	1
chr11	2470	2495	1
chr11	78	83	1
chr11	1887	1911	1
chr11	735	777	1
chr11	1193	1210	1
chr11	2333	2341	1
chr11	1742	1773	1
chr11	900	916	1
chr11	1280	1290	1
chr11	677	699	1
chr11	130	135	1
chr11	959	1016	1
chr11	2343	2387	1
chr11	608	624	1
chr11	2207	2228	1
chr11	34	49	1
chr11	337	351	1
chr11	364	377	1
chr11	1860	1868	1
chr11	291	336	1
chr11	677	690	1
chr11	2388	2404	1
chr11	84	120	1
chr11	306	351	1
chr11	2202	2206	1
chr11	51	69	1
chr11	807	878	1
chr11	84	136	1
chr11	1463	1473	1
chr11	1096	1141	1
chr11	552	607	1
chr11	2229	2263	1
chr11	2010	2052	1
chr11	1529	1546	1
chr11	2470	2523	1
chr11	2527	2593	1
chr11	2355	2369	1
chr11	2122	2142	1
chr11	271	286	1
chr11	1462	1473	1
chr11	1707	1721	1
chr11	1309	1321	1
chr11	260	268	1
chr11	2018	2038	1
chr11	1308	1316	1
chr11	2172	2193	1
chr11	808	878	1
chr11	137	163	1
chr11	2264	2274	1
chr11	2229	2235	1
chr11	382	398	1
chr11	1776	1798	1
chr11	1724	1731	1
chr11	589	622	1
chr11	2343	2369	1
chr11	1292	1306	2
chr11	1538	1566	2
chr11	527	551	2
chr11	1474	1486	2
chr11	1212	1224	2
chr11	2371	2385	2
chr11	382	413	2
chr11	2010	2051	2
chr11	247	286	2
chr11	1649	1660	2
chr11	1568	1648	2
chr11	2229	2274	2
chr11	735	778	2
chr11	2602	2616	2
chr11	1337	1390	2
chr11	70	83	2
chr11	291	305	2
chr11	1391	1401	2
chr11	964	1015	2
chr11	1733	1741	2
chr11	1888	1911	2
chr11	1187	1210	2
chr11	1548	1566	2
chr11	1212	1220	2
chr11	1742	1766	2
chr11	137	160	2
chr11	45	49	2
chr11	883	899	2
chr11	883	916	2
chr11	2053	2152	2
chr11	1732	1741	2
chr11	1661	1671	2
chr11	2408	2430	2
chr11	184	208	2
chr11	1649	1671	2
chr11	608	625	2
chr11	2207	2227	2
chr11	1463	1486	2
chr11	626	646	2
chr11	458	526	2
chr11	1567	1647	2
chr11	1707	1731	3
chr11	2496	2523	3
chr11	2524	2593	3
chr11	2172	2206	3
chr11	1407	1426	3
chr11	2158	2171	3
chr11	1449	1460	3
chr11	164	172	3
chr11	34	44	3
chr11	1323	1336	3
chr11	242	246	3
chr11	2333	2342	3
chr11	2594	2601	3
chr11	353	377	3
chr11	1023	1032	3
chr11	1799	1868	3
chr11	1427	1443	3
chr11	1870	1885	3
chr11	3	32	3
chr11	692	699	3
chr11	959	963	3
chr11	1225	1238	3
chr11	1283	1290	3
chr11	1239	1279	3
chr11	217	236	3
chr11	1672	1706	4
chr11	1912	1923	4
chr11	2617	2631	4
chr11	414	457	4
chr11	711	731	4
chr11	1493	1500	4
chr11	1142	1179	4
chr11	700	709	4
chr11	2284	2332	4
chr11	647	676	4
chr11	2276	2283	4
chr11	209	216	4
chr12	1005	1023	1
chr12	827	848	1
chr12	1568	1597	1
chr12	503	524	1
chr12	1604	1655	1
chr12	322	366	1
chr12	1910	1919	1
chr12	264	268	1
chr12	2068	2081	1
chr12	1604	1614	1
chr12	287	295	1
chr12	1518	1547	1
chr12	827	849	1
chr12	1550	1566	1
chr12	64	79	1
chr12	1355	1368	1
chr12	106	122	1
chr12	2514	2574	1
chr12	1083	1097	1
chr12	1921	1939	1
chr12	2134	2150	1
chr12	1403	1446	1
chr12	1285	1303	1
chr12	2135	2150	1
chr12	1550	1567	1
chr12	1990	2033	1
chr12	989	1000	1
chr12	288	295	1
chr12	949	962	1
chr12	44	63	1
chr12	887	909	1
chr12	1037	1050	1
chr12	323	365	1
chr12	2289	2328	1
chr12	525	550	1
chr12	199	218	1
chr12	585	628	1
chr12	1989	2033	1
chr12	1518	1540	1
chr12	1568	1596	1
chr12	245	250	1
chr12	850	886	1
chr12	950	981	1
chr12	251	268	1
chr12	2279	2288	1
chr12	552	581	1
chr12	1123	1141	1
chr12	1051	1078	1
chr12	1910	1939	1
chr12	2476	2482	1
chr12	2491	2509	1
chr12	2136	2150	1
chr12	245	258	1
chr12	850	883	1
chr12	1271	1281	1
chr12	1432	1443	1
chr12	828	849	1
chr12	2654	2664	1
chr12	1099	1111	1
chr12	1394	1423	1
chr12	304	366	1
chr12	1394	1447	1
chr12	2289	2327	1
chr12	269	303	1
chr12	39	55	1
chr12	1799	1832	1
chr12	503	507	1
chr12	1070	1097	1
chr12	1879	1890	1
chr12	1891	1939	1
chr12	245	268	1
chr12	1864	1877	1
chr12	44	64	1
chr12	1910	1938	1
chr12	2228	2257	1
chr12	887	910	1
chr12	525	551	1
chr12	245	259	1
chr12	190	194	1
chr12	963	972	1
chr12	1257	1303	1
chr12	828	848	1
chr12	963	981	1
chr12	1144	1167	1
chr12	129	146	1
chr12	2413	2434	1
chr12	1799	1831	1
chr12	2179	2197	1
chr12	1037	1045	1
chr12	989	1035	1
chr12	1305	1342	1
chr12	2415	2482	1
chr12	2037	2082	1
chr12	1799	1834	1
chr12	659	697	1
chr12	2133	2150	1
chr12	169	184	1
chr12	39	63	1
chr12	1024	1036	1
chr12	1084	1097	1
chr12	369	394	1
chr12	1519	1540	1
chr12	2582	2625	1
chr12	1711	1725	1
chr12	1099	1122	1
chr12	1394	1400	1
chr12	1715	1726	1
chr12	1394	1443	1
chr12	2513	2572	1
chr12	1123	1138	1
chr12	3	35	1
chr12	208	217	1
chr12	190	218	1
chr12	1657	1705	1
chr12	1258	1270	1
chr12	552	557	1
chr12	2414	2434	1
chr12	1519	1547	1
chr12	1037	1046	1
chr12	2180	2191	1
chr12	2412	2429	1
chr12	2246	2258	1
chr12	129	165	1
chr12	430	453	1
chr12	2371	2411	1
chr12	1084	1096	1
chr12	147	168	1
chr12	322	365	1
chr12	2513	2573	1
chr12	367	389	1
chr12	208	215	1
chr12	1789	1831	1
chr12	1037	1049	1
chr12	2626	2652	1
chr12	1143	1163	1
chr12	262	321	1
chr12	2575	2624	1
chr12	2439	2474	1
chr12	2513	2574	1
chr12	169	189	1
chr12	1989	2023	2
chr12	1070	1078	2
chr12	989	1023	2
chr12	1373	1390	2
chr12	305	321	2
chr12	1099	1110	2
chr12	758	793	2
chr12	169	185	2
chr12	1448	1501	2
chr12	2575	2625	2
chr12	398	428	2
chr12	397	428	2
chr12	2301	2328	2
chr12	525	557	2
chr12	458	500	2
chr12	457	500	2
chr12	1604	1613	2
chr12	2162	2166	2
chr12	2168	2178	2
chr12	190	195	2
chr12	652	658	2
chr12	1541	1548	2
chr12	1711	1769	2
chr12	1142	1163	2
chr12	2067	2081	2
chr12	1372	1390	2
chr12	851	886	2
chr12	80	88	2
chr12	80	98	2
chr12	629	658	2
chr12	2180	2197	2
chr12	759	793	2
chr12	1024	1035	2
chr12	129	139	2
chr12	2289	2299	2
chr12	269	286	2
chr12	368	389	2
chr12	90	98	2
chr12	2439	2482	2
chr12	629	650	2
chr12	888	910	2
chr12	141	168	2
chr12	973	981	2
chr12	1550	1596	2
chr12	1727	1769	2
chr12	2162	2178	2
chr12	1448	1517	2
chr12	1123	1139	2
chr12	1257	1270	2
chr12	2246	2257	2
chr12	1502	1517	2
chr12	1271	1303	2
chr12	950	962	2
chr12	2228	2236	3
chr12	2486	2509	3
chr12	585	620	3
chr12	1656	1705	3
chr12	65	79	3
chr12	508	524	3
chr12	1863	1877	3
chr12	2036	2065	3
chr12	1891	1899	3
chr12	2	35	3
chr12	2273	2288	3
chr12	1789	1797	3
chr12	1616	1655	3
chr12	1878	1890	3
chr12	1112	1122	3
chr12	1304	1342	3
chr12	438	453	3
chr12	558	581	3
chr12	1354	1368	3
chr12	2367	2411	3
chr12	105	128	3
chr12	1051	1068	3
chr12	659	698	3
chr12	2151	2161	4
chr12	1836	1862	4
chr12	911	948	4
chr12	2117	2132	4
chr12	1940	1988	4
chr12	795	826	4
chr12	235	244	4
chr12	2208	2227	4
chr12	219	234	4
chr12	2084	2110	4
chr12	2354	2366	4
chr12	2329	2352	4
chr12	1168	1252	4
chr12	1770	1788	4
chr12	2198	2205	4
chr13	912	918	1
chr13	913	938	1
chr13	500	512	1
chr13	1971	1989	1
chr13	615	633	1
chr13	1553	1562	1
chr13	1991	2024	1
chr13	602	606	1
chr13	1632	1706	1
chr13	2178	2216	1
chr13	1403	1423	1
chr13	383	404	1
chr13	602	631	1
chr13	445	511	1
chr13	1039	1061	1
chr13	1525	1563	1
chr13	573	606	1
chr13	913	918	1
chr13	615	629	1
chr13	791	805	1
chr13	1256	1357	1
chr13	2157	2176	1
chr13	1164	1198	1
chr13	1222	1251	1
chr13	1076	1160	1
chr13	1730	1808	1
chr13	1425	1466	1
chr13	1076	1155	1
chr13	589	633	1
chr13	2193	2217	1
chr13	1633	1707	1
chr13	492	497	1
chr13	551	572	1
chr13	1868	1881	1
chr13	1733	1808	1
chr13	1574	1603	1
chr13	1360	1423	1
chr13	649	728	1
chr13	381	401	1
chr13	948	987	1
chr13	1165	1220	1
chr13	862	889	1
chr13	998	1004	1
chr13	1076	1161	1
chr13	923	940	1
chr13	513	534	1
chr13	445	491	1
chr13	1040	1063	1
chr13	650	729	1
chr13	1201	1220	1
chr13	1424	1466	1
chr13	405	443	1
chr13	1164	1197	1
chr13	1622	1630	1
chr13	1076	1158	1
chr13	2218	2293	1
chr13	890	946	1
chr13	1902	1923	1
chr13	1882	1901	1
chr13	793	805	1
chr13	1200	1221	1
chr13	731	790	1
chr13	973	997	1
chr13	445	490	1
chr13	445	497	1
chr13	1604	1630	1
chr13	431	442	1
chr13	1632	1707	1
chr13	2072	2155	1
chr13	730	790	1
chr13	1361	1402	1
chr13	1954	1990	1
chr13	560	571	1
chr13	1631	1708	1
chr13	498	511	1
chr13	948	967	1
chr13	948	1004	1
chr13	636	647	1
chr13	890	911	1
chr13	974	987	1
chr13	1468	1486	1
chr13	832	858	1
chr13	1200	1220	1
chr13	1954	1968	1
chr13	498	534	1
chr13	839	858	1
chr13	1605	1621	1
chr13	2007	2024	1
chr13	1487	1517	1
chr13	1567	1603	1
chr13	942	967	1
chr13	1164	1199	1
chr13	923	939	1
chr13	2193	2216	2
chr13	998	1034	2
chr13	2006	2024	2
chr13	1553	1563	2
chr13	589	599	2
chr13	1954	1965	2
chr13	1005	1034	2
chr13	833	858	2
chr13	1731	1808	2
chr13	2036	2070	2
chr13	732	790	2
chr13	902	911	2
chr13	1710	1728	2
chr13	1605	1630	2
chr13	890	901	2
chr13	793	827	2
chr13	813	827	2
chr13	1358	1402	2
chr13	649	729	2
chr13	1710	1729	2
chr13	2037	2070	2
chr13	1971	1988	2
chr13	1568	1603	2
chr13	1040	1062	2
chr13	1403	1466	2
chr13	381	403	2
chr13	516	534	2
chr13	560	572	2
chr13	859	889	3
chr13	573	588	3
chr13	1487	1518	3
chr13	1907	1923	3
chr13	2178	2191	3
chr13	636	648	3
chr13	2072	2156	3
chr13	2158	2176	3
chr13	1467	1486	3
chr13	1222	1357	3
chr13	551	559	3
chr13	405	430	3
chr13	1868	1901	3
chr13	1525	1552	3
chr13	1810	1850	4
chr13	1851	1867	4
chr13	1924	1953	4
chr13	535	550	4
chr14	1248	1277	1
chr14	1902	1918	1
chr14	1336	1364	1
chr14	1496	1506	1
chr14	1470	1490	1
chr14	1247	1276	1
chr14	1309	1329	1
chr14	1192	1199	1
chr14	1400	1429	1
chr14	1816	1833	1
chr14	2081	2120	1
chr14	1769	1808	1
chr14	1828	1848	1
chr14	2057	2080	1
chr14	1172	1190	1
chr14	1239	1246	1
chr14	1238	1246	1
chr14	2000	2043	1
chr14	1571	1584	1
chr14	1310	1328	1
chr14	2072	2080	1
chr14	1310	1329	1
chr14	1333	1356	1
chr14	916	1000	1
chr14	1791	1814	1
chr14	1431	1459	1
chr14	1193	1199	1
chr14	501	583	1
chr14	662	685	1
chr14	1642	1768	1
chr14	1172	1191	1
chr14	1056	1074	1
chr14	389	422	1
chr14	410	422	1
chr14	1815	1848	1
chr14	410	415	1
chr14	1002	1012	1
chr14	2000	2008	1
chr14	1883	1894	1
chr14	1524	1546	1
chr14	1854	1882	1
chr14	1333	1357	1
chr14	1586	1640	1
chr14	1237	1245	1
chr14	622	637	1
chr14	1869	1882	1
chr14	1310	1357	1
chr14	916	1001	1
chr14	409	422	1
chr14	1853	1918	1
chr14	1904	1918	1
chr14	1903	1940	1
chr14	2009	2043	1
chr14	1388	1392	1
chr14	1111	1139	1
chr14	662	696	1
chr14	1920	1940	1
chr14	2017	2056	1
chr14	1367	1387	1
chr14	792	906	1
chr14	1277	1296	1
chr14	800	843	1
chr14	2086	2090	1
chr14	1513	1520	1
chr14	1114	1139	1
chr14	1816	1849	1
chr14	1507	1520	1
chr14	2108	2120	1
chr14	1816	1824	1
chr14	1883	1893	1
chr14	2044	2068	1
chr14	1056	1097	1
chr14	1237	1246	1
chr14	1547	1584	1
chr14	800	907	1
chr14	1641	1768	1
chr14	799	907	1
chr14	1056	1106	1
chr14	1508	1529	1
chr14	1016	1045	1
chr14	434	475	1
chr14	1160	1171	1
chr14	1853	1893	1
chr14	1839	1848	1
chr14	2058	2068	1
chr14	1400	1459	1
chr14	1508	1520	1
chr14	792	798	1
chr14	381	404	1
chr14	1078	1106	1
chr14	2010	2043	1
chr14	1769	1789	1
chr14	1530	1543	1
chr14	1471	1506	1
chr14	1941	1998	1
chr14	381	403	1
chr14	2044	2069	1
chr14	383	404	1
chr14	2085	2104	1
chr14	416	422	1
chr14	1055	1097	1
chr14	854	907	1
chr14	383	388	1
chr14	728	754	2
chr14	584	615	2
chr14	640	660	2
chr14	1401	1459	2
chr14	639	660	2
chr14	701	726	2
chr14	1471	1491	2
chr14	727	754	2
chr14	584	600	2
chr14	1999	2008	2
chr14	755	798	2
chr14	917	1001	2
chr14	1460	1468	2
chr14	1492	1506	2
chr14	662	686	2
chr14	434	468	2
chr14	1100	1106	2
chr14	1769	1814	2
chr14	755	790	2
chr14	2071	2080	2
chr14	1180	1199	2
chr14	1641	1767	2
chr14	1110	1139	2
chr14	601	615	2
chr14	1460	1469	2
chr14	1248	1276	2
chr14	2091	2120	2
chr14	1921	1940	2
chr14	1524	1543	2
chr14	702	726	2
chr14	1571	1582	2
chr14	1278	1296	3
chr14	500	583	3
chr14	1941	1997	3
chr14	1587	1640	3
chr14	1002	1045	3
chr14	623	637	3
chr14	687	696	3
chr14	1547	1551	3
chr14	1159	1171	3
chr14	1366	1399	3
chr14	1140	1157	4
chr14	908	915	4
chr14	424	429	4
chr14	482	499	4
chr14	1222	1235	4
chr14	1202	1221	4
chr15	1200	1243	1
chr15	1547	1563	1
chr15	401	422	1
chr15	1873	1901	1
chr15	1514	1524	1
chr15	974	1050	1
chr15	1703	1715	1
chr15	1396	1416	1
chr15	1316	1324	1
chr15	456	472	1
chr15	688	705	1
chr15	544	565	1
chr15	687	698	1
chr15	456	470	1
chr15	1339	1343	1
chr15	589	608	1
chr15	1703	1714	1
chr15	1325	1332	1
chr15	1319	1324	1
chr15	898	908	1
chr15	1615	1634	1
chr15	1378	1395	1
chr15	1290	1312	1
chr15	898	919	1
chr15	1665	1678	1
chr15	1903	1968	1
chr15	817	831	1
chr15	1421	1449	1
chr15	1634	1650	1
chr15	2010	2037	1
chr15	910	919	1
chr15	472	542	1
chr15	1451	1493	1
chr15	1338	1343	1
chr15	599	608	1
chr15	688	697	1
chr15	706	749	1
chr15	860	883	1
chr15	1679	1701	1
chr15	1062	1135	1
chr15	1372	1384	1
chr15	1314	1324	1
chr15	610	636	1
chr15	1981	1993	1
chr15	898	909	1
chr15	1664	1678	1
chr15	836	859	1
chr15	807	855	1
chr15	1313	1336	1
chr15	1635	1660	1
chr15	1591	1614	1
chr15	1344	1370	1
chr15	807	831	1
chr15	1724	1788	1
chr15	1659	1674	1
chr15	687	697	1
chr15	423	452	1
chr15	609	657	1
chr15	1472	1484	1
chr15	1716	1788	1
chr15	1587	1613	1
chr15	1873	1899	1
chr15	1587	1614	1
chr15	1494	1513	1
chr15	1651	1662	1
chr15	974	1049	1
chr15	477	542	1
chr15	1969	1980	1
chr15	1872	1902	1
chr15	1664	1675	1
chr15	1494	1506	1
chr15	884	919	1
chr15	751	765	1
chr15	401	455	1
chr15	1679	1696	1
chr15	1615	1625	1
chr15	1654	1659	1
chr15	1872	1901	1
chr15	1423	1449	1
chr15	807	832	1
chr15	1325	1336	1
chr15	1419	1449	1
chr15	861	883	1
chr15	1062	1117	1
chr15	1453	1471	1
chr15	1903	1980	1
chr15	543	566	1
chr15	639	658	1
chr15	1981	2006	1
chr15	1507	1513	1
chr15	1997	2006	1
chr15	1244	1260	1
chr15	1587	1611	1
chr15	1218	1267	1
chr15	910	918	1
chr15	1325	1337	1
chr15	471	475	1
chr15	1345	1395	1
chr15	1423	1450	1
chr15	1373	1384	1
chr15	1626	1631	1
chr15	973	1050	2
chr15	1338	1370	2
chr15	1158	1199	2
chr15	1062	1116	2
chr15	1615	1631	2
chr15	1218	1243	2
chr15	1903	1979	2
chr15	1473	1484	2
chr15	1158	1189	2
chr15	781	806	2
chr15	1716	1780	2
chr15	2010	2036	2
chr15	454	471	2
chr15	1833	1871	2
chr15	861	882	2
chr15	1244	1266	2
chr15	401	452	2
chr15	1494	1512	2
chr15	1526	1545	2
chr15	478	542	2
chr15	609	636	2
chr15	835	859	2
chr15	1833	1852	2
chr15	1526	1544	2
chr15	782	806	2
chr15	1635	1652	2
chr15	637	658	2
chr15	1981	2007	2
chr15	1451	1471	2
chr15	1854	1871	2
chr15	543	567	2
chr15	1679	1700	2
chr15	1701	1715	2
chr15	659	686	2
chr15	660	686	2
chr15	1781	1788	2
chr15	1190	1199	2
chr15	1388	1395	2
chr15	600	608	2
chr15	1200	1217	3
chr15	1514	1520	3
chr15	1290	1306	3
chr15	1396	1417	3
chr15	707	765	3
chr15	884	897	3
chr15	1547	1564	3
chr15	1486	1493	3
chr15	1124	1135	3
chr15	699	705	3
chr15	1051	1061	4
chr15	766	780	4
chr15	1565	1581	4
chr15	568	588	4
chr15	1136	1157	4
chr15	1269	1289	4
chr15	920	972	4
chr15	1789	1832	4
chr16	327	391	1
chr16	455	462	1
chr16	1639	1677	1
chr16	475	491	1
chr16	135	171	1
chr16	392	415	1
chr16	473	491	1
chr16	41	61	1
chr16	222	244	1
chr16	966	974	1
chr16	298	316	1
chr16	975	999	1
chr16	249	259	1
chr16	250	280	1
chr16	1408	1414	1
chr16	27	40	1
chr16	566	589	1
chr16	245	280	1
chr16	471	491	1
chr16	576	589	1
chr16	566	575	1
chr16	135	170	1
chr16	1693	1700	1
chr16	62	71	1
chr16	1640	1679	1
chr16	1062	1071	1
chr16	1718	1731	1
chr16	620	638	1
chr16	1490	1494	1
chr16	298	317	1
chr16	1443	1487	1
chr16	1748	1755	1
chr16	230	244	1
chr16	399	408	1
chr16	684	704	1
chr16	1002	1017	1
chr16	506	562	1
chr16	1680	1716	1
chr16	1564	1619	1
chr16	399	415	1
chr16	63	90	1
chr16	1787	1795	1
chr16	2	37	1
chr16	1407	1414	1
chr16	2	26	1
chr16	1062	1109	1
chr16	1245	1328	1
chr16	208	221	1
chr16	1705	1716	1
chr16	1129	1137	1
chr16	318	327	1
chr16	1110	1127	1
chr16	330	375	1
chr16	1704	1713	1
chr16	474	491	1
chr16	928	965	1
chr16	65	71	1
chr16	424	469	1
chr16	1110	1176	1
chr16	261	280	1
chr16	684	705	1
chr16	1269	1328	1
chr16	1153	1176	1
chr16	1704	1716	1
chr16	1546	1561	1
chr16	1564	1618	1
chr16	552	562	1
chr16	392	409	1
chr16	231	239	1
chr16	1546	1552	1
chr16	376	391	1
chr16	172	206	1
chr16	231	244	1
chr16	249	280	1
chr16	1680	1690	1
chr16	75	89	1
chr16	464	469	1
chr16	990	999	1
chr16	281	295	1
chr16	1778	1786	1
chr16	281	294	1
chr16	1021	1061	1
chr16	318	328	1
chr16	63	71	1
chr16	990	1000	2
chr16	566	619	2
chr16	318	326	2
chr16	1760	1773	2
chr16	1546	1553	2
chr16	1389	1403	2
chr16	416	423	2
chr16	1505	1514	2
chr16	310	316	2
chr16	1517	1545	2
chr16	329	376	2
chr16	1246	1328	2
chr16	281	296	2
chr16	1152	1176	2
chr16	1329	1362	2
chr16	1369	1387	2
chr16	1680	1700	2
chr16	1505	1545	2
chr16	392	398	2
chr16	377	391	2
chr16	1388	1403	2
chr16	1129	1138	2
chr16	1404	1414	2
chr16	1490	1504	2
chr16	1563	1618	2
chr16	590	619	2
chr16	75	90	2
chr16	136	171	2
chr16	1748	1773	2
chr16	455	469	2
chr16	298	309	2
chr16	417	423	2
chr16	1063	1071	2
chr16	1640	1677	2
chr16	1329	1387	2
chr16	1495	1504	2
chr16	553	562	2
chr16	2	40	2
chr16	684	706	2
chr16	1110	1128	2
chr16	1717	1731	3
chr16	1001	1017	3
chr16	222	229	3
chr16	620	640	3
chr16	975	988	3
chr16	42	61	3
chr16	424	454	3
chr16	208	220	3
chr16	1072	1108	3
chr16	506	550	3
chr16	1444	1487	3
chr16	1019	1061	3
chr16	1555	1561	3
chr16	928	974	3
chr16	173	206	3
chr16	1732	1747	4
chr16	104	134	4
chr16	91	103	4
chr16	1177	1244	4
chr16	641	681	4
chr16	1621	1638	4
chr16	1418	1441	4
chr17	195	240	1
chr17	867	881	1
chr17	1477	1486	1
chr17	197	238	1
chr17	47	52	1
chr17	1285	1314	1
chr17	367	382	1
chr17	334	359	1
chr17	177	192	1
chr17	642	654	1
chr17	1445	1475	1
chr17	1555	1560	1
chr17	1176	1194	1
chr17	334	366	1
chr17	259	309	1
chr17	304	309	1
chr17	160	176	1
chr17	539	583	1
chr17	696	729	1
chr17	748	752	1
chr17	1119	1125	1
chr17	586	594	1
chr17	260	333	1
chr17	539	567	1
chr17	1507	1521	1
chr17	304	333	1
chr17	20	44	1
chr17	1511	1521	1
chr17	748	762	1
chr17	867	880	1
chr17	83	96	1
chr17	1555	1579	1
chr17	434	445	1
chr17	109	131	1
chr17	153	174	1
chr17	196	238	1
chr17	1562	1579	1
chr17	616	627	1
chr17	1320	1330	1
chr17	919	934	1
chr17	369	379	1
chr17	1240	1249	1
chr17	381	446	1
chr17	1563	1580	1
chr17	1555	1584	1
chr17	922	934	1
chr17	616	641	1
chr17	1476	1486	1
chr17	1495	1505	1
chr17	380	395	1
chr17	617	626	1
chr17	1250	1284	1
chr17	144	174	1
chr17	628	640	1
chr17	1062	1098	1
chr17	935	987	1
chr17	923	934	1
chr17	655	670	1
chr17	160	174	1
chr17	770	797	1
chr17	730	733	1
chr17	742	747	1
chr17	90	96	1
chr17	1496	1505	1
chr17	1176	1193	1
chr17	1133	1143	1
chr17	1132	1142	1
chr17	1479	1505	1
chr17	1147	1162	1
chr17	671	683	1
chr17	1446	1486	1
chr17	1349	1411	1
chr17	399	446	1
chr17	260	303	1
chr17	686	695	1
chr17	32	45	1
chr17	643	654	1
chr17	55	70	1
chr17	596	605	1
chr17	178	189	1
chr17	21	31	1
chr17	259	303	1
chr17	1133	1142	1
chr17	145	150	1
chr17	24	44	1
chr17	628	654	1
chr17	771	797	1
chr17	1127	1143	1
chr17	383	445	1
chr17	617	654	1
chr17	595	605	1
chr17	55	71	1
chr17	1285	1301	1
chr17	75	88	1
chr17	310	318	1
chr17	988	1061	1
chr17	1496	1506	1
chr17	585	594	1
chr17	108	131	1
chr17	1555	1559	1
chr17	684	752	1
chr17	383	432	1
chr17	883	918	1
chr17	1585	1593	1
chr17	923	985	1
chr17	1323	1330	1
chr17	195	238	1
chr17	24	45	1
chr17	46	71	1
chr17	73	80	1
chr17	1105	1131	1
chr17	55	72	1
chr17	1285	1300	2
chr17	144	150	2
chr17	1461	1475	2
chr17	739	747	2
chr17	755	797	2
chr17	585	605	2
chr17	371	379	2
chr17	1445	1453	2
chr17	1119	1131	2
chr17	829	856	2
chr17	867	879	2
chr17	242	258	2
chr17	539	568	2
chr17	153	159	2
chr17	1176	1210	2
chr17	243	258	2
chr17	334	360	2
chr17	46	52	2
chr17	829	864	2
chr17	936	985	2
chr17	109	142	2
chr17	684	694	2
chr17	76	96	2
chr17	1322	1330	2
chr17	132	142	2
chr17	1412	1424	2
chr17	1195	1210	2
chr17	1412	1428	2
chr17	1506	1521	2
chr17	695	729	2
chr17	177	190	2
chr17	320	333	2
chr17	1350	1411	3
chr17	1585	1592	3
chr17	1146	1163	3
chr17	1062	1097	3
chr17	882	918	3
chr17	1240	1284	3
chr17	1099	1118	3
chr17	1308	1314	3
chr17	988	1060	3
chr17	655	683	3
chr17	570	583	3
chr17	1541	1554	4
chr17	1336	1346	4
chr17	506	538	4
chr17	1215	1239	4
chr17	1530	1540	4
chr17	1164	1175	4
chr17	1429	1444	4
chr17	798	814	4
chr17	1	19	4
chr17	815	828	4
chr18	247	254	1
chr18	277	288	1
chr18	1058	1086	1
chr18	390	407	1
chr18	1037	1053	1
chr18	371	406	1
chr18	875	906	1
chr18	1438	1445	1
chr18	145	169	1
chr18	255	260	1
chr18	907	920	1
chr18	846	862	1
chr18	1491	1508	1
chr18	408	428	1
chr18	145	167	1
chr18	1299	1327	1
chr18	1089	1105	1
chr18	1143	1165	1
chr18	1298	1329	1
chr18	1510	1542	1
chr18	1138	1196	1
chr18	81	138	1
chr18	824	843	1
chr18	907	919	1
chr18	1408	1434	1
chr18	1039	1053	1
chr18	1409	1432	1
chr18	373	389	1
chr18	865	874	1
chr18	59	65	1
chr18	825	864	1
chr18	292	309	1
chr18	233	241	1
chr18	1106	1137	1
chr18	1151	1197	1
chr18	1199	1223	1
chr18	1166	1196	1
chr18	1106	1136	1
chr18	1225	1296	1
chr18	967	1034	1
chr18	1437	1445	1
chr18	1331	1363	1
chr18	265	275	1
chr18	1143	1197	1
chr18	408	430	1
chr18	1490	1507	1
chr18	371	407	1
chr18	1087	1105	1
chr18	264	276	1
chr18	1224	1295	1
chr18	145	163	1
chr18	1490	1508	1
chr18	234	241	1
chr18	825	862	1
chr18	277	309	1
chr18	967	972	1
chr18	145	168	1
chr18	371	434	1
chr18	1200	1223	1
chr18	255	276	1
chr18	1	52	1
chr18	408	429	1
chr18	691	791	1
chr18	218	233	1
chr18	824	863	1
chr18	265	276	1
chr18	277	308	2
chr18	1224	1297	2
chr18	652	688	2
chr18	471	571	2
chr18	200	215	2
chr18	472	571	2
chr18	1088	1105	2
chr18	921	940	2
chr18	234	245	2
chr18	1298	1328	2
chr18	1198	1223	2
chr18	438	470	2
chr18	439	470	2
chr18	941	960	2
chr18	1408	1433	2
chr18	968	972	2
chr18	1039	1054	2
chr18	1438	1482	2
chr18	651	688	2
chr18	1446	1482	2
chr18	1106	1135	2
chr18	907	940	2
chr18	200	211	2
chr18	255	263	2
chr18	941	961	2
chr18	218	232	3
chr18	892	906	3
chr18	1056	1086	3
chr18	865	891	3
chr18	691	792	3
chr18	1330	1363	3
chr18	1	65	3
chr18	973	1034	3
chr18	246	254	3
chr18	82	144	3
chr18	1483	1489	4
chr18	192	199	4
chr18	1364	1407	4
chr18	572	594	4
chr18	595	649	4
chr18	793	823	4
chr18	66	74	4
chr18	172	191	4
chr19	589	603	1
chr19	212	219	1
chr19	887	901	1
chr19	947	950	1
chr19	984	1012	1
chr19	337	371	1
chr19	262	292	1
chr19	802	843	1
chr19	860	872	1
chr19	212	216	1
chr19	174	184	1
chr19	351	361	1
chr19	589	662	1
chr19	94	112	1
chr19	186	219	1
chr19	686	720	1
chr19	925	942	1
chr19	589	623	1
chr19	778	798	1
chr19	909	918	1
chr19	54	65	1
chr19	185	211	1
chr19	235	260	1
chr19	1047	1086	1
chr19	605	623	1
chr19	353	371	1
chr19	799	823	1
chr19	733	774	1
chr19	800	823	1
chr19	555	603	1
chr19	285	293	1
chr19	946	966	1
chr19	946	965	1
chr19	212	220	1
chr19	555	588	1
chr19	779	797	1
chr19	38	53	1
chr19	927	942	1
chr19	372	382	1
chr19	970	982	1
chr19	1014	1044	1
chr19	605	662	1
chr19	5	25	1
chr19	86	114	1
chr19	663	669	1
chr19	337	347	1
chr19	6	25	1
chr19	799	839	1
chr19	222	232	1
chr19	675	685	1
chr19	887	917	1
chr19	352	371	1
chr19	624	662	2
chr19	394	493	2
chr19	1100	1124	2
chr19	557	588	2
chr19	927	941	2
chr19	142	167	2
chr19	161	167	2
chr19	2	25	2
chr19	142	160	2
chr19	852	859	2
chr19	286	293	2
chr19	956	966	2
chr19	95	114	2
chr19	337	348	2
chr19	853	859	2
chr19	824	842	2
chr19	394	489	2
chr19	186	211	2
chr19	887	918	2
chr19	779	798	2
chr19	1100	1123	2
chr19	733	772	3
chr19	1048	1086	3
chr19	1014	1046	3
chr19	168	184	3
chr19	970	1012	3
chr19	663	685	3
chr19	38	64	3
chr19	262	284	3
chr19	221	256	3
chr19	861	878	3
chr19	1125	1152	3
chr19	372	392	3
chr19	686	729	3
chr19	294	314	4
chr19	1087	1099	4
chr19	115	138	4
chr19	26	37	4
chr19	315	331	4
chr19	67	85	4
chr2	3348	3382	1
chr2	4412	4470	1
chr2	180	204	1
chr2	3318	3335	1
chr2	842	876	1
chr2	4035	4062	1
chr2	4470	4495	1
chr2	2694	2714	1
chr2	2034	2052	1
chr2	2410	2429	1
chr2	4531	4559	1
chr2	944	960	1
chr2	1318	1336	1
chr2	4339	4380	1
chr2	1518	1603	1
chr2	4154	4167	1
chr2	2644	2692	1
chr2	316	339	1
chr2	4036	4041	1
chr2	418	476	1
chr2	1604	1693	1
chr2	1338	1366	1
chr2	2733	2772	1
chr2	220	235	1
chr2	4689	4743	1
chr2	4043	4061	1
chr2	2496	2556	1
chr2	3168	3193	1
chr2	3673	3753	1
chr2	3219	3260	1
chr2	1729	1781	1
chr2	585	607	1
chr2	2560	2616	1
chr2	4152	4169	1
chr2	4340	4379	1
chr2	2734	2743	1
chr2	4185	4202	1
chr2	1285	1303	1
chr2	1426	1469	1
chr2	4723	4734	1
chr2	742	763	1
chr2	3960	3965	1
chr2	1261	1283	1
chr2	3384	3403	1
chr2	2145	2176	1
chr2	3219	3246	1
chr2	905	917	1
chr2	2180	2211	1
chr2	4149	4167	1
chr2	2733	2743	1
chr2	1962	1980	1
chr2	78	139	1
chr2	2145	2185	1
chr2	3219	3239	1
chr2	264	305	1
chr2	1965	1980	1
chr2	4785	4828	1
chr2	4614	4634	1
chr2	2193	2211	1
chr2	2285	2375	1
chr2	4689	4721	1
chr2	4035	4061	1
chr2	771	790	1
chr2	643	652	1
chr2	861	876	1
chr2	2216	2221	1
chr2	4690	4744	1
chr2	2253	2284	1
chr2	3974	3983	1
chr2	1	36	1
chr2	3397	3405	1
chr2	1082	1117	1
chr2	4735	4743	1
chr2	1428	1477	1
chr2	2224	2250	1
chr2	1471	1497	1
chr2	1243	1253	1
chr2	481	509	1
chr2	4670	4687	1
chr2	2618	2640	1
chr2	4565	4612	1
chr2	76	138	1
chr2	977	1014	1
chr2	309	315	1
chr2	362	371	1
chr2	4722	4743	1
chr2	1296	1316	1
chr2	2120	2144	1
chr2	2408	2429	1
chr2	2285	2371	1
chr2	520	552	1
chr2	742	790	1
chr2	340	369	1
chr2	1908	1929	1
chr2	4203	4222	1
chr2	1244	1253	1
chr2	1261	1282	1
chr2	801	851	1
chr2	4412	4469	1
chr2	4036	4042	1
chr2	4561	4574	1
chr2	961	976	1
chr2	3561	3573	1
chr2	1499	1585	1
chr2	1220	1242	1
chr2	1254	1283	1
chr2	4459	4469	1
chr2	2296	2374	1
chr2	4498	4511	1
chr2	2180	2224	1
chr2	3168	3194	1
chr2	1479	1498	1
chr2	1986	2021	1
chr2	905	916	1
chr2	4512	4560	1
chr2	3167	3193	1
chr2	481	519	1
chr2	552	558	1
chr2	3048	3058	1
chr2	4824	4835	1
chr2	3839	3860	1
chr2	1846	1929	1
chr2	976	1015	1
chr2	801	846	1
chr2	1800	1805	1
chr2	2698	2704	1
chr2	1254	1282	1
chr2	764	770	1
chr2	2296	2371	1
chr2	1082	1118	1
chr2	2145	2223	1
chr2	2452	2557	1
chr2	1472	1497	1
chr2	1712	1726	1
chr2	4639	4647	1
chr2	264	315	1
chr2	4324	4338	1
chr2	1016	1081	1
chr2	2560	2614	1
chr2	2618	2641	1
chr2	1932	1955	1
chr2	3789	3806	1
chr2	1981	2003	1
chr2	1286	1295	1
chr2	2618	2642	1
chr2	2452	2493	1
chr2	2040	2050	1
chr2	3940	3983	1
chr2	4761	4770	1
chr2	4063	4095	1
chr2	1784	1799	1
chr2	4564	4574	1
chr2	4382	4410	1
chr2	3265	3313	1
chr2	1729	1746	1
chr2	3247	3261	1
chr2	643	655	1
chr2	187	191	1
chr2	192	204	1
chr2	340	358	1
chr2	3541	3560	1
chr2	3683	3753	1
chr2	642	655	1
chr2	3985	4016	1
chr2	3619	3671	1
chr2	4669	4685	1
chr2	559	575	1
chr2	3580	3586	1
chr2	4761	4784	1
chr2	180	185	1
chr2	1932	1956	1
chr2	1591	1603	1
chr2	511	519	1
chr2	4138	4168	1
chr2	3059	3071	1
chr2	4670	4684	1
chr2	4412	4457	1
chr2	2025	2052	1
chr2	1412	1425	1
chr2	885	904	1
chr2	2251	2284	1
chr2	2377	2393	1
chr2	4413	4469	1
chr2	842	847	1
chr2	4064	4095	1
chr2	1605	1693	1
chr2	3461	3469	1
chr2	4271	4323	1
chr2	1310	1316	1
chr2	853	860	1
chr2	3959	3983	1
chr2	1479	1497	1
chr2	3673	3754	1
chr2	905	924	1
chr2	1801	1847	1
chr2	3167	3178	1
chr2	660	677	1
chr2	3462	3472	1
chr2	2715	2732	1
chr2	3925	3939	1
chr2	1986	2003	1
chr2	3958	3983	1
chr2	529	551	1
chr2	4497	4503	1
chr2	2069	2118	1
chr2	413	417	1
chr2	4565	4573	1
chr2	4471	4494	1
chr2	2618	2649	1
chr2	945	953	1
chr2	4696	4720	1
chr2	1429	1469	1
chr2	791	800	1
chr2	643	677	1
chr2	1966	1985	1
chr2	4776	4784	1
chr2	3683	3752	1
chr2	1219	1242	1
chr2	1800	1806	1
chr2	3385	3392	1
chr2	962	975	1
chr2	4669	4684	1
chr2	3580	3587	1
chr2	3179	3193	1
chr2	1783	1791	1
chr2	1499	1517	1
chr2	1933	1958	1
chr2	4017	4033	1
chr2	4271	4281	1
chr2	372	402	1
chr2	1792	1845	1
chr2	1751	1780	1
chr2	2882	2948	1
chr2	2734	2772	1
chr2	4283	4338	1
chr2	3862	3924	1
chr2	4054	4062	1
chr2	608	618	1
chr2	2215	2224	1
chr2	3219	3238	1
chr2	3348	3381	1
chr2	2069	2114	1
chr2	521	528	1
chr2	1426	1470	1
chr2	2951	2974	1
chr2	4043	4050	1
chr2	1411	1424	1
chr2	877	924	1
chr2	2145	2177	1
chr2	1960	2003	1
chr2	2040	2052	1
chr2	418	471	1
chr2	2025	2033	1
chr2	3775	3788	1
chr2	1930	1957	1
chr2	3406	3435	2
chr2	3437	3448	2
chr2	1083	1118	2
chr2	4532	4560	2
chr2	741	763	2
chr2	1808	1845	2
chr2	1219	1253	2
chr2	2998	3042	2
chr2	918	924	2
chr2	3578	3587	2
chr2	2975	2986	2
chr2	3473	3506	2
chr2	361	371	2
chr2	2988	3042	2
chr2	853	876	2
chr2	418	472	2
chr2	2025	2032	2
chr2	1254	1260	2
chr2	4097	4137	2
chr2	4340	4380	2
chr2	180	191	2
chr2	2988	2997	2
chr2	480	509	2
chr2	656	677	2
chr2	511	516	2
chr2	944	953	2
chr2	340	359	2
chr2	2559	2614	2
chr2	3461	3472	2
chr2	2694	2704	2
chr2	3397	3435	2
chr2	193	217	2
chr2	764	800	2
chr2	3437	3447	2
chr2	3125	3163	2
chr2	4648	4668	2
chr2	4785	4822	2
chr2	2438	2451	2
chr2	1158	1218	2
chr2	4498	4504	2
chr2	1412	1424	2
chr2	4271	4338	2
chr2	264	306	2
chr2	1499	1603	2
chr2	961	975	2
chr2	1695	1711	2
chr2	520	551	2
chr2	2744	2772	2
chr2	2430	2437	2
chr2	4471	4495	2
chr2	2409	2429	2
chr2	3125	3162	2
chr2	307	315	2
chr2	2068	2118	2
chr2	78	138	2
chr2	801	841	2
chr2	3342	3381	2
chr2	4069	4096	2
chr2	1286	1316	2
chr2	1159	1218	2
chr2	977	1015	2
chr2	4775	4784	2
chr2	1729	1791	2
chr2	4098	4137	2
chr2	878	904	2
chr2	3474	3506	2
chr2	2430	2451	2
chr2	2285	2295	2
chr2	2252	2284	2
chr2	1907	1929	2
chr2	1604	1711	2
chr2	2975	2987	2
chr2	4761	4769	2
chr2	206	217	2
chr2	4654	4668	2
chr2	2452	2556	2
chr2	3385	3396	2
chr2	3248	3260	2
chr2	3775	3806	3
chr2	553	558	3
chr2	3839	3861	3
chr2	4512	4530	3
chr2	2705	2714	3
chr2	3620	3671	3
chr2	1	32	3
chr2	584	607	3
chr2	412	417	3
chr2	3940	3953	3
chr2	4505	4511	3
chr2	1318	1366	3
chr2	3541	3573	3
chr2	2004	2021	3
chr2	1016	1080	3
chr2	559	580	3
chr2	2878	2949	3
chr2	372	410	3
chr2	4613	4634	3
chr2	219	236	3
chr2	2950	2974	3
chr2	4640	4647	3
chr2	2653	2693	3
chr2	3059	3072	3
chr2	4017	4027	3
chr2	4381	4411	3
chr2	1712	1727	3
chr2	4576	4612	3
chr2	954	960	3
chr2	4185	4222	3
chr2	3265	3312	3
chr2	2376	2393	3
chr2	2228	2250	3
chr2	3862	3939	3
chr2	608	619	3
chr2	3984	4016	3
chr2	3317	3335	3
chr2	2119	2144	3
chr2	316	334	3
chr2	3047	3058	3
chr2	2715	2731	3
chr2	3592	3613	4
chr2	1119	1157	4
chr2	2793	2876	4
chr2	3512	3540	4
chr2	1392	1410	4
chr2	140	178	4
chr2	4745	4760	4
chr2	1385	1391	4
chr2	38	75	4
chr2	2773	2792	4
chr2	2053	2067	4
chr2	4173	4179	4
chr2	3807	3838	4
chr2	620	632	4
chr2	3449	3460	4
chr2	3195	3217	4
chr2	1375	1383	4
chr2	3073	3124	4
chr2	925	943	4
chr2	4223	4270	4
chr2	240	263	4
chr2	678	740	4
chr2	3755	3774	4
chr20	858	866	1
chr20	233	276	1
chr20	903	926	1
chr20	1105	1112	1
chr20	189	231	1
chr20	656	667	1
chr20	1104	1112	1
chr20	857	888	1
chr20	1017	1054	1
chr20	603	625	1
chr20	858	892	1
chr20	85	91	1
chr20	894	901	1
chr20	725	741	1
chr20	1168	1210	1
chr20	454	467	1
chr20	793	841	1
chr20	857	892	1
chr20	802	841	1
chr20	395	399	1
chr20	904	916	1
chr20	123	157	1
chr20	590	655	1
chr20	746	753	1
chr20	903	916	1
chr20	74	91	1
chr20	873	892	1
chr20	1211	1229	1
chr20	160	175	1
chr20	718	724	1
chr20	669	681	1
chr20	908	926	1
chr20	189	276	1
chr20	455	467	1
chr20	435	445	1
chr20	395	412	1
chr20	725	742	1
chr20	1016	1054	1
chr20	889	892	1
chr20	473	498	1
chr20	367	393	1
chr20	725	752	1
chr20	960	971	1
chr20	434	446	1
chr20	717	724	1
chr20	473	526	1
chr20	111	122	1
chr20	500	527	1
chr20	754	792	1
chr20	589	594	1
chr20	1212	1241	1
chr20	367	394	1
chr20	725	753	1
chr20	590	625	1
chr20	589	625	1
chr20	894	902	1
chr20	630	655	1
chr20	717	723	2
chr20	95	104	2
chr20	927	952	2
chr20	417	432	2
chr20	1114	1136	2
chr20	946	952	2
chr20	368	394	2
chr20	350	366	2
chr20	1016	1044	2
chr20	277	349	2
chr20	917	926	2
chr20	413	432	2
chr20	192	276	2
chr20	454	468	2
chr20	927	945	2
chr20	801	841	2
chr20	435	446	2
chr20	1211	1242	2
chr20	629	655	2
chr20	85	104	2
chr20	893	901	2
chr20	1103	1136	2
chr20	350	360	2
chr20	282	349	2
chr20	474	527	2
chr20	1045	1054	2
chr20	755	792	3
chr20	123	175	3
chr20	1164	1210	3
chr20	110	122	3
chr20	669	678	3
chr20	401	412	3
chr20	959	971	3
chr20	656	668	3
chr20	682	691	4
chr20	1058	1099	4
chr20	842	855	4
chr20	972	988	4
chr20	2	60	4
chr20	692	711	4
chr20	1006	1014	4
chr20	176	187	4
chr20	447	453	4
chr20	989	1005	4
chr20	1137	1162	4
chr21	208	223	1
chr21	191	203	1
chr21	916	924	1
chr21	872	885	1
chr21	768	781	1
chr21	662	673	1
chr21	756	766	1
chr21	304	311	1
chr21	716	755	1
chr21	818	850	1
chr21	751	755	1
chr21	716	720	1
chr21	916	927	1
chr21	722	755	1
chr21	701	705	1
chr21	716	750	1
chr21	802	817	1
chr21	485	537	1
chr21	312	346	1
chr21	824	871	1
chr21	209	223	1
chr21	886	902	1
chr21	757	781	1
chr21	486	537	1
chr21	627	650	1
chr21	539	562	1
chr21	904	915	1
chr21	872	891	1
chr21	692	697	1
chr21	563	604	1
chr21	304	345	1
chr21	485	536	1
chr21	681	691	1
chr21	706	715	1
chr21	208	224	1
chr21	767	781	1
chr21	189	204	1
chr21	608	625	1
chr21	305	346	1
chr21	381	387	1
chr21	347	374	1
chr21	782	796	1
chr21	716	721	1
chr21	540	561	1
chr21	722	750	1
chr21	486	538	1
chr21	192	224	1
chr21	305	345	1
chr21	866	871	1
chr21	771	781	1
chr21	892	902	1
chr21	757	766	2
chr21	393	447	2
chr21	288	300	2
chr21	865	871	2
chr21	818	851	2
chr21	287	300	2
chr21	394	447	2
chr21	872	902	2
chr21	540	562	2
chr21	608	650	3
chr21	661	673	3
chr21	564	604	3
chr21	905	915	3
chr21	347	380	3
chr21	803	817	3
chr21	782	795	3
chr21	701	715	3
chr21	681	697	3
chr21	381	386	3
chr21	652	660	4
chr21	448	484	4
chr21	674	680	4
chr22	322	347	1
chr22	920	928	1
chr22	403	446	1
chr22	362	373	1
chr22	648	668	1
chr22	349	360	1
chr22	648	658	1
chr22	348	360	1
chr22	904	919	1
chr22	366	374	1
chr22	322	348	1
chr22	322	334	1
chr22	842	859	1
chr22	642	647	1
chr22	936	1003	1
chr22	639	647	1
chr22	659	669	1
chr22	735	738	1
chr22	448	473	1
chr22	861	871	1
chr22	817	826	1
chr22	394	473	1
chr22	905	918	1
chr22	641	658	1
chr22	362	376	1
chr22	792	815	1
chr22	783	816	1
chr22	569	594	1
chr22	595	634	1
chr22	715	732	1
chr22	905	928	1
chr22	502	535	1
chr22	507	535	1
chr22	378	399	1
chr22	350	361	1
chr22	761	782	1
chr22	566	593	1
chr22	348	361	1
chr22	914	935	1
chr22	930	935	1
chr22	799	841	1
chr22	784	815	1
chr22	322	333	1
chr22	362	374	1
chr22	769	782	1
chr22	595	636	1
chr22	642	658	1
chr22	827	839	1
chr22	936	943	1
chr22	920	935	1
chr22	670	714	2
chr22	595	635	2
chr22	783	791	2
chr22	873	902	2
chr22	670	713	2
chr22	400	473	2
chr22	760	782	2
chr22	659	668	2
chr22	566	594	2
chr22	817	839	2
chr22	503	535	2
chr22	395	399	2
chr22	873	903	2
chr22	337	347	2
chr22	715	738	3
chr22	944	1003	3
chr22	375	393	3
chr22	842	860	3
chr22	861	872	3
chr22	474	499	4
chr22	536	565	4
chr22	739	758	4
chr3	3650	3670	1
chr3	1133	1141	1
chr3	3356	3374	1
chr3	1339	1381	1
chr3	1041	1063	1
chr3	853	885	1
chr3	1281	1289	1
chr3	2312	2322	1
chr3	2177	2235	1
chr3	1041	1062	1
chr3	1575	1628	1
chr3	2167	2235	1
chr3	1009	1040	1
chr3	902	934	1
chr3	1515	1574	1
chr3	548	568	1
chr3	3564	3586	1
chr3	327	346	1
chr3	2985	3044	1
chr3	2168	2235	1
chr3	304	312	1
chr3	936	949	1
chr3	3888	3907	1
chr3	2470	2489	1
chr3	2598	2648	1
chr3	253	300	1
chr3	3682	3690	1
chr3	3692	3707	1
chr3	406	474	1
chr3	2557	2581	1
chr3	400	444	1
chr3	3653	3670	1
chr3	902	929	1
chr3	2547	2556	1
chr3	262	300	1
chr3	1253	1290	1
chr3	2373	2411	1
chr3	982	1003	1
chr3	496	538	1
chr3	966	980	1
chr3	361	398	1
chr3	902	930	1
chr3	139	174	1
chr3	3629	3649	1
chr3	2331	2372	1
chr3	496	539	1
chr3	188	207	1
chr3	2870	2926	1
chr3	2557	2572	1
chr3	1736	1765	1
chr3	2758	2782	1
chr3	3607	3648	1
chr3	547	568	1
chr3	2312	2371	1
chr3	984	1003	1
chr3	1951	1955	1
chr3	3739	3749	1
chr3	2687	2713	1
chr3	2985	3018	1
chr3	3045	3054	1
chr3	1068	1132	1
chr3	106	138	1
chr3	3564	3574	1
chr3	1252	1289	1
chr3	2	63	1
chr3	572	641	1
chr3	314	326	1
chr3	3714	3738	1
chr3	3377	3390	1
chr3	3114	3138	1
chr3	3819	3844	1
chr3	2558	2566	1
chr3	2373	2412	1
chr3	2820	2833	1
chr3	544	568	1
chr3	737	757	1
chr3	3301	3353	1
chr3	481	495	1
chr3	2985	3054	1
chr3	1030	1039	1
chr3	371	398	1
chr3	2820	2841	1
chr3	406	495	1
chr3	3312	3352	1
chr3	1951	1990	1
chr3	327	345	1
chr3	1516	1591	1
chr3	3207	3223	1
chr3	2179	2235	1
chr3	1041	1055	1
chr3	447	495	1
chr3	736	789	1
chr3	3225	3298	1
chr3	2582	2593	1
chr3	860	901	1
chr3	3588	3606	1
chr3	2107	2138	1
chr3	2279	2311	1
chr3	2985	3017	1
chr3	2686	2712	1
chr3	574	648	1
chr3	350	398	1
chr3	1253	1276	1
chr3	2835	2840	1
chr3	651	677	1
chr3	3783	3844	1
chr3	1464	1513	1
chr3	2514	2546	1
chr3	2413	2424	1
chr3	2312	2328	1
chr3	1871	1950	1
chr3	2330	2371	1
chr3	2168	2173	1
chr3	406	439	1
chr3	176	187	1
chr3	253	301	1
chr3	372	398	1
chr3	3868	3887	1
chr3	1172	1244	1
chr3	1253	1277	1
chr3	3589	3648	1
chr3	3851	3866	1
chr3	2468	2489	1
chr3	2282	2311	1
chr3	2649	2664	1
chr3	1142	1171	1
chr3	1057	1062	1
chr3	3575	3587	1
chr3	3657	3681	1
chr3	950	957	1
chr3	208	251	1
chr3	1592	1628	1
chr3	2426	2442	1
chr3	1281	1290	1
chr3	180	208	1
chr3	2557	2580	1
chr3	2687	2715	1
chr3	1067	1132	1
chr3	571	648	1
chr3	2686	2713	1
chr3	902	949	1
chr3	887	901	1
chr3	1031	1040	1
chr3	3045	3080	1
chr3	2928	2981	1
chr3	480	495	1
chr3	965	980	1
chr3	3414	3449	1
chr3	3708	3713	1
chr3	1058	1063	1
chr3	1031	1049	1
chr3	3147	3171	1
chr3	2616	2639	1
chr3	1747	1765	1
chr3	347	358	1
chr3	3300	3353	1
chr3	2	62	1
chr3	446	472	1
chr3	2737	2755	1
chr3	3300	3352	1
chr3	263	302	1
chr3	3534	3563	1
chr3	1326	1339	1
chr3	3650	3681	1
chr3	3888	3906	1
chr3	3376	3390	1
chr3	2168	2174	1
chr3	3403	3412	1
chr3	2312	2372	1
chr3	2525	2546	1
chr3	3172	3206	1
chr3	1629	1734	1
chr3	1871	1949	1
chr3	763	789	1
chr3	958	964	1
chr3	3630	3648	1
chr3	2443	2467	1
chr3	950	965	1
chr3	2649	2684	1
chr3	556	568	1
chr3	571	639	1
chr3	887	900	1
chr3	2414	2424	1
chr3	886	900	1
chr3	1327	1338	1
chr3	3926	3934	2
chr3	1067	1131	2
chr3	1326	1338	2
chr3	2490	2507	2
chr3	327	358	2
chr3	1403	1435	2
chr3	1575	1590	2
chr3	3673	3681	2
chr3	3564	3587	2
chr3	2511	2546	2
chr3	1872	1949	2
chr3	2835	2841	2
chr3	3035	3044	2
chr3	966	1007	2
chr3	1737	1765	2
chr3	2407	2423	2
chr3	1402	1435	2
chr3	2	64	2
chr3	2373	2399	2
chr3	2468	2485	2
chr3	1516	1574	2
chr3	2490	2508	2
chr3	3081	3109	2
chr3	935	949	2
chr3	762	789	2
chr3	3082	3109	2
chr3	3781	3844	2
chr3	2616	2643	2
chr3	1592	1627	2
chr3	3376	3389	2
chr3	2002	2029	2
chr3	176	207	2
chr3	950	964	2
chr3	2001	2030	2
chr3	3884	3906	2
chr3	3588	3628	2
chr3	496	542	2
chr3	2278	2311	2
chr3	2574	2580	2
chr3	2649	2685	2
chr3	2821	2833	2
chr3	860	885	2
chr3	3019	3033	2
chr3	736	757	2
chr3	3868	3881	3
chr3	2870	2927	3
chr3	2582	2597	3
chr3	209	251	3
chr3	2757	2782	3
chr3	2443	2466	3
chr3	3391	3412	3
chr3	106	174	3
chr3	1340	1381	3
chr3	3359	3375	3
chr3	651	678	3
chr3	2425	2442	3
chr3	3146	3171	3
chr3	2928	2974	3
chr3	3846	3866	3
chr3	304	326	3
chr3	3708	3738	3
chr3	2598	2614	3
chr3	3682	3691	3
chr3	1008	1029	3
chr3	2547	2555	3
chr3	1173	1244	3
chr3	3413	3449	3
chr3	3692	3706	3
chr3	1630	1734	3
chr3	3739	3748	3
chr3	2737	2756	3
chr3	3525	3563	3
chr3	3172	3205	3
chr3	2975	2981	3
chr3	1956	1990	3
chr3	3224	3299	3
chr3	1464	1514	3
chr3	3208	3223	3
chr3	3115	3138	3
chr3	1133	1171	3
chr3	3055	3080	3
chr3	2106	2138	3
chr3	3915	3925	4
chr3	2246	2255	4
chr3	2856	2869	4
chr3	790	851	4
chr3	1766	1811	4
chr3	2237	2245	4
chr3	2031	2104	4
chr3	1291	1324	4
chr3	95	105	4
chr3	3908	3914	4
chr3	3451	3524	4
chr3	66	87	4
chr3	3750	3774	4
chr3	1382	1401	4
chr3	88	94	4
chr3	679	735	4
chr3	2783	2819	4
chr3	2716	2735	4
chr3	1992	2000	4
chr3	1436	1463	4
chr3	2847	2855	4
chr3	2139	2164	4
chr3	2256	2268	4
chr4	1627	1646	1
chr4	896	960	1
chr4	963	994	1
chr4	3274	3320	1
chr4	542	752	1
chr4	2145	2177	1
chr4	315	350	1
chr4	667	750	1
chr4	2799	2832	1
chr4	2799	2825	1
chr4	1542	1563	1
chr4	1689	1718	1
chr4	1721	1742	1
chr4	3114	3191	1
chr4	1517	1528	1
chr4	3192	3208	1
chr4	1104	1116	1
chr4	3547	3633	1
chr4	3114	3182	1
chr4	778	818	1
chr4	1720	1747	1
chr4	2099	2128	1
chr4	3041	3092	1
chr4	3641	3677	1
chr4	3193	3208	1
chr4	87	118	1
chr4	203	208	1
chr4	188	202	1
chr4	819	851	1
chr4	491	508	1
chr4	2083	2097	1
chr4	3068	3092	1
chr4	195	202	1
chr4	542	597	1
chr4	1790	1801	1
chr4	2481	2493	1
chr4	509	516	1
chr4	1982	2009	1
chr4	542	647	1
chr4	2681	2773	1
chr4	144	178	1
chr4	1692	1718	1
chr4	1905	1921	1
chr4	2903	2920	1
chr4	1803	1902	1
chr4	2393	2452	1
chr4	2279	2314	1
chr4	2799	2835	1
chr4	1234	1309	1
chr4	3321	3420	1
chr4	310	314	1
chr4	3642	3675	1
chr4	72	84	1
chr4	1503	1513	1
chr4	727	750	1
chr4	819	893	1
chr4	2319	2384	1
chr4	2421	2452	1
chr4	80	84	1
chr4	1982	2017	1
chr4	3041	3093	1
chr4	852	894	1
chr4	2838	2889	1
chr4	1982	2008	1
chr4	3209	3268	1
chr4	180	187	1
chr4	1668	1674	1
chr4	203	254	1
chr4	3678	3687	1
chr4	89	120	1
chr4	1159	1222	1
chr4	1905	1920	1
chr4	2582	2596	1
chr4	180	184	1
chr4	327	350	1
chr4	1159	1310	1
chr4	1721	1747	1
chr4	1480	1501	1
chr4	437	454	1
chr4	2099	2177	1
chr4	2315	2384	1
chr4	62	79	1
chr4	2146	2177	1
chr4	636	719	1
chr4	777	818	1
chr4	2019	2064	1
chr4	62	70	1
chr4	1229	1309	1
chr4	417	435	1
chr4	509	529	1
chr4	1515	1536	1
chr4	1676	1684	1
chr4	2421	2454	1
chr4	963	987	1
chr4	2977	3023	1
chr4	542	603	1
chr4	374	415	1
chr4	174	179	1
chr4	2575	2602	1
chr4	351	372	1
chr4	521	541	1
chr4	132	194	1
chr4	3067	3092	1
chr4	1542	1565	1
chr4	35	60	1
chr4	3678	3684	1
chr4	635	721	1
chr4	3732	3742	1
chr4	2399	2420	1
chr4	3112	3182	1
chr4	1366	1429	1
chr4	85	120	1
chr4	3688	3702	1
chr4	2682	2773	1
chr4	3547	3631	1
chr4	1913	1980	1
chr4	3732	3741	1
chr4	144	162	1
chr4	274	309	1
chr4	2019	2081	1
chr4	2391	2420	1
chr4	1982	2018	1
chr4	3042	3065	1
chr4	2826	2832	1
chr4	895	960	1
chr4	1720	1743	1
chr4	2099	2116	1
chr4	1803	1894	1
chr4	3112	3191	1
chr4	1159	1221	1
chr4	1749	1789	1
chr4	728	752	1
chr4	2799	2833	1
chr4	2083	2128	1
chr4	1159	1309	1
chr4	3041	3065	1
chr4	174	194	1
chr4	1802	1901	1
chr4	61	70	1
chr4	1054	1103	1
chr4	990	1103	1
chr4	2977	3017	1
chr4	256	272	1
chr4	3704	3727	1
chr4	144	163	1
chr4	2144	2177	1
chr4	87	119	1
chr4	530	541	1
chr4	1	33	1
chr4	1802	1902	1
chr4	416	436	1
chr4	2392	2454	1
chr4	2780	2798	1
chr4	2525	2570	1
chr4	2604	2672	1
chr4	2122	2128	1
chr4	35	70	1
chr4	310	326	1
chr4	1667	1684	1
chr4	164	173	2
chr4	1537	1563	2
chr4	1311	1365	2
chr4	1749	1756	2
chr4	1693	1719	2
chr4	3184	3208	2
chr4	3642	3687	2
chr4	1516	1536	2
chr4	310	350	2
chr4	852	893	2
chr4	1578	1597	2
chr4	3732	3740	2
chr4	776	818	2
chr4	509	541	2
chr4	1905	1911	2
chr4	2494	2524	2
chr4	2316	2384	2
chr4	1668	1684	2
chr4	2192	2206	2
chr4	2890	2902	2
chr4	2019	2065	2
chr4	3547	3632	2
chr4	3421	3477	2
chr4	963	993	2
chr4	203	211	2
chr4	71	79	2
chr4	819	833	2
chr4	1573	1597	2
chr4	2455	2478	2
chr4	2922	2958	2
chr4	36	59	2
chr4	896	961	2
chr4	2010	2017	2
chr4	3421	3476	2
chr4	3478	3513	2
chr4	3506	3513	2
chr4	2082	2098	2
chr4	2977	3018	2
chr4	459	489	2
chr4	1464	1479	2
chr4	195	201	2
chr4	1464	1478	2
chr4	416	435	2
chr4	3479	3502	2
chr4	2495	2524	2
chr4	2922	2961	2
chr4	2682	2779	2
chr4	2455	2477	2
chr4	2583	2602	2
chr4	1055	1103	2
chr4	2192	2207	2
chr4	2890	2901	2
chr4	458	489	2
chr4	1312	1366	2
chr4	2782	2798	3
chr4	2903	2921	3
chr4	3209	3272	3
chr4	1922	1980	3
chr4	2261	2313	3
chr4	2068	2081	3
chr4	2605	2672	3
chr4	3688	3727	3
chr4	3273	3320	3
chr4	255	272	3
chr4	3322	3328	3
chr4	3329	3420	3
chr4	437	448	3
chr4	2481	2492	3
chr4	273	309	3
chr4	1502	1513	3
chr4	1626	1640	3
chr4	351	415	3
chr4	132	142	3
chr4	1367	1429	3
chr4	212	254	3
chr4	1	34	3
chr4	2837	2889	3
chr4	1484	1501	3
chr4	2525	2574	3
chr4	1757	1801	3
chr4	1104	1124	3
chr4	490	508	3
chr4	2208	2218	4
chr4	1453	1463	4
chr4	2962	2976	4
chr4	3024	3040	4
chr4	2179	2191	4
chr4	3095	3109	4
chr4	1125	1158	4
chr4	753	775	4
chr4	1598	1625	4
chr4	1430	1452	4
chr4	1647	1664	4
chr4	3514	3546	4
chr4	2230	2260	4
chr4	2219	2229	4
chr5	492	627	1
chr5	1969	2037	1
chr5	103	109	1
chr5	2743	2750	1
chr5	2300	2363	1
chr5	3355	3397	1
chr5	1600	1612	1
chr5	792	815	1
chr5	1423	1432	1
chr5	1401	1417	1
chr5	1601	1612	1
chr5	630	642	1
chr5	669	679	1
chr5	990	1044	1
chr5	1200	1234	1
chr5	2828	2846	1
chr5	1367	1379	1
chr5	2156	2230	1
chr5	3354	3397	1
chr5	2822	2827	1
chr5	3178	3189	1
chr5	2584	2610	1
chr5	2059	2149	1
chr5	900	929	1
chr5	1401	1416	1
chr5	3383	3397	1
chr5	769	779	1
chr5	1367	1397	1
chr5	1300	1311	1
chr5	541	626	1
chr5	2671	2694	1
chr5	769	786	1
chr5	1395	1416	1
chr5	3541	3551	1
chr5	2260	2289	1
chr5	492	626	1
chr5	2617	2628	1
chr5	2156	2200	1
chr5	631	642	1
chr5	1458	1522	1
chr5	1633	1659	1
chr5	3449	3475	1
chr5	35	109	1
chr5	2260	2299	1
chr5	1417	1432	1
chr5	1332	1351	1
chr5	3439	3448	1
chr5	628	653	1
chr5	1486	1511	1
chr5	3438	3468	1
chr5	1434	1455	1
chr5	158	204	1
chr5	1422	1432	1
chr5	3190	3197	1
chr5	670	689	1
chr5	437	474	1
chr5	3504	3535	1
chr5	1367	1394	1
chr5	3508	3521	1
chr5	3090	3133	1
chr5	2383	2430	1
chr5	1553	1565	1
chr5	3541	3552	1
chr5	34	109	1
chr5	1367	1378	1
chr5	1728	1760	1
chr5	1183	1193	1
chr5	780	786	1
chr5	1761	1803	1
chr5	333	344	1
chr5	3476	3485	1
chr5	1090	1111	1
chr5	1487	1518	1
chr5	685	689	1
chr5	792	834	1
chr5	1133	1182	1
chr5	1183	1194	1
chr5	2629	2667	1
chr5	3281	3352	1
chr5	2058	2142	1
chr5	989	1044	1
chr5	2867	2918	1
chr5	1614	1631	1
chr5	302	329	1
chr5	863	871	1
chr5	2300	2308	1
chr5	3541	3553	1
chr5	1312	1351	1
chr5	368	430	1
chr5	3487	3499	1
chr5	3554	3614	1
chr5	437	476	1
chr5	629	668	1
chr5	3504	3521	1
chr5	2586	2610	1
chr5	1513	1518	1
chr5	368	434	1
chr5	1660	1727	1
chr5	100	109	1
chr5	2796	2802	1
chr5	3090	3132	1
chr5	2293	2299	1
chr5	2697	2711	1
chr5	3145	3171	1
chr5	2975	2988	1
chr5	2997	3023	1
chr5	990	1041	1
chr5	280	301	1
chr5	2155	2201	1
chr5	2998	3024	1
chr5	368	435	1
chr5	302	326	1
chr5	3488	3498	1
chr5	3499	3531	1
chr5	2957	2962	1
chr5	2963	2973	1
chr5	1299	1310	1
chr5	1385	1415	1
chr5	2300	2364	1
chr5	1132	1156	1
chr5	2538	2583	1
chr5	3382	3401	1
chr5	2038	2057	1
chr5	1183	1195	1
chr5	437	626	1
chr5	368	429	1
chr5	1183	1192	1
chr5	437	530	1
chr5	2866	2917	1
chr5	1490	1522	1
chr5	989	1041	1
chr5	2260	2309	1
chr5	3178	3197	1
chr5	901	926	1
chr5	2438	2459	1
chr5	3522	3539	1
chr5	3540	3553	1
chr5	3522	3534	1
chr5	2751	2783	1
chr5	1386	1397	1
chr5	1049	1089	1
chr5	1434	1456	1
chr5	1420	1432	1
chr5	2041	2057	1
chr5	838	872	1
chr5	1921	1930	1
chr5	1969	2034	1
chr5	2156	2201	1
chr5	2260	2292	1
chr5	19	33	2
chr5	684	689	2
chr5	2847	2865	2
chr5	1133	1163	2
chr5	1	33	2
chr5	3402	3416	2
chr5	2611	2615	2
chr5	1283	1297	2
chr5	3487	3498	2
chr5	302	330	2
chr5	873	897	2
chr5	34	97	2
chr5	2847	2857	2
chr5	735	764	2
chr5	3081	3087	2
chr5	702	719	2
chr5	722	764	2
chr5	1932	1968	2
chr5	2866	2918	2
chr5	3417	3437	2
chr5	2460	2513	2
chr5	862	872	2
chr5	3417	3436	2
chr5	2585	2615	2
chr5	643	653	2
chr5	792	818	2
chr5	769	791	2
chr5	1300	1310	2
chr5	1931	1968	2
chr5	1601	1611	2
chr5	1969	2036	2
chr5	3088	3132	2
chr5	2042	2057	2
chr5	873	929	2
chr5	1434	1457	2
chr5	3403	3416	2
chr5	670	679	2
chr5	3172	3197	2
chr5	722	734	2
chr5	3354	3380	2
chr5	1331	1351	2
chr5	1524	1552	2
chr5	2310	2365	2
chr5	2058	2141	2
chr5	1	18	2
chr5	2998	3023	2
chr5	702	720	2
chr5	2461	2513	2
chr5	3438	3469	2
chr5	1523	1552	2
chr5	3081	3086	2
chr5	1283	1296	2
chr5	1049	1076	3
chr5	1090	1100	3
chr5	1633	1658	3
chr5	2686	2695	3
chr5	1105	1111	3
chr5	2552	2582	3
chr5	2202	2230	3
chr5	158	205	3
chr5	2668	2679	3
chr5	1170	1182	3
chr5	1728	1734	3
chr5	1922	1930	3
chr5	2437	2459	3
chr5	2821	2827	3
chr5	1761	1802	3
chr5	1458	1479	3
chr5	654	668	3
chr5	2616	2628	3
chr5	1735	1760	3
chr5	1200	1230	3
chr5	3136	3171	3
chr5	1077	1089	3
chr5	1553	1566	3
chr5	2638	2667	3
chr5	281	301	3
chr5	2981	2996	3
chr5	1312	1330	3
chr5	2377	2430	3
chr5	819	834	3
chr5	2696	2711	3
chr5	2832	2846	3
chr5	2538	2551	3
chr5	3477	3486	3
chr5	3281	3353	3
chr5	3470	3475	3
chr5	2957	2973	3
chr5	2751	2802	3
chr5	838	858	3
chr5	1660	1726	3
chr5	1613	1631	3
chr5	336	344	3
chr5	2975	2980	3
chr5	2514	2537	4
chr5	2367	2376	4
chr5	3025	3067	4
chr5	3198	3259	4
chr5	690	701	4
chr5	1804	1815	4
chr5	137	157	4
chr5	1352	1366	4
chr5	2712	2739	4
chr5	345	367	4
chr5	1235	1278	4
chr5	206	279	4
chr5	3260	3279	4
chr5	2804	2819	4
chr5	2919	2955	4
chr5	3068	3080	4
chr5	1112	1131	4
chr5	110	135	4
chr5	1567	1592	4
chr5	2231	2259	4
chr5	1816	1885	4
chr5	1887	1914	4
chr6	1660	1676	1
chr6	1532	1612	1
chr6	735	745	1
chr6	2354	2383	1
chr6	3203	3220	1
chr6	1488	1519	1
chr6	1462	1488	1
chr6	3333	3368	1
chr6	1595	1612	1
chr6	3372	3386	1
chr6	593	629	1
chr6	948	1001	1
chr6	1463	1487	1
chr6	2717	2733	1
chr6	134	162	1
chr6	1016	1038	1
chr6	2347	2383	1
chr6	3334	3368	1
chr6	1148	1174	1
chr6	1520	1527	1
chr6	2457	2503	1
chr6	888	918	1
chr6	2402	2454	1
chr6	1149	1176	1
chr6	1241	1291	1
chr6	2436	2454	1
chr6	1680	1685	1
chr6	2232	2240	1
chr6	2988	2997	1
chr6	1395	1418	1
chr6	1917	1939	1
chr6	2769	2805	1
chr6	666	682	1
chr6	3376	3386	1
chr6	1660	1685	1
chr6	1686	1699	1
chr6	630	665	1
chr6	1700	1721	1
chr6	543	557	1
chr6	328	366	1
chr6	2197	2216	1
chr6	2402	2425	1
chr6	3037	3089	1
chr6	232	263	1
chr6	3203	3221	1
chr6	3156	3172	1
chr6	2166	2177	1
chr6	3037	3053	1
chr6	504	520	1
chr6	1520	1526	1
chr6	920	946	1
chr6	372	402	1
chr6	2190	2196	1
chr6	835	851	1
chr6	2808	2855	1
chr6	2988	2996	1
chr6	3105	3154	1
chr6	2216	2231	1
chr6	1131	1144	1
chr6	1813	1825	1
chr6	276	313	1
chr6	3212	3221	1
chr6	2428	2433	1
chr6	1952	1994	1
chr6	3237	3291	1
chr6	3333	3367	1
chr6	327	365	1
chr6	1149	1174	1
chr6	836	851	1
chr6	2233	2249	1
chr6	371	401	1
chr6	2505	2522	1
chr6	1613	1657	1
chr6	2597	2607	1
chr6	2527	2551	1
chr6	5	30	1
chr6	1940	1951	1
chr6	2955	2986	1
chr6	780	786	1
chr6	2559	2595	1
chr6	2898	2921	1
chr6	1073	1102	1
chr6	1042	1059	1
chr6	1060	1072	1
chr6	2385	2427	1
chr6	1532	1564	1
chr6	777	786	1
chr6	2007	2105	1
chr6	2331	2345	1
chr6	3369	3386	1
chr6	3206	3211	1
chr6	7	29	1
chr6	2717	2732	1
chr6	2402	2427	1
chr6	1125	1130	1
chr6	669	705	1
chr6	593	600	1
chr6	2465	2503	1
chr6	327	366	1
chr6	1239	1291	1
chr6	1293	1352	1
chr6	3038	3052	1
chr6	632	665	1
chr6	1704	1721	1
chr6	2007	2101	1
chr6	2707	2716	1
chr6	1520	1530	1
chr6	2599	2607	1
chr6	3192	3222	1
chr6	683	705	1
chr6	2998	3035	1
chr6	1659	1676	1
chr6	735	746	1
chr6	706	746	1
chr6	1353	1418	1
chr6	133	162	1
chr6	330	366	1
chr6	2877	2887	1
chr6	2734	2760	1
chr6	1680	1686	1
chr6	2191	2196	1
chr6	1150	1176	1
chr6	3055	3066	1
chr6	1104	1124	1
chr6	3155	3172	1
chr6	921	940	1
chr6	3096	3154	1
chr6	1353	1391	1
chr6	2217	2231	1
chr6	1489	1529	1
chr6	1568	1592	1
chr6	3056	3067	1
chr6	2024	2101	1
chr6	741	746	1
chr6	1660	1686	1
chr6	3332	3367	1
chr6	2007	2019	1
chr6	2889	2921	1
chr6	2007	2102	1
chr6	1040	1059	1
chr6	2330	2340	1
chr6	1436	1457	1
chr6	3037	3066	1
chr6	3293	3331	1
chr6	2859	2876	1
chr6	920	940	2
chr6	76	80	2
chr6	1041	1059	2
chr6	2178	2188	2
chr6	2716	2733	2
chr6	2136	2147	2
chr6	3183	3191	2
chr6	1002	1012	2
chr6	672	705	2
chr6	1996	2005	2
chr6	56	80	2
chr6	1722	1755	2
chr6	2137	2147	2
chr6	2987	2997	2
chr6	2178	2196	2
chr6	133	161	2
chr6	102	108	2
chr6	3155	3171	2
chr6	2608	2623	2
chr6	82	101	2
chr6	2625	2638	2
chr6	1238	1291	2
chr6	102	131	2
chr6	835	857	2
chr6	1392	1418	2
chr6	2645	2689	2
chr6	109	131	2
chr6	1462	1487	2
chr6	747	774	2
chr6	1703	1721	2
chr6	2217	2240	2
chr6	594	608	2
chr6	2455	2503	2
chr6	372	401	2
chr6	852	857	2
chr6	2889	2920	2
chr6	2428	2454	2
chr6	1353	1390	2
chr6	56	75	2
chr6	3173	3191	2
chr6	2625	2639	2
chr6	779	786	2
chr6	631	665	2
chr6	1489	1519	2
chr6	1594	1612	2
chr6	1729	1755	2
chr6	2608	2624	2
chr6	3095	3154	2
chr6	2331	2383	2
chr6	747	775	2
chr6	85	101	2
chr6	1002	1013	2
chr6	1996	2006	2
chr6	3173	3181	2
chr6	5	29	2
chr6	1532	1591	2
chr6	2646	2689	2
chr6	2598	2607	2
chr6	942	946	3
chr6	2707	2715	3
chr6	2165	2177	3
chr6	1952	1995	3
chr6	273	313	3
chr6	1813	1826	3
chr6	2527	2550	3
chr6	2241	2248	3
chr6	2505	2526	3
chr6	1073	1124	3
chr6	889	918	3
chr6	609	629	3
chr6	505	520	3
chr6	2955	2977	3
chr6	947	1001	3
chr6	1125	1144	3
chr6	2877	2888	3
chr6	2386	2401	3
chr6	1687	1699	3
chr6	3192	3202	3
chr6	2769	2855	3
chr6	2860	2875	3
chr6	706	727	3
chr6	3068	3089	3
chr6	1292	1352	3
chr6	2559	2596	3
chr6	1437	1457	3
chr6	232	272	3
chr6	2739	2760	3
chr6	1613	1658	3
chr6	1917	1950	3
chr6	3237	3331	3
chr6	2197	2215	3
chr6	543	556	3
chr6	1016	1039	3
chr6	2978	2986	3
chr6	1061	1072	3
chr6	2998	3034	3
chr6	2926	2942	4
chr6	2106	2135	4
chr6	2287	2329	4
chr6	163	209	4
chr6	2943	2954	4
chr6	1827	1914	4
chr6	827	833	4
chr6	3223	3236	4
chr6	858	870	4
chr6	2148	2164	4
chr6	787	826	4
chr6	2251	2286	4
chr6	2761	2767	4
chr6	210	231	4
chr6	314	326	4
chr6	581	592	4
chr6	521	542	4
chr6	1794	1807	4
chr6	1419	1435	4
chr6	489	502	4
chr6	403	488	4
chr6	31	55	4
chr6	2690	2706	4
chr6	559	580	4
chr6	872	887	4
chr6	1756	1793	4
chr7	416	424	1
chr7	498	505	1
chr7	2093	2104	1
chr7	2000	2010	1
chr7	604	613	1
chr7	1130	1162	1
chr7	881	904	1
chr7	2011	2019	1
chr7	2560	2593	1
chr7	2137	2164	1
chr7	906	918	1
chr7	1293	1303	1
chr7	1546	1551	1
chr7	2775	2802	1
chr7	1450	1487	1
chr7	1845	1854	1
chr7	2700	2746	1
chr7	805	838	1
chr7	1003	1029	1
chr7	1623	1648	1
chr7	2253	2267	1
chr7	1758	1813	1
chr7	1814	1829	1
chr7	506	544	1
chr7	2494	2543	1
chr7	652	664	1
chr7	1231	1282	1
chr7	1981	1999	1
chr7	2842	2882	1
chr7	1554	1604	1
chr7	2106	2114	1
chr7	1554	1593	1
chr7	1731	1738	1
chr7	2409	2433	1
chr7	1695	1729	1
chr7	653	664	1
chr7	594	614	1
chr7	1490	1498	1
chr7	2020	2044	1
chr7	3108	3111	1
chr7	1743	1756	1
chr7	1555	1606	1
chr7	140	168	1
chr7	416	425	1
chr7	1743	1813	1
chr7	97	115	1
chr7	59	104	1
chr7	1114	1123	1
chr7	1130	1161	1
chr7	1487	1519	1
chr7	3113	3133	1
chr7	1406	1453	1
chr7	2816	2828	1
chr7	369	394	1
chr7	1503	1519	1
chr7	33	54	1
chr7	1830	1843	1
chr7	3037	3050	1
chr7	229	266	1
chr7	33	49	1
chr7	1694	1710	1
chr7	2002	2019	1
chr7	947	958	1
chr7	1004	1029	1
chr7	2045	2077	1
chr7	580	591	1
chr7	859	880	1
chr7	1908	1934	1
chr7	1831	1842	1
chr7	32	50	1
chr7	566	579	1
chr7	2847	2882	1
chr7	26	50	1
chr7	1487	1492	1
chr7	2753	2771	1
chr7	396	415	1
chr7	1649	1670	1
chr7	1450	1476	1
chr7	1713	1755	1
chr7	3112	3133	1
chr7	1	25	1
chr7	2884	2959	1
chr7	2106	2116	1
chr7	2253	2261	1
chr7	1125	1161	1
chr7	1732	1738	1
chr7	2435	2462	1
chr7	2339	2357	1
chr7	1634	1670	1
chr7	536	544	1
chr7	1291	1301	1
chr7	2883	2960	1
chr7	2775	2801	1
chr7	860	880	1
chr7	2317	2337	1
chr7	2078	2103	1
chr7	3037	3051	1
chr7	1453	1486	1
chr7	2138	2164	1
chr7	594	613	1
chr7	1114	1124	1
chr7	2808	2828	1
chr7	2978	3029	1
chr7	1523	1540	1
chr7	656	664	1
chr7	59	93	1
chr7	1231	1239	1
chr7	230	248	1
chr7	1541	1604	1
chr7	117	139	1
chr7	2687	2746	1
chr7	1732	1742	1
chr7	730	745	1
chr7	1962	1970	1
chr7	604	614	1
chr7	416	442	1
chr7	55	104	1
chr7	2561	2594	1
chr7	417	425	1
chr7	2317	2330	1
chr7	2409	2424	1
chr7	731	745	1
chr7	2078	2092	1
chr7	354	368	1
chr7	252	266	1
chr7	1459	1486	1
chr7	2044	2077	1
chr7	1844	1855	1
chr7	905	918	1
chr7	949	959	1
chr7	1031	1096	1
chr7	1649	1669	1
chr7	1224	1239	1
chr7	3052	3092	1
chr7	1406	1451	1
chr7	2463	2490	1
chr7	2252	2267	1
chr7	806	839	1
chr7	2358	2377	1
chr7	3135	3143	1
chr7	1695	1709	1
chr7	2757	2771	1
chr7	2378	2408	1
chr7	467	505	1
chr7	1222	1239	1
chr7	1488	1498	1
chr7	1958	1970	1
chr7	2977	3011	1
chr7	656	663	1
chr7	1011	1029	1
chr7	1125	1162	1
chr7	1623	1633	1
chr7	467	496	1
chr7	2847	2877	1
chr7	2252	2262	1
chr7	2340	2357	1
chr7	1694	1708	1
chr7	2883	2959	1
chr7	2331	2337	1
chr7	2494	2544	1
chr7	1003	1010	1
chr7	1814	1830	1
chr7	2842	2875	1
chr7	860	878	1
chr7	59	96	1
chr7	2879	2962	1
chr7	1	31	1
chr7	1856	1907	1
chr7	2020	2046	1
chr7	545	563	1
chr7	2425	2462	1
chr7	1650	1669	1
chr7	859	879	1
chr7	141	152	1
chr7	97	105	1
chr7	2830	2841	1
chr7	1003	1025	1
chr7	1743	1755	1
chr7	1522	1551	1
chr7	1478	1486	1
chr7	3135	3144	2
chr7	2842	2846	2
chr7	1671	1693	2
chr7	2047	2077	2
chr7	2816	2829	2
chr7	1108	1124	2
chr7	3021	3051	2
chr7	2783	2802	2
chr7	759	768	2
chr7	444	451	2
chr7	2409	2462	2
chr7	729	745	2
chr7	341	354	2
chr7	1971	1979	2
chr7	2978	3019	2
chr7	1	24	2
chr7	805	839	2
chr7	1672	1693	2
chr7	746	758	2
chr7	3094	3133	2
chr7	2317	2336	2
chr7	26	31	2
chr7	594	603	2
chr7	2020	2043	2
chr7	2106	2115	2
chr7	1815	1829	2
chr7	1623	1647	2
chr7	1502	1519	2
chr7	905	946	2
chr7	919	946	2
chr7	323	333	2
chr7	746	768	2
chr7	2341	2357	2
chr7	467	504	2
chr7	2545	2559	2
chr7	2756	2771	2
chr7	1959	1970	2
chr7	947	959	2
chr7	230	266	2
chr7	617	650	2
chr7	1711	1730	2
chr7	2493	2544	2
chr7	1844	1854	2
chr7	1971	1980	2
chr7	2137	2156	2
chr7	2560	2594	2
chr7	2699	2746	2
chr7	1757	1813	2
chr7	1293	1300	2
chr7	535	544	2
chr7	1831	1843	2
chr7	140	152	2
chr7	2093	2103	2
chr7	2000	2019	2
chr7	443	451	2
chr7	1406	1446	2
chr7	341	353	2
chr7	1522	1540	2
chr7	2157	2164	2
chr7	2078	2091	2
chr7	323	340	2
chr7	615	650	2
chr7	3094	3103	2
chr7	2547	2559	2
chr7	545	564	3
chr7	2358	2408	3
chr7	1240	1282	3
chr7	580	590	3
chr7	396	414	3
chr7	881	892	3
chr7	355	368	3
chr7	1911	1934	3
chr7	506	528	3
chr7	2463	2489	3
chr7	1030	1096	3
chr7	893	904	3
chr7	118	139	3
chr7	1981	1990	3
chr7	2831	2841	3
chr7	1857	1907	3
chr7	2809	2815	3
chr7	106	115	3
chr7	3052	3093	3
chr7	369	395	3
chr7	567	579	3
chr7	2687	2698	3
chr7	153	168	3
chr7	427	442	3
chr7	1935	1957	4
chr7	715	727	4
chr7	2117	2136	4
chr7	840	858	4
chr7	452	463	4
chr7	267	295	4
chr7	1607	1622	4
chr7	1097	1107	4
chr7	769	792	4
chr7	665	714	4
chr7	1337	1405	4
chr7	960	1002	4
chr7	2269	2316	4
chr7	2965	2974	4
chr7	1304	1336	4
chr7	2244	2251	4
chr7	2612	2624	4
chr7	2595	2611	4
chr7	296	322	4
chr7	2165	2228	4
chr7	169	228	4
chr7	2229	2243	4
chr7	793	804	4
chr7	2628	2682	4
chr8	1465	1475	1
chr8	138	161	1
chr8	774	794	1
chr8	2092	2110	1
chr8	1506	1516	1
chr8	1111	1142	1
chr8	238	247	1
chr8	1844	1894	1
chr8	2138	2152	1
chr8	2160	2176	1
chr8	2418	2473	1
chr8	450	472	1
chr8	2366	2389	1
chr8	2367	2390	1
chr8	2082	2110	1
chr8	570	621	1
chr8	2117	2137	1
chr8	2678	2690	1
chr8	863	875	1
chr8	1620	1652	1
chr8	250	355	1
chr8	1507	1588	1
chr8	2636	2661	1
chr8	2830	2833	1
chr8	957	974	1
chr8	555	621	1
chr8	138	146	1
chr8	998	1054	1
chr8	1975	1982	1
chr8	159	195	1
chr8	1070	1109	1
chr8	2888	2912	1
chr8	1527	1586	1
chr8	1844	1908	1
chr8	2834	2849	1
chr8	240	248	1
chr8	376	400	1
chr8	1910	1926	1
chr8	796	826	1
chr8	198	205	1
chr8	863	877	1
chr8	2034	2046	1
chr8	2368	2415	1
chr8	2535	2549	1
chr8	196	223	1
chr8	1589	1610	1
chr8	1061	1109	1
chr8	2830	2887	1
chr8	1111	1166	1
chr8	2535	2556	1
chr8	622	669	1
chr8	1061	1108	1
chr8	2511	2522	1
chr8	2830	2843	1
chr8	1621	1652	1
chr8	1974	1982	1
chr8	831	845	1
chr8	2083	2109	1
chr8	357	375	1
chr8	2677	2690	1
chr8	796	845	1
chr8	450	457	1
chr8	2624	2634	1
chr8	574	621	1
chr8	2328	2362	1
chr8	671	696	1
chr8	147	156	1
chr8	2635	2659	1
chr8	1527	1587	1
chr8	500	543	1
chr8	1592	1611	1
chr8	402	435	1
chr8	982	997	1
chr8	998	1055	1
chr8	1654	1720	1
chr8	240	249	1
chr8	1332	1347	1
chr8	139	161	1
chr8	2048	2078	1
chr8	44	62	1
chr8	2082	2091	1
chr8	225	237	1
chr8	63	124	1
chr8	554	621	1
chr8	467	472	1
chr8	2139	2152	1
chr8	2636	2662	1
chr8	1654	1719	1
chr8	1485	1505	1
chr8	2111	2116	1
chr8	2199	2207	1
chr8	2048	2065	1
chr8	2	40	1
chr8	1060	1109	1
chr8	2395	2415	1
chr8	1645	1651	1
chr8	1612	1652	1
chr8	1417	1432	1
chr8	1815	1840	1
chr8	501	520	1
chr8	622	667	1
chr8	2066	2078	1
chr8	2199	2214	1
chr8	958	978	1
chr8	1527	1611	1
chr8	2830	2849	1
chr8	1946	1982	1
chr8	1331	1347	1
chr8	1190	1241	1
chr8	357	374	1
chr8	1737	1748	1
chr8	2261	2289	1
chr8	1465	1505	1
chr8	797	845	1
chr8	838	845	1
chr8	2619	2634	1
chr8	209	249	1
chr8	1895	1900	1
chr8	1243	1282	1
chr8	402	441	1
chr8	1845	1900	1
chr8	2636	2659	1
chr8	2558	2616	1
chr8	1620	1644	1
chr8	100	123	1
chr8	2367	2473	1
chr8	1909	1926	1
chr8	2902	2915	1
chr8	2557	2616	1
chr8	2902	2906	1
chr8	138	158	1
chr8	796	828	1
chr8	1483	1505	1
chr8	1895	1908	1
chr8	1947	1982	1
chr8	126	133	1
chr8	2038	2046	1
chr8	1849	1894	1
chr8	1728	1748	1
chr8	1589	1611	1
chr8	2277	2362	1
chr8	1484	1505	1
chr8	1725	1751	1
chr8	698	752	1
chr8	2083	2136	1
chr8	1416	1432	1
chr8	544	550	1
chr8	2394	2416	1
chr8	1374	1411	1
chr8	1726	1748	1
chr8	1167	1186	1
chr8	1190	1226	1
chr8	473	499	2
chr8	1912	1926	2
chr8	1753	1814	2
chr8	957	978	2
chr8	2440	2473	2
chr8	2888	2901	2
chr8	450	466	2
chr8	473	498	2
chr8	2033	2046	2
chr8	209	238	2
chr8	2497	2510	2
chr8	1190	1219	2
chr8	1433	1463	2
chr8	1984	2023	2
chr8	2177	2196	2
chr8	99	125	2
chr8	1983	2023	2
chr8	2216	2257	2
chr8	1946	1972	2
chr8	2475	2510	2
chr8	2474	2495	2
chr8	1752	1814	2
chr8	1653	1719	2
chr8	2418	2429	2
chr8	1334	1347	2
chr8	2177	2195	2
chr8	622	668	2
chr8	1111	1143	2
chr8	554	564	2
chr8	2535	2616	2
chr8	1412	1432	2
chr8	402	449	2
chr8	2323	2362	2
chr8	1465	1476	2
chr8	864	877	2
chr8	1901	1908	2
chr8	2676	2690	2
chr8	2617	2634	2
chr8	2048	2077	2
chr8	344	375	2
chr8	442	449	2
chr8	2139	2153	2
chr8	998	1059	2
chr8	1507	1516	2
chr8	2111	2137	2
chr8	2198	2207	2
chr8	1433	1462	2
chr8	500	519	2
chr8	196	205	2
chr8	2216	2289	2
chr8	376	401	3
chr8	544	549	3
chr8	2512	2522	3
chr8	1815	1842	3
chr8	2159	2176	3
chr8	3	40	3
chr8	2850	2887	3
chr8	671	752	3
chr8	981	997	3
chr8	1167	1187	3
chr8	63	98	3
chr8	774	795	3
chr8	126	134	3
chr8	532	543	3
chr8	1375	1411	3
chr8	162	195	3
chr8	44	61	3
chr8	1243	1281	3
chr8	1612	1619	3
chr8	1144	1166	3
chr8	1232	1241	3
chr8	2208	2214	3
chr8	250	340	3
chr8	1348	1369	4
chr8	2719	2794	4
chr8	1310	1330	4
chr8	1286	1307	4
chr8	937	956	4
chr8	753	773	4
chr8	2523	2534	4
chr8	1927	1945	4
chr8	2024	2031	4
chr8	846	859	4
chr8	2691	2718	4
chr8	2796	2829	4
chr9	1466	1493	1
chr9	1452	1465	1
chr9	1356	1360	1
chr9	262	313	1
chr9	2518	2523	1
chr9	2619	2636	1
chr9	554	572	1
chr9	2498	2523	1
chr9	1330	1359	1
chr9	1600	1617	1
chr9	1385	1389	1
chr9	1517	1554	1
chr9	2467	2496	1
chr9	1993	2008	1
chr9	2343	2348	1
chr9	1859	1873	1
chr9	1548	1579	1
chr9	2468	2496	1
chr9	2706	2717	1
chr9	2350	2389	1
chr9	2204	2244	1
chr9	1770	1806	1
chr9	908	1327	1
chr9	896	903	1
chr9	2551	2563	1
chr9	1812	1833	1
chr9	2173	2199	1
chr9	2487	2496	1
chr9	2547	2590	1
chr9	201	252	1
chr9	2594	2604	1
chr9	1621	1716	1
chr9	1364	1383	1
chr9	1494	1509	1
chr9	1844	1857	1
chr9	1321	1377	1
chr9	2685	2703	1
chr9	1557	1595	1
chr9	2606	2618	1
chr9	1898	1912	1
chr9	201	251	1
chr9	1548	1555	1
chr9	2203	2244	1
chr9	1874	1889	1
chr9	1417	1433	1
chr9	778	804	1
chr9	895	900	1
chr9	1466	1508	1
chr9	2706	2718	1
chr9	1582	1593	1
chr9	1434	1451	1
chr9	1581	1593	1
chr9	1949	1958	1
chr9	1390	1404	1
chr9	901	945	1
chr9	138	199	1
chr9	1310	1333	1
chr9	867	879	1
chr9	750	769	1
chr9	633	644	1
chr9	2033	2038	1
chr9	1740	1765	1
chr9	844	864	1
chr9	2343	2390	1
chr9	2167	2199	1
chr9	2291	2329	1
chr9	1384	1418	1
chr9	2722	2792	1
chr9	1320	1355	1
chr9	805	864	1
chr9	391	415	1
chr9	743	748	1
chr9	1620	1724	1
chr9	694	748	1
chr9	2689	2703	1
chr9	2705	2717	1
chr9	1983	1989	1
chr9	825	885	1
chr9	1403	1415	1
chr9	908	921	1
chr9	1984	2008	1
chr9	1812	1834	1
chr9	1769	1799	1
chr9	352	381	1
chr9	2547	2563	1
chr9	1740	1766	1
chr9	771	796	1
chr9	1364	1371	1
chr9	882	889	1
chr9	532	553	1
chr9	2468	2512	1
chr9	825	842	1
chr9	1420	1433	1
chr9	1875	1890	1
chr9	895	945	1
chr9	750	777	1
chr9	1549	1555	1
chr9	532	552	1
chr9	2497	2512	1
chr9	895	903	1
chr9	1466	1505	1
chr9	1962	1980	1
chr9	2619	2635	1
chr9	2467	2484	1
chr9	117	135	1
chr9	1374	1392	1
chr9	2638	2653	1
chr9	2638	2652	1
chr9	2290	2312	1
chr9	661	735	1
chr9	2785	2792	1
chr9	806	816	1
chr9	750	803	1
chr9	2498	2512	1
chr9	1336	1359	1
chr9	805	817	1
chr9	1439	1451	1
chr9	93	136	1
chr9	1840	1873	1
chr9	1597	1619	1
chr9	1916	1940	1
chr9	1385	1400	1
chr9	1960	1981	1
chr9	555	571	1
chr9	803	818	1
chr9	1732	1738	1
chr9	1916	1958	1
chr9	2684	2703	1
chr9	1453	1465	1
chr9	1580	1593	1
chr9	750	784	1
chr9	2547	2591	1
chr9	1466	1506	1
chr9	1891	1896	1
chr9	2684	2717	1
chr9	847	864	1
chr9	1410	1418	1
chr9	2321	2329	1
chr9	1393	1418	1
chr9	146	200	1
chr9	260	313	1
chr9	382	416	1
chr9	2719	2784	1
chr9	93	116	1
chr9	1363	1384	1
chr9	923	1313	1
chr9	391	416	2
chr9	2172	2199	2
chr9	1434	1465	2
chr9	2719	2747	2
chr9	532	554	2
chr9	2284	2329	2
chr9	1741	1768	2
chr9	93	115	2
chr9	117	136	2
chr9	2069	2084	2
chr9	137	200	2
chr9	2152	2164	2
chr9	1812	1838	2
chr9	1557	1579	2
chr9	1874	1890	2
chr9	867	885	2
chr9	2151	2164	2
chr9	1960	1980	2
chr9	555	572	2
chr9	2204	2245	2
chr9	2343	2389	2
chr9	1983	2008	2
chr9	694	749	2
chr9	2069	2083	2
chr9	1770	1799	2
chr9	1915	1958	2
chr9	2039	2067	2
chr9	1844	1873	2
chr9	1419	1433	2
chr9	2619	2652	2
chr9	261	313	2
chr9	1601	1619	2
chr9	2033	2067	2
chr9	2517	2523	2
chr9	2748	2792	2
chr9	2564	2591	2
chr9	1621	1724	2
chr9	201	253	2
chr9	1732	1739	3
chr9	351	381	3
chr9	1800	1810	3
chr9	633	645	3
chr9	2594	2618	3
chr9	661	693	3
chr9	1517	1547	3
chr9	1891	1897	3
chr9	382	389	3
chr9	1898	1909	3
chr9	2524	2543	4
chr9	2010	2031	4
chr9	2394	2465	4
chr9	648	660	4
chr9	314	350	4
chr9	2654	2672	4
chr9	58	86	4
chr9	2088	2150	4
chr9	2330	2342	4
chr9	1510	1516	4
chr9	2673	2683	4
chr9	1	57	4
chr9	2247	2282	4
chrX	2889	2972	1
chrX	315	336	1
chrX	1688	1779	1
chrX	874	940	1
chrX	1698	1731	1
chrX	811	822	1
chrX	474	611	1
chrX	749	761	1
chrX	475	545	1
chrX	2175	2193	1
chrX	810	822	1
chrX	694	740	1
chrX	750	761	1
chrX	2149	2193	1
chrX	748	761	1
chrX	3019	3040	1
chrX	1863	1994	1
chrX	1296	1347	1
chrX	769	808	1
chrX	1614	1662	1
chrX	2460	2573	1
chrX	1786	1818	1
chrX	1349	1373	1
chrX	874	927	1
chrX	1374	1419	1
chrX	2399	2453	1
chrX	692	742	1
chrX	970	985	1
chrX	1405	1422	1
chrX	2891	2938	1
chrX	2350	2396	1
chrX	770	808	1
chrX	1394	1419	1
chrX	31	55	1
chrX	1026	1059	1
chrX	3	51	1
chrX	2892	2938	1
chrX	2302	2348	1
chrX	1429	1547	1
chrX	2798	2886	1
chrX	1445	1473	1
chrX	2033	2070	1
chrX	2890	2938	1
chrX	1603	1661	1
chrX	1477	1506	1
chrX	833	873	1
chrX	1405	1418	1
chrX	2798	2885	1
chrX	1698	1778	1
chrX	1551	1658	1
chrX	1999	2032	1
chrX	1780	1854	1
chrX	2620	2666	1
chrX	615	688	1
chrX	2302	2349	1
chrX	959	981	1
chrX	175	202	1
chrX	2	27	1
chrX	959	967	1
chrX	616	687	1
chrX	693	762	1
chrX	1698	1995	1
chrX	339	388	1
chrX	2459	2573	1
chrX	649	742	1
chrX	271	281	1
chrX	2352	2451	1
chrX	1823	1997	1
chrX	2399	2451	1
chrX	257	281	1
chrX	2978	2998	1
chrX	2149	2173	1
chrX	2074	2122	1
chrX	1511	1662	1
chrX	56	75	1
chrX	1783	1822	1
chrX	1827	1995	1
chrX	31	77	1
chrX	78	174	1
chrX	2673	2721	1
chrX	1999	2068	1
chrX	550	611	1
chrX	1591	1598	1
chrX	828	873	1
chrX	2944	2972	1
chrX	1064	1106	1
chrX	1009	1060	1
chrX	1429	1444	1
chrX	3018	3042	1
chrX	970	981	1
chrX	874	939	1
chrX	994	1060	1
chrX	1066	1105	1
chrX	2072	2121	1
chrX	77	158	1
chrX	2982	2998	1
chrX	32	55	1
chrX	875	939	1
chrX	2350	2451	1
chrX	2620	2658	1
chrX	970	1058	1
chrX	203	222	1
chrX	2351	2396	1
chrX	614	687	1
chrX	615	640	1
chrX	344	410	1
chrX	2999	3018	2
chrX	2301	2349	2
chrX	959	968	2
chrX	78	158	2
chrX	1477	1507	2
chrX	2123	2145	2
chrX	411	436	2
chrX	770	822	2
chrX	1551	1575	2
chrX	2	26	2
chrX	2973	2998	2
chrX	2620	2667	2
chrX	2999	3017	2
chrX	441	473	2
chrX	1429	1472	2
chrX	2179	2193	2
chrX	2603	2619	2
chrX	475	611	2
chrX	2149	2174	2
chrX	1999	2055	2
chrX	2603	2618	2
chrX	3019	3042	2
chrX	1511	1547	2
chrX	271	306	2
chrX	2797	2886	2
chrX	337	410	2
chrX	2466	2572	2
chrX	57	77	2
chrX	2123	2144	2
chrX	411	473	2
chrX	282	306	2
chrX	2073	2122	2
chrX	1063	1105	2
chrX	829	873	2
chrX	2943	2972	2
chrX	203	223	3
chrX	176	202	3
chrX	316	335	3
chrX	1296	1348	3
chrX	2672	2721	3
chrX	257	270	3
chrX	160	174	3
chrX	1374	1387	3
chrX	1349	1372	3
chrX	224	255	4
chrX	1112	1136	4
chrX	1234	1295	4
chrX	941	958	4
chrX	3043	3076	4
chrX	3077	3082	4
chrX	1137	1172	4
chrX	2195	2300	4
chrX	2574	2602	4
chrX	2727	2796	4
