chr1	3388	3484	1
chr1	2176	2184	1
chr1	277	337	1
chr1	2992	3065	1
chr1	684	704	1
chr1	1034	1110	1
chr1	2930	2949	1
chr1	2976	2989	1
chr1	2107	2175	1
chr1	2964	2968	1
chr1	180	246	1
chr1	4130	4267	1
chr1	1185	1204	1
chr1	4238	4266	1
chr1	3182	3234	1
chr1	1303	1360	1
chr1	1248	1344	1
chr1	309	354	1
chr1	483	560	1
chr1	938	1033	1
chr1	537	591	1
chr1	4162	4199	1
chr1	2897	2907	1
chr1	4115	4119	1
chr1	274	317	1
chr1	4024	4119	1
chr1	2081	2124	1
chr1	4130	4200	1
chr1	4028	4114	1
chr1	346	431	1
chr1	2274	2369	1
chr1	2371	2419	1
chr1	180	243	1
chr1	2977	2989	1
chr1	683	756	1
chr1	3308	3428	1
chr1	624	679	1
chr1	654	683	1
chr1	2214	2273	1
chr1	4267	4400	1
chr1	3934	4011	1
chr1	3570	3657	1
chr1	830	904	1
chr1	80	121	1
chr1	811	904	1
chr1	2086	2097	1
chr1	2856	2860	1
chr1	4526	4575	1
chr1	3252	3354	1
chr1	417	440	1
chr1	1514	1584	1
chr1	3102	3134	1
chr1	1585	1877	1
chr1	904	936	1
chr1	4952	4979	1
chr1	4201	4406	1
chr1	3658	3727	1
chr1	2851	2854	1
chr1	851	891	1
chr1	3139	3200	1
chr1	3485	3574	1
chr1	3575	3727	1
chr1	1688	1751	1
chr1	2307	2371	1
chr1	275	308	1
chr1	601	629	1
chr1	625	653	1
chr1	1207	1247	1
chr1	1248	1345	1
chr1	4636	4671	1
chr1	2038	2076	1
chr1	2087	2174	1
chr1	1515	1572	1
chr1	2223	2366	1
chr1	2897	2906	1
chr1	80	179	1
chr1	247	260	1
chr1	740	829	1
chr1	905	1016	1
chr1	2955	2958	1
chr1	80	129	1
chr1	4402	4575	1
chr1	2976	2979	1
chr1	3429	3500	1
chr1	3728	3788	1
chr1	1227	1302	1
chr1	1573	1687	1
chr1	2992	2996	1
chr1	1572	1709	1
chr1	1346	1514	1
chr1	2197	2211	1
chr1	4012	4028	1
chr1	13	47	1
chr1	680	705	1
chr1	4130	4160	1
chr1	4124	4127	1
chr1	591	598	1
chr1	1878	2004	1
chr1	1258	1306	1
chr1	2403	2414	1
chr1	487	523	1
chr1	122	179	1
chr1	3257	3307	1
chr1	4954	4979	1
chr1	2004	2037	1
chr1	1432	1571	1
chr1	355	417	1
chr1	4672	4715	1
chr1	904	937	1
chr1	1737	1915	1
chr1	741	829	1
chr1	2083	2106	1
chr1	706	739	1
chr1	4028	4119	1
chr1	418	476	1
chr1	1051	1106	1
chr1	561	598	1
chr1	2098	2174	1
chr1	583	598	1
chr1	2125	2196	1
chr1	2907	2917	1
chr1	1112	1205	1
chr1	338	344	1
chr1	4806	4900	1
chr1	1017	1074	1
chr1	1572	1736	1
chr1	1307	1323	1
chr1	2212	2370	1
chr1	4716	4805	1
chr1	313	337	1
chr1	2406	2414	1
chr1	4901	4979	1
chr1	2878	2882	1
chr1	441	482	1
chr1	3138	3202	1
chr1	787	850	1
chr1	4267	4466	1
chr1	4235	4266	1
chr1	13	37	1
chr1	892	903	1
chr1	4401	4525	1
chr1	830	903	1
chr1	1345	1431	1
chr1	3784	3860	1
chr1	3201	3235	1
chr1	4744	4833	1
chr1	2175	2222	1
chr1	2185	2306	1
chr1	741	786	1
chr1	601	623	1
chr1	4130	4161	1
chr1	2929	2949	1
chr1	4636	4743	1
chr1	3066	3103	1
chr1	133	152	1
chr1	1916	2035	1
chr1	1907	2004	1
chr1	1107	1257	1
chr1	4200	4237	1
chr1	3235	3267	1
chr1	3728	3783	1
chr1	3501	3569	1
chr1	1433	1571	1
chr1	1752	1783	1
chr1	971	1033	1
chr1	3727	3849	1
chr1	3135	3200	1
chr1	2955	2961	1
chr1	630	704	1
chr1	4029	4119	1
chr1	4467	4951	1
chr1	4268	4401	1
chr1	757	810	1
chr1	4407	4478	1
chr1	2175	2213	1
chr1	2372	2419	1
chr1	2879	2882	1
chr1	3943	4027	1
chr1	3107	3137	1
chr1	1075	1111	1
chr1	4834	4894	1
chr1	345	417	1
chr1	4200	4234	1
chr1	1111	1184	1
chr1	1907	2003	1
chr1	1034	1111	1
chr1	318	345	1
chr1	3203	3251	1
chr1	937	1050	1
chr1	3229	3256	1
chr1	2370	2402	1
chr1	274	312	1
chr1	4895	4953	1
chr1	1112	1247	1
chr1	153	234	1
chr1	418	486	1
chr1	524	582	1
chr1	3201	3228	1
chr1	338	345	1
chr1	2996	3038	1
chr1	3943	4022	1
chr1	3789	3849	1
chr1	1361	1432	1
chr1	1788	1906	1
chr1	2908	2917	1
chr1	3142	3181	1
chr1	432	486	1
chr1	3268	4027	1
chr1	4576	4802	1
chr1	592	598	1
chr1	477	511	1
chr1	1324	1344	1
chr1	487	590	1
chr1	3861	3933	1
chr1	4803	4896	1
chr1	937	970	1
chr1	905	936	1
chr1	4897	4979	1
chr1	130	243	1
chr1	1710	1906	1
chr1	4479	4575	1
chr1	3039	3101	1
chr1	2976	3066	1
chr1	1421	1513	1
chr1	3355	3726	1
chr1	2367	2405	1
chr1	235	261	1
chr1	3067	3138	1
chr1	2997	3106	1
chr1	3236	3387	1
chr1	1206	1226	1
chr1	2981	2995	1
chr1	346	416	1
chr1	625	682	1
chr1	48	77	1
chr1	1345	1420	1
chr1	4161	4199	1
chr1	80	132	1
chr1	3104	3141	1
chr1	512	536	1
chr1	267	271	2
chr1	2422	2430	2
chr1	2891	2895	2
chr1	11	37	2
chr1	2005	2035	2
chr1	2081	2084	2
chr1	2927	2949	2
chr1	2897	2917	2
chr1	601	624	2
chr1	2416	2419	2
chr1	244	265	2
chr1	3850	3942	2
chr1	705	740	2
chr1	4576	4635	2
chr1	2422	2428	2
chr1	2890	2895	2
chr1	2851	2855	3
chr1	38	77	3
chr1	2036	2076	3
chr1	2868	2871	3
chr1	2856	2859	3
chr1	4122	4127	3
chr1	4982	4985	4
chr1	2971	2974	4
chr1	2863	2866	4
chr10	2380	2475	1
chr10	498	520	1
chr10	1541	1578	1
chr10	136	236	1
chr10	232	262	1
chr10	1404	1414	1
chr10	1051	1198	1
chr10	1521	1641	1
chr10	1721	1757	1
chr10	2	22	1
chr10	1643	1720	1
chr10	1991	2055	1
chr10	2	63	1
chr10	967	980	1
chr10	1415	1453	1
chr10	319	363	1
chr10	2602	2674	1
chr10	779	782	1
chr10	984	1023	1
chr10	64	97	1
chr10	938	943	1
chr10	598	654	1
chr10	365	371	1
chr10	373	423	1
chr10	1521	1540	1
chr10	1854	1884	1
chr10	1647	1718	1
chr10	967	977	1
chr10	319	372	1
chr10	23	62	1
chr10	1251	1312	1
chr10	2	64	1
chr10	1758	1791	1
chr10	373	506	1
chr10	1041	1050	1
chr10	958	964	1
chr10	2168	2233	1
chr10	151	231	1
chr10	424	468	1
chr10	2054	2073	1
chr10	959	964	1
chr10	884	908	1
chr10	671	717	1
chr10	237	318	1
chr10	97	150	1
chr10	2576	2679	1
chr10	1415	1443	1
chr10	2110	2307	1
chr10	2525	2533	1
chr10	1576	1591	1
chr10	264	372	1
chr10	1454	1473	1
chr10	2110	2122	1
chr10	2474	2524	1
chr10	1764	1884	1
chr10	2257	2278	1
chr10	2476	2532	1
chr10	2308	2427	1
chr10	1415	1461	1
chr10	977	980	1
chr10	1719	1924	1
chr10	2436	2473	1
chr10	372	505	1
chr10	910	928	1
chr10	25	64	1
chr10	1483	1499	1
chr10	2055	2073	1
chr10	914	928	1
chr10	2167	2233	1
chr10	1521	1557	1
chr10	2056	2073	1
chr10	506	578	1
chr10	1885	1962	1
chr10	2380	2435	1
chr10	1963	2023	1
chr10	1444	1461	1
chr10	263	318	1
chr10	2	24	1
chr10	1055	1198	1
chr10	1792	1831	1
chr10	2286	2338	1
chr10	97	151	1
chr10	2680	2711	1
chr10	718	784	1
chr10	576	670	1
chr10	2166	2233	1
chr10	521	537	1
chr10	1925	1962	1
chr10	1954	1990	1
chr10	875	913	1
chr10	375	468	1
chr10	2576	2674	1
chr10	1521	1646	1
chr10	2033	2053	1
chr10	2024	2056	1
chr10	2576	2601	1
chr10	1052	1285	1
chr10	63	96	1
chr10	2057	2073	1
chr10	98	135	1
chr10	1286	1414	1
chr10	848	874	1
chr10	848	883	1
chr10	1313	1414	1
chr10	985	1023	1
chr10	1228	1313	1
chr10	1991	2032	1
chr10	967	982	1
chr10	97	137	1
chr10	1375	1391	1
chr10	2076	2107	1
chr10	2420	2476	1
chr10	2121	2167	1
chr10	655	718	1
chr10	1592	1625	1
chr10	854	908	1
chr10	1454	1482	1
chr10	1626	1759	1
chr10	2279	2308	1
chr10	2576	2677	1
chr10	2428	2522	1
chr10	188	231	1
chr10	1474	1499	1
chr10	1642	1763	1
chr10	498	575	1
chr10	365	374	1
chr10	1199	1284	1
chr10	719	777	1
chr10	2076	2120	1
chr10	2477	2533	1
chr10	1832	1853	1
chr10	2380	2419	1
chr10	1391	1423	1
chr10	2309	2338	1
chr10	151	187	1
chr10	2678	2711	1
chr10	2523	2533	1
chr10	938	944	1
chr10	1029	1033	1
chr10	538	597	1
chr10	507	578	1
chr10	1285	1312	1
chr10	1314	1374	1
chr10	1579	1642	1
chr10	1991	2054	1
chr10	1392	1403	1
chr10	1199	1250	1
chr10	1313	1390	1
chr10	1052	1227	1
chr10	2286	2379	1
chr10	2123	2165	1
chr10	1760	1906	1
chr10	2108	2166	1
chr10	1558	1575	1
chr10	1907	1962	1
chr10	2234	2256	1
chr10	152	231	1
chr10	853	909	1
chr10	138	150	1
chr10	967	976	1
chr10	1885	1953	1
chr10	1424	1453	1
chr10	264	363	1
chr10	1035	1039	2
chr10	958	962	2
chr10	469	497	2
chr10	2675	2711	2
chr10	2339	2367	2
chr10	2076	2109	2
chr10	909	928	2
chr10	1963	1990	2
chr10	951	956	2
chr10	596	670	2
chr10	1030	1033	2
chr10	579	595	2
chr10	2234	2285	2
chr10	2368	2379	2
chr10	1500	1520	2
chr10	671	777	2
chr10	939	944	2
chr10	987	1023	2
chr10	65	96	2
chr10	1035	1038	2
chr10	232	263	2
chr10	779	784	2
chr10	1483	1520	2
chr10	1462	1482	2
chr10	951	955	2
chr10	946	949	3
chr10	1041	1051	3
chr10	2535	2573	4
chr11	2683	2699	1
chr11	1449	1492	1
chr11	1292	1335	1
chr11	1257	1291	1
chr11	1461	1474	1
chr11	308	333	1
chr11	17	41	1
chr11	1475	1512	1
chr11	628	646	1
chr11	1929	1978	1
chr11	1094	1178	1
chr11	2595	2676	1
chr11	552	588	1
chr11	1649	1770	1
chr11	78	163	1
chr11	2333	2387	1
chr11	216	270	1
chr11	1620	1648	1
chr11	1980	2017	1
chr11	2596	2615	1
chr11	1179	1224	1
chr11	306	336	1
chr11	2154	2240	1
chr11	185	215	1
chr11	1513	1566	1
chr11	1336	1390	1
chr11	1672	1706	1
chr11	2388	2469	1
chr11	1721	1859	1
chr11	33	77	1
chr11	1254	1291	1
chr11	2369	2417	1
chr11	2284	2368	1
chr11	2053	2153	1
chr11	2018	2052	1
chr11	119	184	1
chr11	1464	1512	1
chr11	2227	2283	1
chr11	1353	1403	1
chr11	2616	2699	1
chr11	2516	2575	1
chr11	1444	1463	1
chr11	1727	1798	1
chr11	1539	1567	1
chr11	1298	1352	1
chr11	1406	1426	1
chr11	527	554	1
chr11	1568	1648	1
chr11	2052	2153	1
chr11	589	627	1
chr11	1714	1720	1
chr11	1175	1210	1
chr11	2575	2595	1
chr11	84	191	1
chr11	883	958	1
chr11	1427	1460	1
chr11	1648	1671	1
chr11	1979	2017	1
chr11	414	544	1
chr11	1307	1352	1
chr11	84	118	1
chr11	173	239	1
chr11	1095	1174	1
chr11	628	916	1
chr11	1402	1430	1
chr11	1431	1461	1
chr11	1462	1492	1
chr11	1023	1031	1
chr11	1894	1924	1
chr11	1211	1230	1
chr11	2052	2157	1
chr11	2389	2523	1
chr11	2617	2682	1
chr11	352	457	1
chr11	334	413	1
chr11	1231	1253	1
chr11	1427	1448	1
chr11	2052	2148	1
chr11	1132	1184	1
chr11	2470	2575	1
chr11	2149	2228	1
chr11	1243	1256	1
chr11	959	1016	1
chr11	270	305	1
chr11	2431	2515	1
chr11	18	83	1
chr11	1649	1671	1
chr11	2524	2594	1
chr11	1244	1282	1
chr11	1292	1306	1
chr11	2158	2226	1
chr11	2018	2042	1
chr11	458	551	1
chr11	2240	2332	1
chr11	18	74	1
chr11	1539	1566	1
chr11	1322	1401	1
chr11	2241	2332	1
chr11	1023	1032	1
chr11	61	83	1
chr11	2333	2388	1
chr11	337	411	1
chr11	1095	1131	1
chr11	1929	1979	1
chr11	1707	1731	1
chr11	458	526	1
chr11	1283	1321	1
chr11	928	963	1
chr11	1185	1224	1
chr11	217	307	1
chr11	2333	2378	1
chr11	1672	1713	1
chr11	3	32	1
chr11	1732	1868	1
chr11	164	216	1
chr11	552	627	1
chr11	1142	1297	1
chr11	2043	2051	1
chr11	882	927	1
chr11	2379	2430	1
chr11	412	457	1
chr11	1649	1726	1
chr11	2229	2275	1
chr11	2276	2332	1
chr11	1860	1893	1
chr11	1225	1242	1
chr11	292	351	1
chr11	1771	1859	1
chr11	2617	2676	1
chr11	42	60	1
chr11	192	269	1
chr11	1567	1619	1
chr11	240	291	1
chr11	555	882	1
chr11	1095	1141	1
chr11	732	881	1
chr11	1225	1243	1
chr11	732	916	1
chr11	379	551	1
chr11	1799	1868	1
chr11	2418	2574	1
chr11	1353	1405	1
chr11	271	378	1
chr11	2154	2239	1
chr11	1567	1648	1
chr11	1513	1580	1
chr11	1581	1647	1
chr11	1404	1443	1
chr11	1391	1426	1
chr11	1860	1923	1
chr11	75	172	1
chr11	545	646	1
chr11	4	16	1
chr11	3	17	2
chr11	959	963	2
chr11	2677	2699	2
chr11	2576	2593	2
chr11	2594	2616	2
chr11	1493	1538	2
chr11	1869	1923	2
chr11	1022	1032	2
chr11	917	958	2
chr11	647	731	2
chr11	1929	2051	2
chr11	964	1016	3
chr12	585	629	1
chr12	2512	2584	1
chr12	912	962	1
chr12	2228	2269	1
chr12	963	1035	1
chr12	261	331	1
chr12	1112	1163	1
chr12	195	235	1
chr12	2486	2511	1
chr12	2328	2352	1
chr12	2198	2258	1
chr12	65	128	1
chr12	1070	1097	1
chr12	2009	2091	1
chr12	1001	1036	1
chr12	812	849	1
chr12	260	322	1
chr12	1447	1518	1
chr12	2664	2671	1
chr12	195	260	1
chr12	850	886	1
chr12	455	507	1
chr12	2167	2206	1
chr12	2036	2082	1
chr12	367	457	1
chr12	500	550	1
chr12	2083	2161	1
chr12	1789	1978	1
chr12	195	258	1
chr12	259	365	1
chr12	195	259	1
chr12	1706	1769	1
chr12	1348	1400	1
chr12	2207	2242	1
chr12	1254	1347	1
chr12	129	189	1
chr12	1100	1121	1
chr12	2354	2411	1
chr12	2412	2485	1
chr12	2657	2663	1
chr12	508	556	1
chr12	1006	1068	1
chr12	457	502	1
chr12	2198	2227	1
chr12	650	698	1
chr12	503	557	1
chr12	1036	1069	1
chr12	1656	1769	1
chr12	2259	2327	1
chr12	173	193	1
chr12	2575	2625	1
chr12	2378	2411	1
chr12	2270	2353	1
chr12	585	628	1
chr12	289	366	1
chr12	2412	2438	1
chr12	458	499	1
chr12	2162	2197	1
chr12	629	698	1
chr12	11	38	1
chr12	630	696	1
chr12	557	584	1
chr12	1519	1705	1
chr12	2511	2625	1
chr12	1353	1446	1
chr12	44	168	1
chr12	3	10	1
chr12	2439	2485	1
chr12	1254	1302	1
chr12	1049	1069	1
chr12	1706	1834	1
chr12	1789	1862	1
chr12	1304	1390	1
chr12	2092	2411	1
chr12	366	454	1
chr12	1069	1099	1
chr12	2412	2453	1
chr12	2626	2651	1
chr12	1770	1788	1
chr12	2	10	1
chr12	259	288	1
chr12	11	43	1
chr12	1271	1303	1
chr12	1979	2035	1
chr12	236	258	1
chr12	558	698	1
chr12	323	427	1
chr12	1070	1111	1
chr12	2513	2574	1
chr12	2343	2413	1
chr12	169	193	1
chr12	1836	1939	1
chr12	1940	1976	1
chr12	1706	1788	1
chr12	2353	2377	1
chr12	1502	1549	1
chr12	551	584	1
chr12	2511	2578	1
chr12	428	456	1
chr12	2585	2625	1
chr12	2289	2342	1
chr12	1253	1270	1
chr12	2579	2625	1
chr12	963	1000	1
chr12	2083	2116	1
chr12	2454	2483	1
chr12	1977	1986	1
chr12	2084	2197	1
chr12	637	649	1
chr12	43	128	1
chr12	2486	2512	1
chr12	1940	2023	1
chr12	912	981	1
chr12	1940	2082	1
chr12	129	172	1
chr12	39	64	1
chr12	1303	1371	1
chr12	1401	1447	1
chr12	1372	1447	1
chr12	2414	2485	1
chr12	124	147	1
chr12	1123	1164	1
chr12	2486	2510	1
chr12	1168	1252	1
chr12	43	123	1
chr12	2024	2083	1
chr12	1254	1352	1
chr12	1447	1501	1
chr12	884	962	1
chr12	1037	1069	1
chr12	1098	1122	1
chr12	2652	2655	1
chr12	190	193	1
chr12	454	500	1
chr12	2117	2166	1
chr12	1391	1446	1
chr12	1070	1167	1
chr12	2484	2510	1
chr12	1835	1939	1
chr12	332	453	1
chr12	758	811	1
chr12	982	1048	1
chr12	1550	1655	1
chr12	148	193	1
chr12	501	557	1
chr12	558	636	1
chr12	1167	1253	1
chr12	2243	2288	1
chr12	1863	1939	1
chr12	912	961	1
chr12	1770	1835	1
chr12	1987	2008	1
chr12	1122	1163	1
chr12	962	1005	1
chr12	758	883	1
chr12	3	42	2
chr12	1164	1167	2
chr12	1168	1253	2
chr12	826	886	2
chr12	1448	1547	2
chr12	758	825	2
chr12	1548	1705	2
chr12	2657	2671	3
chr12	887	911	3
chr12	2626	2655	3
chr12	2674	2677	4
chr13	1074	1161	1
chr13	1902	2027	1
chr13	2272	2286	1
chr13	791	839	1
chr13	1739	1767	1
chr13	634	686	1
chr13	1250	1289	1
chr13	1809	1834	1
chr13	2175	2217	1
chr13	405	443	1
chr13	752	790	1
chr13	860	888	1
chr13	830	859	1
chr13	491	549	1
chr13	1518	1524	1
chr13	2223	2247	1
chr13	1252	1289	1
chr13	381	403	1
chr13	491	535	1
chr13	550	572	1
chr13	687	747	1
chr13	1623	1630	1
chr13	1521	1564	1
chr13	1835	1850	1
chr13	1902	1953	1
chr13	422	490	1
chr13	1710	1736	1
chr13	448	490	1
chr13	405	437	1
chr13	2107	2157	1
chr13	1156	1200	1
chr13	2119	2157	1
chr13	1604	1622	1
chr13	791	829	1
chr13	1954	2001	1
chr13	2002	2031	1
chr13	2243	2248	1
chr13	948	989	1
chr13	1358	1402	1
chr13	573	588	1
chr13	1604	1621	1
chr13	748	790	1
chr13	444	490	1
chr13	2003	2025	1
chr13	1201	1249	1
chr13	1768	1808	1
chr13	1467	1520	1
chr13	1631	1709	1
chr13	1488	1517	1
chr13	1882	1902	1
chr13	1074	1163	1
chr13	1520	1563	1
chr13	747	797	1
chr13	1005	1034	1
chr13	1403	1466	1
chr13	491	550	1
chr13	1222	1251	1
chr13	990	1034	1
chr13	1564	1603	1
chr13	551	633	1
chr13	729	753	1
chr13	2175	2222	1
chr13	931	947	1
chr13	1072	1221	1
chr13	970	1004	1
chr13	948	988	1
chr13	1424	1466	1
chr13	1707	1736	1
chr13	1564	1621	1
chr13	827	858	1
chr13	1907	2025	1
chr13	1525	1603	1
chr13	1221	1259	1
chr13	1359	1423	1
chr13	1467	1521	1
chr13	1358	1410	1
chr13	404	421	1
chr13	1164	1251	1
chr13	1631	1706	1
chr13	636	751	1
chr13	1035	1071	1
chr13	438	497	1
chr13	2218	2242	1
chr13	989	1034	1
chr13	1815	1850	1
chr13	1074	1155	1
chr13	948	969	1
chr13	636	746	1
chr13	1522	1563	1
chr13	2032	2070	1
chr13	1565	1621	1
chr13	1252	1423	1
chr13	889	930	1
chr13	1424	1519	1
chr13	1411	1466	1
chr13	1467	1487	1
chr13	1882	1906	1
chr13	1903	2002	1
chr13	2272	2287	1
chr13	2071	2118	1
chr13	754	764	1
chr13	498	535	1
chr13	589	633	1
chr13	765	790	1
chr13	791	858	1
chr13	1162	1220	1
chr13	1260	1358	1
chr13	405	447	1
chr13	2071	2106	1
chr13	634	728	1
chr13	1809	1814	1
chr13	840	1073	1
chr13	798	826	1
chr13	2028	2070	1
chr13	1631	1729	2
chr13	1290	1357	2
chr13	2176	2217	2
chr13	2026	2070	2
chr13	1730	1736	2
chr13	2251	2271	2
chr13	1035	1073	2
chr13	2218	2248	2
chr13	536	588	2
chr13	1809	1850	2
chr13	2251	2287	2
chr13	912	947	2
chr13	2158	2170	2
chr13	1882	1901	2
chr13	589	635	2
chr13	859	911	2
chr13	2071	2170	2
chr13	1622	1630	3
chr13	381	404	3
chr13	1739	1808	3
chr13	1878	1881	4
chr13	2295	2303	4
chr13	1868	1877	4
chr13	1860	1867	4
chr13	2289	2293	4
chr13	1851	1859	4
chr13	2171	2174	4
chr14	662	790	1
chr14	1867	1953	1
chr14	1954	1996	1
chr14	1816	1866	1
chr14	381	385	1
chr14	388	403	1
chr14	1303	1366	1
chr14	1310	1386	1
chr14	1546	1585	1
chr14	477	499	1
chr14	1586	1635	1
chr14	2137	2146	1
chr14	1201	1302	1
chr14	2091	2104	1
chr14	1641	1725	1
chr14	1107	1158	1
chr14	2122	2146	1
chr14	1941	1999	1
chr14	2000	2056	1
chr14	585	753	1
chr14	1014	1029	1
chr14	2057	2080	1
chr14	1277	1309	1
chr14	1530	1558	1
chr14	1172	1178	1
chr14	2029	2048	1
chr14	720	798	1
chr14	389	403	1
chr14	1141	1178	1
chr14	916	1001	1
chr14	1387	1459	1
chr14	1367	1386	1
chr14	404	454	1
chr14	799	1001	1
chr14	1076	1096	1
chr14	1387	1445	1
chr14	542	584	1
chr14	1200	1296	1
chr14	1400	1459	1
chr14	513	583	1
chr14	1179	1276	1
chr14	1056	1108	1
chr14	2018	2056	1
chr14	1999	2015	1
chr14	388	409	1
chr14	754	790	1
chr14	500	537	1
chr14	2105	2121	1
chr14	791	915	1
chr14	500	584	1
chr14	2028	2056	1
chr14	1097	1106	1
chr14	2118	2137	1
chr14	584	621	1
chr14	1998	2027	1
chr14	1179	1309	1
chr14	621	661	1
chr14	622	719	1
chr14	1446	1459	1
chr14	1109	1200	1
chr14	1997	2017	1
chr14	404	416	1
chr14	1547	1585	1
chr14	1587	1635	1
chr14	1159	1171	1
chr14	381	387	1
chr14	1769	1815	1
chr14	2121	2137	1
chr14	1469	1495	1
chr14	1297	1365	1
chr14	1492	1523	1
chr14	2081	2090	1
chr14	917	1001	1
chr14	1513	1529	1
chr14	1641	1768	1
chr14	1571	1640	1
chr14	585	1001	1
chr14	500	541	1
chr14	1358	1400	1
chr14	1586	1640	1
chr14	1522	1546	1
chr14	584	620	1
chr14	417	455	1
chr14	469	499	1
chr14	1330	1357	1
chr14	1941	1997	1
chr14	500	512	1
chr14	2121	2136	1
chr14	2016	2028	1
chr14	434	468	1
chr14	1109	1140	1
chr14	389	433	1
chr14	456	499	1
chr14	434	481	1
chr14	1559	1586	1
chr14	1401	1468	1
chr14	1109	1179	1
chr14	1002	1075	1
chr14	791	916	1
chr14	1492	1545	1
chr14	2082	2117	1
chr14	482	499	1
chr14	1030	1055	1
chr14	1636	1639	1
chr14	1496	1512	1
chr14	1941	1998	1
chr14	410	433	1
chr14	455	476	1
chr14	1366	1399	1
chr14	538	583	1
chr14	1492	1521	1
chr14	2061	2081	1
chr14	1769	1881	1
chr14	1180	1199	1
chr14	1002	1013	1
chr14	1310	1329	1
chr14	1524	1570	1
chr14	2049	2060	1
chr14	1882	1940	1
chr14	1726	1768	1
chr14	2105	2120	2
chr14	2082	2104	2
chr14	2138	2146	2
chr14	2057	2081	2
chr14	1815	1893	2
chr14	1769	1814	2
chr14	1894	1940	2
chr14	1640	1768	2
chr14	1002	1108	2
chr14	384	388	2
chr14	1460	1491	3
chr15	1805	1837	1
chr15	1111	1171	1
chr15	1557	1586	1
chr15	1270	1312	1
chr15	1803	1832	1
chr15	1244	1269	1
chr15	1614	1654	1
chr15	1484	1506	1
chr15	1587	1625	1
chr15	1345	1370	1
chr15	1172	1196	1
chr15	2006	2051	1
chr15	658	706	1
chr15	1493	1563	1
chr15	1289	1343	1
chr15	1084	1110	1
chr15	846	859	1
chr15	1717	1780	1
chr15	1664	1700	1
chr15	834	849	1
chr15	1665	1715	1
chr15	1507	1526	1
chr15	920	973	1
chr15	1197	1243	1
chr15	1371	1419	1
chr15	401	407	1
chr15	1313	1385	1
chr15	1527	1613	1
chr15	1833	1879	1
chr15	850	882	1
chr15	1119	1160	1
chr15	1200	1289	1
chr15	1716	1780	1
chr15	1582	1652	1
chr15	655	658	1
chr15	1290	1343	1
chr15	1701	1780	1
chr15	1796	1805	1
chr15	802	816	1
chr15	1111	1199	1
chr15	766	801	1
chr15	1880	1993	1
chr15	1396	1483	1
chr15	543	566	1
chr15	1626	1654	1
chr15	1471	1493	1
chr15	1386	1492	1
chr15	1530	1556	1
chr15	456	466	1
chr15	475	587	1
chr15	1903	1980	1
chr15	401	406	1
chr15	860	883	1
chr15	610	613	1
chr15	1313	1344	1
chr15	477	608	1
chr15	1838	1872	1
chr15	836	883	1
chr15	765	806	1
chr15	850	883	1
chr15	1417	1470	1
chr15	407	426	1
chr15	1263	1312	1
chr15	1052	1061	1
chr15	1781	1795	1
chr15	807	833	1
chr15	1062	1083	1
chr15	1396	1416	1
chr15	659	764	1
chr15	824	834	1
chr15	473	477	1
chr15	478	515	1
chr15	974	1025	1
chr15	1566	1581	1
chr15	1781	1804	1
chr15	1486	1529	1
chr15	1111	1262	1
chr15	835	849	1
chr15	614	636	1
chr15	1161	1269	1
chr15	1729	1757	1
chr15	1017	1118	1
chr15	1659	1662	1
chr15	1614	1652	1
chr15	1664	1716	1
chr15	1758	1802	1
chr15	973	1051	1
chr15	1701	1728	1
chr15	477	542	1
chr15	1781	1803	1
chr15	588	611	1
chr15	775	806	1
chr15	884	1016	1
chr15	707	765	1
chr15	883	915	1
chr15	1420	1485	1
chr15	1564	1613	1
chr15	1806	1832	1
chr15	835	845	1
chr15	415	426	1
chr15	408	413	1
chr15	468	471	1
chr15	920	972	1
chr15	1873	2005	1
chr15	1903	2051	1
chr15	688	750	1
chr15	751	806	1
chr15	1981	2051	1
chr15	688	774	1
chr15	1994	2051	1
chr15	1804	1817	1
chr15	823	834	1
chr15	1494	1525	1
chr15	807	822	1
chr15	1665	1698	1
chr15	807	823	1
chr15	618	636	1
chr15	1028	1061	1
chr15	1818	1832	1
chr15	1526	1565	1
chr15	916	1027	1
chr15	1026	1061	1
chr15	1270	1288	1
chr15	516	566	1
chr15	817	835	1
chr15	1833	1872	2
chr15	405	428	2
chr15	1658	1662	2
chr15	637	652	2
chr15	567	608	2
chr15	1371	1395	2
chr15	609	658	2
chr15	659	687	2
chr15	1873	1902	2
chr15	473	476	2
chr15	884	919	2
chr15	1344	1370	2
chr15	401	404	2
chr15	1062	1110	2
chr15	456	471	3
chr15	438	444	4
chr15	446	452	4
chr16	677	681	1
chr16	1062	1071	1
chr16	1329	1350	1
chr16	1018	1041	1
chr16	281	296	1
chr16	65	101	1
chr16	28	41	1
chr16	1368	1388	1
chr16	298	332	1
chr16	1678	1716	1
chr16	641	654	1
chr16	989	1019	1
chr16	565	589	1
chr16	930	1017	1
chr16	207	296	1
chr16	1062	1109	1
chr16	279	296	1
chr16	1351	1368	1
chr16	1488	1545	1
chr16	451	502	1
chr16	615	640	1
chr16	1339	1367	1
chr16	989	1020	1
chr16	1062	1127	1
chr16	1140	1161	1
chr16	1748	1760	1
chr16	409	475	1
chr16	102	172	1
chr16	474	565	1
chr16	1621	1677	1
chr16	331	335	1
chr16	41	64	1
chr16	1748	1774	1
chr16	1748	1793	1
chr16	409	473	1
chr16	1775	1799	1
chr16	1404	1495	1
chr16	1021	1061	1
chr16	1110	1139	1
chr16	1546	1646	1
chr16	1329	1441	1
chr16	1488	1514	1
chr16	590	614	1
chr16	371	408	1
chr16	16	61	1
chr16	104	171	1
chr16	27	40	1
chr16	1042	1061	1
chr16	1162	1176	1
chr16	298	376	1
chr16	1678	1701	1
chr16	1718	1777	1
chr16	503	564	1
chr16	172	187	1
chr16	1388	1417	1
chr16	377	474	1
chr16	281	294	1
chr16	42	65	1
chr16	207	280	1
chr16	1389	1441	1
chr16	665	673	1
chr16	370	375	1
chr16	1778	1806	1
chr16	185	207	1
chr16	16	27	1
chr16	1761	1793	1
chr16	1800	1806	1
chr16	476	565	1
chr16	1647	1677	1
chr16	65	103	1
chr16	329	368	1
chr16	376	428	1
chr16	1515	1545	1
chr16	1489	1545	1
chr16	338	366	1
chr16	566	615	1
chr16	27	41	1
chr16	475	565	1
chr16	1107	1149	1
chr16	1418	1488	1
chr16	1702	1717	1
chr16	42	64	1
chr16	208	252	1
chr16	1369	1387	1
chr16	253	278	1
chr16	1150	1176	1
chr16	928	988	1
chr16	928	1127	1
chr16	1072	1106	1
chr16	1339	1368	1
chr16	66	101	1
chr16	1621	1679	1
chr16	616	654	1
chr16	1246	1328	1
chr16	370	408	1
chr16	1177	1245	1
chr16	430	449	1
chr16	102	184	1
chr16	188	220	1
chr16	1612	1679	1
chr16	221	280	1
chr16	1369	1403	1
chr16	333	368	1
chr16	104	172	1
chr16	931	988	1
chr16	1496	1611	1
chr16	62	103	1
chr16	1020	1061	1
chr16	2	15	2
chr16	188	206	2
chr16	1329	1338	2
chr16	1546	1620	2
chr16	173	187	2
chr16	1680	1716	2
chr16	566	619	2
chr16	1442	1487	2
chr16	15	26	2
chr16	1794	1806	2
chr16	1128	1176	2
chr16	2	14	2
chr16	620	654	2
chr16	298	328	2
chr16	657	662	3
chr16	1177	1328	3
chr16	665	681	3
chr16	1717	1747	3
chr16	684	706	4
chr17	686	690	1
chr17	204	258	1
chr17	336	360	1
chr17	8	45	1
chr17	143	193	1
chr17	1414	1444	1
chr17	8	70	1
chr17	895	985	1
chr17	808	823	1
chr17	829	889	1
chr17	107	131	1
chr17	153	179	1
chr17	1458	1496	1
chr17	739	837	1
chr17	1061	1144	1
chr17	1304	1349	1
chr17	754	797	1
chr17	684	753	1
chr17	1455	1494	1
chr17	1240	1303	1
chr17	259	309	1
chr17	919	953	1
chr17	1324	1346	1
chr17	370	379	1
chr17	1412	1461	1
chr17	1412	1457	1
chr17	128	159	1
chr17	798	807	1
chr17	153	193	1
chr17	892	902	1
chr17	815	828	1
chr17	1497	1537	1
chr17	1554	1592	1
chr17	132	152	1
chr17	180	333	1
chr17	23	70	1
chr17	71	87	1
chr17	730	754	1
chr17	369	382	1
chr17	684	693	1
chr17	861	890	1
chr17	194	240	1
chr17	610	691	1
chr17	1462	1494	1
chr17	8	39	1
chr17	1462	1551	1
chr17	1145	1239	1
chr17	694	738	1
chr17	310	333	1
chr17	108	142	1
chr17	1240	1300	1
chr17	829	860	1
chr17	194	298	1
chr17	1349	1412	1
chr17	73	108	1
chr17	694	797	1
chr17	986	1097	1
chr17	840	889	1
chr17	241	258	1
chr17	1413	1454	1
chr17	755	776	1
chr17	370	381	1
chr17	1302	1349	1
chr17	160	203	1
chr17	1594	1624	1
chr17	954	987	1
chr17	383	430	1
chr17	1445	1461	1
chr17	1248	1301	1
chr17	903	964	1
chr17	695	729	1
chr17	128	152	1
chr17	439	446	1
chr17	1301	1348	1
chr17	1062	1239	1
chr17	46	86	1
chr17	941	964	1
chr17	8	22	1
chr17	334	367	1
chr17	824	839	1
chr17	71	106	1
chr17	894	918	1
chr17	586	609	1
chr17	988	1060	1
chr17	259	333	1
chr17	1240	1323	1
chr17	1098	1164	1
chr17	1538	1551	1
chr17	777	797	1
chr17	798	814	1
chr17	1165	1239	1
chr17	892	918	1
chr17	838	889	1
chr17	88	107	1
chr17	334	432	1
chr17	606	650	1
chr17	798	828	1
chr17	361	367	1
chr17	1062	1247	1
chr17	546	585	1
chr17	334	368	1
chr17	87	108	1
chr17	919	940	1
chr17	1347	1413	1
chr17	1553	1593	1
chr17	40	72	1
chr17	651	685	1
chr17	539	605	1
chr17	434	438	1
chr17	506	545	1
chr17	299	333	1
chr17	1495	1540	2
chr17	383	432	2
chr17	1553	1592	2
chr17	965	987	2
chr17	615	683	2
chr17	1541	1551	2
chr17	109	127	2
chr17	1350	1411	2
chr17	988	1061	2
chr17	539	614	2
chr17	506	538	3
chr17	434	446	3
chr17	1612	1624	3
chr17	1593	1611	3
chr17	1	6	4
chr18	572	616	1
chr18	1088	1150	1
chr18	595	649	1
chr18	1007	1034	1
chr18	960	1006	1
chr18	1106	1150	1
chr18	470	515	1
chr18	925	959	1
chr18	1045	1058	1
chr18	438	470	1
chr18	617	690	1
chr18	1433	1465	1
chr18	55	74	1
chr18	234	264	1
chr18	1299	1433	1
chr18	246	254	1
chr18	1510	1542	1
chr18	748	792	1
chr18	18	54	1
chr18	572	594	1
chr18	436	594	1
chr18	233	254	1
chr18	672	690	1
chr18	864	874	1
chr18	865	924	1
chr18	81	102	1
chr18	1151	1223	1
chr18	529	571	1
chr18	233	276	1
chr18	973	1034	1
chr18	650	671	1
chr18	691	747	1
chr18	505	594	1
chr18	75	102	1
chr18	57	74	1
chr18	875	919	1
chr18	1122	1153	1
chr18	170	232	1
chr18	1466	1489	1
chr18	1154	1185	1
chr18	18	80	1
chr18	141	171	1
chr18	470	504	1
chr18	1045	1087	1
chr18	1224	1297	1
chr18	75	168	1
chr18	172	232	1
chr18	921	966	1
chr18	516	571	1
chr18	170	245	1
chr18	1197	1223	1
chr18	1364	1407	1
chr18	865	966	1
chr18	920	972	1
chr18	18	52	1
chr18	1059	1121	1
chr18	892	920	1
chr18	1106	1153	1
chr18	1198	1223	1
chr18	1224	1298	1
chr18	438	469	1
chr18	169	191	1
chr18	1151	1363	1
chr18	691	792	1
chr18	1447	1482	1
chr18	436	469	1
chr18	471	528	1
chr18	1154	1197	1
chr18	1	14	1
chr18	277	309	1
chr18	1433	1490	1
chr18	15	56	1
chr18	1434	1490	1
chr18	1224	1363	1
chr18	1483	1542	1
chr18	1298	1363	1
chr18	1490	1509	1
chr18	192	233	1
chr18	1408	1446	1
chr18	864	891	1
chr18	1186	1196	1
chr18	53	140	1
chr18	793	863	2
chr18	1543	1561	2
chr18	652	792	2
chr18	391	437	2
chr18	825	864	2
chr18	103	169	2
chr18	595	651	2
chr18	793	824	2
chr18	1491	1561	2
chr18	967	1034	2
chr18	1045	1105	2
chr18	255	264	2
chr18	1364	1432	2
chr18	391	435	2
chr18	1	17	3
chr18	265	309	3
chr18	372	390	4
chr18	1035	1042	4
chr19	383	396	1
chr19	816	859	1
chr19	293	331	1
chr19	178	199	1
chr19	5	13	1
chr19	71	93	1
chr19	200	235	1
chr19	60	91	1
chr19	925	942	1
chr19	1014	1099	1
chr19	1047	1099	1
chr19	793	816	1
chr19	983	1013	1
chr19	732	774	1
chr19	1100	1139	1
chr19	293	342	1
chr19	555	661	1
chr19	360	371	1
chr19	86	114	1
chr19	169	199	1
chr19	397	492	1
chr19	943	969	1
chr19	927	969	1
chr19	848	901	1
chr19	1100	1123	1
chr19	115	141	1
chr19	817	877	1
chr19	261	293	1
chr19	555	584	1
chr19	707	767	1
chr19	16	37	1
chr19	38	59	1
chr19	294	348	1
chr19	365	382	1
chr19	970	1012	1
chr19	1014	1123	1
chr19	16	25	1
chr19	775	823	1
chr19	94	119	1
chr19	706	767	1
chr19	115	168	1
chr19	86	116	1
chr19	1093	1124	1
chr19	878	908	1
chr19	768	792	1
chr19	332	359	1
chr19	585	662	1
chr19	768	801	1
chr19	951	982	1
chr19	200	260	1
chr19	970	1026	1
chr19	909	950	1
chr19	970	1013	1
chr19	902	924	1
chr19	117	177	1
chr19	13	37	1
chr19	92	114	1
chr19	14	25	1
chr19	662	731	1
chr19	178	292	1
chr19	1027	1092	1
chr19	902	925	1
chr19	926	944	1
chr19	236	256	1
chr19	3	15	1
chr19	824	859	1
chr19	555	706	1
chr19	5	12	1
chr19	362	393	1
chr19	120	177	1
chr19	372	393	1
chr19	349	393	1
chr19	769	815	1
chr19	945	969	1
chr19	343	364	1
chr19	257	293	1
chr19	1013	1046	1
chr19	1125	1183	1
chr19	294	361	1
chr19	142	185	1
chr19	1140	1183	1
chr19	733	768	1
chr19	663	732	1
chr19	555	705	1
chr19	5	15	1
chr19	186	292	1
chr19	38	70	1
chr19	802	847	1
chr19	902	926	1
chr19	1124	1183	2
chr19	38	85	2
chr19	26	37	2
chr19	860	879	2
chr19	880	901	2
chr19	394	493	3
chr2	3509	3589	1
chr2	479	501	1
chr2	976	1157	1
chr2	4512	4566	1
chr2	4682	4699	1
chr2	3728	3774	1
chr2	4574	4612	1
chr2	1081	1118	1
chr2	3673	3776	1
chr2	2195	2203	1
chr2	3450	3589	1
chr2	103	140	1
chr2	2557	2614	1
chr2	2113	2169	1
chr2	558	580	1
chr2	2452	2556	1
chr2	4340	4411	1
chr2	677	741	1
chr2	316	371	1
chr2	4669	4760	1
chr2	3048	3162	1
chr2	742	860	1
chr2	38	101	1
chr2	2996	3049	1
chr2	3681	3775	1
chr2	1384	1469	1
chr2	2975	2994	1
chr2	843	876	1
chr2	3589	3672	1
chr2	3507	3579	1
chr2	403	425	1
chr2	3474	3579	1
chr2	480	540	1
chr2	905	961	1
chr2	3966	4016	1
chr2	315	479	1
chr2	1219	1318	1
chr2	1317	1372	1
chr2	3392	3508	1
chr2	426	472	1
chr2	802	842	1
chr2	560	676	1
chr2	2996	3071	1
chr2	1907	1933	1
chr2	3590	3672	1
chr2	2694	2772	1
chr2	1016	1081	1
chr2	581	607	1
chr2	307	315	1
chr2	140	239	1
chr2	2227	2284	1
chr2	4016	4098	1
chr2	714	732	1
chr2	3580	3588	1
chr2	77	101	1
chr2	2171	2203	1
chr2	976	1032	1
chr2	308	314	1
chr2	1907	1960	1
chr2	3807	3838	1
chr2	3406	3436	1
chr2	733	741	1
chr2	3318	3506	1
chr2	678	713	1
chr2	4225	4338	1
chr2	418	472	1
chr2	3580	3806	1
chr2	1158	1218	1
chr2	3806	3861	1
chr2	1189	1218	1
chr2	2877	2974	1
chr2	4340	4410	1
chr2	4184	4339	1
chr2	3775	3788	1
chr2	3384	3449	1
chr2	4381	4395	1
chr2	1519	1694	1
chr2	741	770	1
chr2	4698	4783	1
chr2	1603	1703	1
chr2	2732	2772	1
chr2	4800	4857	1
chr2	1907	1932	1
chr2	2216	2223	1
chr2	741	802	1
chr2	220	333	1
chr2	1518	1605	1
chr2	1426	1470	1
chr2	141	239	1
chr2	1	76	1
chr2	3673	3681	1
chr2	3807	3965	1
chr2	3776	3838	1
chr2	2229	2640	1
chr2	334	403	1
chr2	2285	2556	1
chr2	4270	4339	1
chr2	878	953	1
chr2	1755	1791	1
chr2	4613	4680	1
chr2	1464	1498	1
chr2	502	559	1
chr2	2996	3178	1
chr2	2229	2373	1
chr2	372	402	1
chr2	1	75	1
chr2	3862	3924	1
chr2	1933	2053	1
chr2	4412	4470	1
chr2	3617	3675	1
chr2	2650	2693	1
chr2	4184	4224	1
chr2	2996	3047	1
chr2	2217	2224	1
chr2	1373	1427	1
chr2	2054	2112	1
chr2	2113	2203	1
chr2	1160	1218	1
chr2	803	850	1
chr2	2285	2374	1
chr2	4471	4668	1
chr2	4396	4412	1
chr2	925	975	1
chr2	1119	1383	1
chr2	4413	4573	1
chr2	976	1080	1
chr2	1934	2112	1
chr2	4570	4612	1
chr2	2145	2177	1
chr2	3164	3264	1
chr2	559	632	1
chr2	4099	4183	1
chr2	954	975	1
chr2	1428	1463	1
chr2	851	975	1
chr2	4613	4647	1
chr2	861	877	1
chr2	2178	2203	1
chr2	1913	1961	1
chr2	1606	1710	1
chr2	4339	4380	1
chr2	962	975	1
chr2	3265	3315	1
chr2	76	101	1
chr2	2653	2876	1
chr2	1375	1602	1
chr2	3261	3317	1
chr2	4017	4095	1
chr2	4761	4798	1
chr2	1119	1158	1
chr2	3383	3405	1
chr2	852	904	1
chr2	3214	3264	1
chr2	3590	3616	1
chr2	2374	2451	1
chr2	4411	4613	1
chr2	1836	1847	1
chr2	3163	3260	1
chr2	473	520	1
chr2	264	307	1
chr2	418	478	1
chr2	3072	3163	1
chr2	1471	1518	1
chr2	1082	1118	1
chr2	3316	3383	1
chr2	4184	4282	1
chr2	2715	2789	1
chr2	608	677	1
chr2	4614	4634	1
chr2	2653	2731	1
chr2	1317	1374	1
chr2	877	924	1
chr2	3984	4015	1
chr2	3676	3680	1
chr2	4648	4742	1
chr2	2557	2652	1
chr2	2375	2451	1
chr2	3168	3391	1
chr2	4412	4469	1
chr2	1963	2051	1
chr2	4858	4862	1
chr2	1	101	1
chr2	1755	1793	1
chr2	2063	2110	1
chr2	1367	1425	1
chr2	1159	1188	1
chr2	1907	1912	1
chr2	3777	3805	1
chr2	4185	4269	1
chr2	521	557	1
chr2	3437	3473	1
chr2	3925	3983	1
chr2	976	1015	1
chr2	2111	2194	1
chr2	3058	3167	1
chr2	1	37	1
chr2	2452	2557	1
chr2	4283	4338	1
chr2	3682	3727	1
chr2	1119	1159	1
chr2	1961	2062	1
chr2	1704	1710	1
chr2	4857	4862	1
chr2	3265	3382	1
chr2	2615	2652	1
chr2	4470	4511	1
chr2	3940	4016	1
chr2	4743	4761	1
chr2	2119	2144	1
chr2	4799	4856	1
chr2	4700	4783	1
chr2	2228	2284	1
chr2	220	417	1
chr2	3050	3057	1
chr2	2790	2877	1
chr2	473	521	1
chr2	264	306	1
chr2	4339	4411	1
chr2	4097	4184	1
chr2	2878	2987	1
chr2	1499	1710	1
chr2	4762	4799	1
chr2	3940	4095	1
chr2	1319	1366	1
chr2	771	801	1
chr2	1695	1753	1
chr2	4635	4697	1
chr2	1470	1517	1
chr2	2558	2649	1
chr2	742	851	1
chr2	633	677	1
chr2	3789	3806	1
chr2	560	677	1
chr2	2641	2714	1
chr2	3179	3213	1
chr2	2052	2118	1
chr2	1033	1118	1
chr2	1800	1806	1
chr2	404	417	1
chr2	4017	4096	1
chr2	541	558	1
chr2	522	559	1
chr2	4096	4183	2
chr2	1755	1780	2
chr2	2215	2224	2
chr2	140	219	2
chr2	1219	1316	2
chr2	1781	1793	2
chr2	240	263	2
chr2	2773	2876	2
chr2	678	740	2
chr2	4784	4862	2
chr2	2877	2987	2
chr2	3839	3939	2
chr2	1832	1847	3
chr2	1711	1753	3
chr2	2988	2994	3
chr2	1797	1806	3
chr2	103	139	3
chr2	2206	2211	4
chr20	67	110	1
chr20	1113	1163	1
chr20	394	434	1
chr20	1164	1211	1
chr20	669	705	1
chr20	176	276	1
chr20	1163	1172	1
chr20	603	639	1
chr20	597	639	1
chr20	793	865	1
chr20	2	29	1
chr20	603	630	1
chr20	903	953	1
chr20	706	754	1
chr20	447	520	1
chr20	646	681	1
chr20	122	187	1
chr20	1052	1066	1
chr20	123	175	1
chr20	1164	1210	1
chr20	1067	1099	1
chr20	917	926	1
chr20	1102	1136	1
chr20	872	902	1
chr20	603	645	1
chr20	927	945	1
chr20	894	916	1
chr20	435	497	1
chr20	1254	1260	1
chr20	433	446	1
chr20	1212	1229	1
chr20	842	871	1
chr20	946	951	1
chr20	793	841	1
chr20	367	395	1
chr20	631	668	1
chr20	350	366	1
chr20	989	1015	1
chr20	902	926	1
chr20	1211	1242	1
chr20	111	121	1
chr20	350	432	1
chr20	1211	1229	1
chr20	72	122	1
chr20	37	66	1
chr20	157	175	1
chr20	447	473	1
chr20	176	266	1
chr20	866	892	1
chr20	682	698	1
chr20	523	527	1
chr20	1100	1163	1
chr20	1058	1099	1
chr20	1243	1253	1
chr20	842	893	1
chr20	712	753	1
chr20	1212	1260	1
chr20	755	788	1
chr20	893	908	1
chr20	106	122	1
chr20	1137	1162	1
chr20	1067	1112	1
chr20	2	60	1
chr20	350	522	1
chr20	16	105	1
chr20	953	988	1
chr20	350	393	1
chr20	93	122	1
chr20	396	446	1
chr20	954	988	1
chr20	16	36	1
chr20	522	527	1
chr20	1100	1162	1
chr20	952	976	1
chr20	474	527	1
chr20	640	711	1
chr20	679	712	1
chr20	267	349	1
chr20	713	754	1
chr20	1016	1057	1
chr20	927	952	1
chr20	972	1015	1
chr20	61	92	1
chr20	123	187	1
chr20	498	527	1
chr20	30	71	1
chr20	1016	1066	1
chr20	717	754	1
chr20	989	1051	1
chr20	789	841	1
chr20	1197	1211	1
chr20	700	716	1
chr20	1174	1196	1
chr20	1173	1210	1
chr20	1163	1173	1
chr20	856	901	1
chr20	909	971	1
chr20	1017	1101	1
chr20	977	1016	1
chr20	123	156	1
chr20	640	678	1
chr20	754	855	1
chr20	2	15	2
chr20	1230	1260	2
chr20	589	592	2
chr20	589	594	2
chr20	188	276	2
chr20	755	792	2
chr20	277	349	3
chr20	597	602	3
chr21	604	673	1
chr21	948	957	1
chr21	674	705	1
chr21	608	673	1
chr21	954	963	1
chr21	895	903	1
chr21	674	715	1
chr21	698	721	1
chr21	853	893	1
chr21	304	539	1
chr21	823	852	1
chr21	756	822	1
chr21	674	700	1
chr21	716	722	1
chr21	859	893	1
chr21	751	795	1
chr21	928	946	1
chr21	539	673	1
chr21	852	893	1
chr21	539	607	1
chr21	312	348	1
chr21	340	349	1
chr21	958	963	1
chr21	701	721	1
chr21	349	538	1
chr21	540	673	1
chr21	852	902	1
chr21	796	823	1
chr21	287	300	1
chr21	304	324	1
chr21	947	953	1
chr21	304	311	1
chr21	757	795	1
chr21	818	858	1
chr21	928	947	1
chr21	350	603	1
chr21	756	811	1
chr21	904	927	1
chr21	823	851	1
chr21	305	538	1
chr21	812	817	1
chr21	706	721	1
chr21	824	851	1
chr21	796	822	1
chr21	674	697	1
chr21	325	339	1
chr21	740	756	1
chr21	723	739	1
chr21	952	963	2
chr21	751	755	2
chr21	928	951	2
chr21	895	902	2
chr21	903	927	3
chr21	287	301	3
chr21	722	750	3
chr21	215	224	4
chr21	208	213	4
chr22	322	334	1
chr22	799	839	1
chr22	415	447	1
chr22	944	1003	1
chr22	595	636	1
chr22	669	673	1
chr22	929	952	1
chr22	874	903	1
chr22	323	334	1
chr22	761	783	1
chr22	501	541	1
chr22	474	505	1
chr22	945	1003	1
chr22	1012	1025	1
chr22	415	422	1
chr22	338	347	1
chr22	873	919	1
chr22	327	333	1
chr22	887	903	1
chr22	648	673	1
chr22	873	902	1
chr22	920	944	1
chr22	953	986	1
chr22	920	943	1
chr22	474	501	1
chr22	860	873	1
chr22	424	441	1
chr22	367	374	1
chr22	611	647	1
chr22	816	836	1
chr22	817	840	1
chr22	796	816	1
chr22	566	594	1
chr22	903	919	1
chr22	873	886	1
chr22	501	535	1
chr22	569	610	1
chr22	348	374	1
chr22	337	347	1
chr22	759	795	1
chr22	614	647	1
chr22	796	839	1
chr22	837	860	1
chr22	348	366	1
chr22	987	1011	1
chr22	841	872	1
chr22	448	473	1
chr22	394	411	1
chr22	670	713	1
chr22	637	669	1
chr22	595	634	1
chr22	635	668	1
chr22	400	407	1
chr22	860	872	1
chr22	566	613	1
chr22	378	393	1
chr22	948	1003	1
chr22	337	346	1
chr22	423	441	1
chr22	502	535	1
chr22	379	402	1
chr22	375	411	1
chr22	506	594	1
chr22	415	473	1
chr22	861	872	1
chr22	673	713	1
chr22	403	407	1
chr22	759	798	1
chr22	929	947	1
chr22	784	815	1
chr22	542	565	1
chr22	378	399	1
chr22	375	378	1
chr22	415	423	1
chr22	338	346	1
chr22	536	568	1
chr22	536	565	1
chr22	761	795	1
chr22	648	672	1
chr22	739	760	2
chr22	474	500	2
chr22	674	713	2
chr22	347	374	2
chr22	714	758	2
chr22	904	928	2
chr22	714	738	2
chr22	408	411	2
chr22	442	473	2
chr22	840	859	2
chr22	1004	1025	3
chr3	2681	2767	1
chr3	1164	1290	1
chr3	2511	2546	1
chr3	1381	1402	1
chr3	2468	2510	1
chr3	2782	2820	1
chr3	3589	3649	1
chr3	965	990	1
chr3	3221	3301	1
chr3	2168	2245	1
chr3	314	404	1
chr3	2574	2597	1
chr3	1326	1338	1
chr3	2237	2276	1
chr3	2246	2275	1
chr3	3927	3959	1
chr3	3451	3533	1
chr3	3915	3926	1
chr3	1991	2030	1
chr3	1164	1316	1
chr3	1871	1949	1
chr3	3413	3450	1
chr3	3649	3706	1
chr3	3114	3223	1
chr3	992	1012	1
chr3	2175	2245	1
chr3	497	638	1
chr3	3300	3389	1
chr3	2598	2648	1
chr3	1382	1471	1
chr3	1548	1628	1
chr3	790	860	1
chr3	3868	3881	1
chr3	496	644	1
chr3	2598	2680	1
chr3	2277	2372	1
chr3	860	965	1
chr3	1746	1810	1
chr3	638	678	1
chr3	3535	3587	1
chr3	496	637	1
chr3	640	678	1
chr3	406	495	1
chr3	2139	2174	1
chr3	1421	1435	1
chr3	1992	2167	1
chr3	2870	2974	1
chr3	966	1008	1
chr3	2138	2175	1
chr3	2547	2573	1
chr3	2001	2030	1
chr3	3750	3870	1
chr3	3534	3587	1
chr3	89	104	1
chr3	1472	1629	1
chr3	736	748	1
chr3	3525	3588	1
chr3	3650	3748	1
chr3	405	496	1
chr3	1326	1380	1
chr3	2246	2324	1
chr3	3114	3220	1
chr3	1436	1463	1
chr3	1871	1991	1
chr3	2819	2869	1
chr3	1631	1764	1
chr3	3750	3867	1
chr3	900	964	1
chr3	1950	2000	1
chr3	3868	3925	1
chr3	2379	2467	1
chr3	2981	3054	1
chr3	88	176	1
chr3	2598	2649	1
chr3	2650	3108	1
chr3	1436	1470	1
chr3	679	735	1
chr3	1133	1291	1
chr3	3208	3299	1
chr3	3301	3389	1
chr3	2237	2371	1
chr3	2467	2494	1
chr3	966	991	1
chr3	3915	3925	1
chr3	89	175	1
chr3	1471	1547	1
chr3	2031	2108	1
chr3	2495	2546	1
chr3	679	706	1
chr3	1066	1163	1
chr3	2547	2580	1
chr3	1067	1140	1
chr3	707	735	1
chr3	175	326	1
chr3	1515	1628	1
chr3	965	1008	1
chr3	861	899	1
chr3	1030	1066	1
chr3	327	405	1
chr3	1008	1040	1
chr3	3224	3312	1
chr3	3451	3589	1
chr3	1465	1630	1
chr3	1339	1381	1
chr3	2598	2685	1
chr3	3590	3648	1
chr3	3804	3867	1
chr3	3820	3881	1
chr3	3146	3223	1
chr3	1382	1434	1
chr3	2581	2597	1
chr3	405	495	1
chr3	1871	1990	1
chr3	1291	1324	1
chr3	3871	3881	1
chr3	900	965	1
chr3	3451	3524	1
chr3	1464	1514	1
chr3	790	900	1
chr3	1435	1464	1
chr3	901	964	1
chr3	3114	3207	1
chr3	1871	2173	1
chr3	177	313	1
chr3	1292	1324	1
chr3	2424	2466	1
chr3	2686	2765	1
chr3	1141	1172	1
chr3	496	639	1
chr3	2176	2236	1
chr3	1066	1132	1
chr3	3650	3736	1
chr3	1630	1764	1
chr3	749	789	1
chr3	1326	1401	1
chr3	106	174	1
chr3	88	105	1
chr3	3224	3300	1
chr3	3749	3819	1
chr3	1807	1811	1
chr3	176	302	1
chr3	2649	2980	1
chr3	1133	1163	1
chr3	2372	2423	1
chr3	3650	3706	1
chr3	303	404	1
chr3	2975	3113	1
chr3	1326	1337	1
chr3	2766	2818	1
chr3	2031	2138	1
chr3	2768	2781	1
chr3	3451	3534	1
chr3	2975	3044	1
chr3	3737	3803	1
chr3	105	175	1
chr3	3109	3145	1
chr3	1041	1079	1
chr3	2276	2372	1
chr3	2109	2122	1
chr3	3313	3389	1
chr3	1080	1132	1
chr3	1317	1324	1
chr3	1402	1435	1
chr3	3374	3412	1
chr3	645	678	1
chr3	2869	2974	1
chr3	790	859	1
chr3	3055	3113	1
chr3	1746	1806	1
chr3	1173	1324	1
chr3	2821	2868	1
chr3	1403	1420	1
chr3	2123	2137	1
chr3	1013	1029	1
chr3	2174	2236	1
chr3	1338	1381	1
chr3	2325	2378	1
chr3	3045	3113	1
chr3	853	899	1
chr3	3915	3959	1
chr3	304	495	1
chr3	790	852	1
chr3	176	303	1
chr3	991	1007	1
chr3	3302	3373	1
chr3	639	678	1
chr3	3588	3649	2
chr3	679	703	2
chr3	704	735	2
chr3	2	88	2
chr3	1765	1811	2
chr3	2373	2425	2
chr3	2556	2597	2
chr3	2	87	2
chr3	3707	3749	2
chr3	1029	1065	2
chr3	3926	3959	2
chr3	1629	1745	2
chr3	2426	2555	2
chr3	1009	1028	2
chr3	736	789	3
chr3	3390	3450	3
chr3	3882	3914	3
chr4	3193	3206	1
chr4	612	703	1
chr4	3704	3731	1
chr4	1537	1597	1
chr4	191	325	1
chr4	3421	3452	1
chr4	1103	1157	1
chr4	2443	2584	1
chr4	3478	3513	1
chr4	326	415	1
chr4	1802	1825	1
chr4	1312	1366	1
chr4	3453	3477	1
chr4	416	509	1
chr4	2890	2976	1
chr4	3096	3109	1
chr4	2597	2798	1
chr4	3399	3420	1
chr4	753	962	1
chr4	1465	1515	1
chr4	3269	3328	1
chr4	2959	3023	1
chr4	3211	3240	1
chr4	541	611	1
chr4	753	841	1
chr4	1311	1478	1
chr4	2178	2229	1
chr4	954	987	1
chr4	990	993	1
chr4	1826	1867	1
chr4	1229	1310	1
chr4	1227	1310	1
chr4	2455	2524	1
chr4	757	819	1
chr4	3686	3743	1
chr4	2455	2596	1
chr4	2230	2259	1
chr4	2597	2756	1
chr4	520	619	1
chr4	188	305	1
chr4	2757	2799	1
chr4	90	116	1
chr4	1158	1310	1
chr4	3111	3192	1
chr4	3688	3744	1
chr4	3273	3314	1
chr4	3042	3095	1
chr4	3135	3182	1
chr4	2276	2391	1
chr4	3514	3562	1
chr4	2575	2604	1
chr4	2525	2574	1
chr4	1537	1598	1
chr4	3563	3685	1
chr4	61	88	1
chr4	2800	2976	1
chr4	1229	1311	1
chr4	1159	1226	1
chr4	490	541	1
chr4	449	519	1
chr4	1430	1464	1
chr4	779	818	1
chr4	2977	3017	1
chr4	80	185	1
chr4	2799	2920	1
chr4	189	350	1
chr4	820	953	1
chr4	1710	1801	1
chr4	3732	3821	1
chr4	2019	2229	1
chr4	3745	3820	1
chr4	2835	2889	1
chr4	1905	2018	1
chr4	1311	1366	1
chr4	86	187	1
chr4	3359	3398	1
chr4	3018	3041	1
chr4	1667	1745	1
chr4	1599	1663	1
chr4	1904	2081	1
chr4	2799	2834	1
chr4	1668	1789	1
chr4	1868	1905	1
chr4	61	89	1
chr4	3019	3080	1
chr4	1103	1158	1
chr4	1367	1528	1
chr4	3677	3703	1
chr4	351	448	1
chr4	3019	3110	1
chr4	2392	2454	1
chr4	2099	2178	1
chr4	2605	2798	1
chr4	2082	2177	1
chr4	1802	1903	1
chr4	3688	3731	1
chr4	1720	1801	1
chr4	89	184	1
chr4	963	982	1
chr4	842	962	1
chr4	542	623	1
chr4	1598	1667	1
chr4	3732	3820	1
chr4	2170	2229	1
chr4	1598	1709	1
chr4	2582	2596	1
chr4	306	372	1
chr4	3744	3820	1
chr4	117	190	1
chr4	61	85	1
chr4	3241	3272	1
chr4	14	35	1
chr4	2009	2098	1
chr4	1311	1365	1
chr4	188	296	1
chr4	704	752	1
chr4	954	982	1
chr4	3081	3134	1
chr4	2392	2442	1
chr4	1367	1478	1
chr4	3024	3109	1
chr4	2596	2798	1
chr4	963	987	1
chr4	991	994	1
chr4	2799	2958	1
chr4	352	508	1
chr4	3421	3478	1
chr4	819	953	1
chr4	2921	2976	1
chr4	509	541	1
chr4	624	756	1
chr4	3	79	1
chr4	510	540	1
chr4	3479	3601	1
chr4	3315	3420	1
chr4	2260	2286	1
chr4	3211	3268	1
chr4	620	752	1
chr4	1598	1666	1
chr4	542	627	1
chr4	297	351	1
chr4	1790	1904	1
chr4	1906	2008	1
chr4	2585	2595	1
chr4	1529	1597	1
chr4	3602	3676	1
chr4	1386	1429	1
chr4	2179	2389	1
chr4	3207	3210	1
chr4	1366	1385	1
chr4	2287	2391	1
chr4	1903	2169	1
chr4	1746	1801	1
chr4	3329	3358	1
chr4	1802	1902	1
chr4	3183	3210	1
chr4	373	489	1
chr4	2316	2389	1
chr4	2261	2275	1
chr4	2455	2581	1
chr4	1516	1597	1
chr4	2261	2315	1
chr4	1664	1719	1
chr4	36	60	1
chr4	628	778	1
chr4	1159	1228	2
chr4	2977	3018	2
chr4	1054	1102	2
chr4	3322	3420	2
chr4	3477	3505	2
chr4	984	987	2
chr4	14	34	2
chr4	3421	3476	2
chr4	2390	2454	2
chr4	1479	1536	2
chr4	35	60	2
chr4	3211	3272	2
chr4	3183	3208	2
chr4	3506	3562	2
chr4	3273	3321	2
chr4	1054	1158	2
chr4	3110	3182	2
chr4	2230	2260	2
chr4	3563	3687	2
chr4	990	994	2
chr4	1	13	3
chr5	656	720	1
chr5	1332	1379	1
chr5	2231	2259	1
chr5	1633	1726	1
chr5	2919	2973	1
chr5	872	898	1
chr5	3355	3499	1
chr5	1005	1045	1
chr5	217	280	1
chr5	1404	1409	1
chr5	1297	1379	1
chr5	509	627	1
chr5	3198	3259	1
chr5	793	929	1
chr5	3133	3197	1
chr5	703	779	1
chr5	2840	2918	1
chr5	2847	2917	1
chr5	1133	1230	1
chr5	3354	3437	1
chr5	2694	2739	1
chr5	3584	3616	1
chr5	2057	2110	1
chr5	2432	2537	1
chr5	1728	1734	1
chr5	1385	1390	1
chr5	1297	1330	1
chr5	302	436	1
chr5	2260	2431	1
chr5	2110	2154	1
chr5	1612	1632	1
chr5	2057	2151	1
chr5	989	1039	1
chr5	1234	1297	1
chr5	1613	1968	1
chr5	2804	2839	1
chr5	2918	2974	1
chr5	1	33	1
chr5	2232	2366	1
chr5	1761	1930	1
chr5	1735	1760	1
chr5	3500	3553	1
chr5	1529	1632	1
chr5	1	136	1
chr5	3088	3133	1
chr5	3024	3259	1
chr5	793	928	1
chr5	2202	2231	1
chr5	874	929	1
chr5	2042	2056	1
chr5	3261	3346	1
chr5	581	628	1
chr5	989	1004	1
chr5	158	216	1
chr5	2616	2648	1
chr5	281	434	1
chr5	1393	1397	1
chr5	1405	1409	1
chr5	1040	1071	1
chr5	899	928	1
chr5	627	655	1
chr5	437	535	1
chr5	1231	1296	1
chr5	3260	3353	1
chr5	1594	1659	1
chr5	1133	1229	1
chr5	3089	3132	1
chr5	2155	2184	1
chr5	3438	3547	1
chr5	1887	1968	1
chr5	3554	3616	1
chr5	1567	1611	1
chr5	2059	2109	1
chr5	1046	1089	1
chr5	436	508	1
chr5	3355	3437	1
chr5	1414	1480	1
chr5	2981	3089	1
chr5	487	535	1
chr5	1660	1886	1
chr5	1230	1331	1
chr5	3260	3300	1
chr5	35	203	1
chr5	3090	3133	1
chr5	2377	2437	1
chr5	3134	3197	1
chr5	1523	1593	1
chr5	1523	1566	1
chr5	2803	2918	1
chr5	1816	1892	1
chr5	627	743	1
chr5	1969	2039	1
chr5	2740	2774	1
chr5	158	301	1
chr5	1443	1528	1
chr5	435	486	1
chr5	2974	3023	1
chr5	2918	2980	1
chr5	109	157	1
chr5	2152	2231	1
chr5	1072	1089	1
chr5	3145	3259	1
chr5	1404	1411	1
chr5	3347	3436	1
chr5	3583	3615	1
chr5	2776	2846	1
chr5	137	301	1
chr5	536	585	1
chr5	1633	1658	1
chr5	1893	2056	1
chr5	654	720	1
chr5	2185	2230	1
chr5	1312	1378	1
chr5	586	626	1
chr5	1412	1457	1
chr5	3134	3144	1
chr5	1416	1522	1
chr5	2616	2667	1
chr5	721	792	1
chr5	1969	2027	1
chr5	3024	3068	1
chr5	819	873	1
chr5	2437	2537	1
chr5	1331	1377	1
chr5	1529	1612	1
chr5	1133	1296	1
chr5	302	435	1
chr5	669	702	1
chr5	744	818	1
chr5	1	157	1
chr5	628	653	1
chr5	2155	2201	1
chr5	2628	2637	1
chr5	1969	2041	1
chr5	629	668	1
chr5	3438	3539	1
chr5	3260	3354	1
chr5	1659	1727	1
chr5	2232	2375	1
chr5	1458	1522	1
chr5	1411	1442	1
chr5	204	301	1
chr5	749	792	1
chr5	2775	2803	1
chr5	2040	2245	1
chr5	2460	2514	1
chr5	1727	1815	1
chr5	721	748	1
chr5	3069	3087	1
chr5	2697	2917	1
chr5	2919	2974	1
chr5	3437	3503	1
chr5	2515	2693	1
chr5	780	871	1
chr5	2111	2154	1
chr5	302	626	1
chr5	2538	2627	1
chr5	1298	1311	1
chr5	3504	3582	1
chr5	2697	2775	1
chr5	2246	2292	1
chr5	2293	2376	1
chr5	1133	1233	1
chr5	2376	2436	1
chr5	536	580	1
chr5	2438	2459	1
chr5	1	34	1
chr5	3024	3088	1
chr5	34	108	1
chr5	3301	3354	1
chr5	2638	2648	1
chr5	2697	2802	1
chr5	1481	1528	1
chr5	3546	3583	1
chr5	3198	3258	1
chr5	3548	3615	1
chr5	2028	2058	1
chr5	1931	1968	1
chr5	3540	3544	1
chr5	2367	2537	1
chr5	989	1044	2
chr5	2538	2615	2
chr5	1045	1089	2
chr5	2649	2667	2
chr5	2975	3023	2
chr5	2668	2696	3
chr5	1090	1132	4
chr6	3156	3359	1
chr6	2005	2106	1
chr6	683	754	1
chr6	2943	2954	1
chr6	1386	1435	1
chr6	1126	1148	1
chr6	3037	3094	1
chr6	3151	3191	1
chr6	1953	2105	1
chr6	1917	1995	1
chr6	1527	1612	1
chr6	2605	2685	1
chr6	956	988	1
chr6	1353	1385	1
chr6	3361	3370	1
chr6	685	746	1
chr6	2251	2330	1
chr6	2708	2738	1
chr6	2657	2689	1
chr6	402	442	1
chr6	1917	1952	1
chr6	285	327	1
chr6	3095	3150	1
chr6	1104	1125	1
chr6	1043	1147	1
chr6	641	671	1
chr6	3237	3333	1
chr6	1952	1995	1
chr6	210	284	1
chr6	1292	1352	1
chr6	888	940	1
chr6	1435	1826	1
chr6	1813	1914	1
chr6	755	887	1
chr6	2390	2638	1
chr6	1149	1162	1
chr6	3068	3094	1
chr6	2643	2685	1
chr6	1073	1103	1
chr6	1489	1612	1
chr6	2250	2286	1
chr6	5	55	1
chr6	2330	2401	1
chr6	487	520	1
chr6	2107	2249	1
chr6	3237	3331	1
chr6	367	401	1
chr6	1125	1151	1
chr6	3036	3067	1
chr6	3405	3419	1
chr6	3095	3221	1
chr6	633	682	1
chr6	2686	2717	1
chr6	443	486	1
chr6	3192	3236	1
chr6	66	131	1
chr6	672	754	1
chr6	1419	1488	1
chr6	2955	2987	1
chr6	2639	2678	1
chr6	56	153	1
chr6	888	1072	1
chr6	1952	2116	1
chr6	755	1038	1
chr6	1436	1488	1
chr6	746	857	1
chr6	2249	2329	1
chr6	1039	1072	1
chr6	521	542	1
chr6	2250	2329	1
chr6	2767	2876	1
chr6	1722	1826	1
chr6	1309	1352	1
chr6	2599	2604	1
chr6	489	542	1
chr6	1001	1042	1
chr6	609	645	1
chr6	2197	2249	1
chr6	2523	2642	1
chr6	2783	2887	1
chr6	487	504	1
chr6	2877	2943	1
chr6	1382	1419	1
chr6	2455	2526	1
chr6	1756	1812	1
chr6	1126	1151	1
chr6	367	486	1
chr6	630	661	1
chr6	2107	2248	1
chr6	1613	1721	1
chr6	3332	3359	1
chr6	560	629	1
chr6	1073	1125	1
chr6	559	608	1
chr6	2686	2718	1
chr6	1353	1418	1
chr6	210	272	1
chr6	989	1000	1
chr6	2987	3035	1
chr6	646	745	1
chr6	2597	2656	1
chr6	882	946	1
chr6	543	556	1
chr6	2888	3036	1
chr6	2330	2555	1
chr6	2287	2329	1
chr6	2556	2598	1
chr6	1996	2004	1
chr6	941	955	1
chr6	1613	1826	1
chr6	2331	2522	1
chr6	543	603	1
chr6	747	835	1
chr6	231	272	1
chr6	2944	3036	1
chr6	1420	1434	1
chr6	557	580	1
chr6	327	371	1
chr6	2679	2715	1
chr6	3094	3172	1
chr6	2106	2147	1
chr6	1238	1435	1
chr6	2719	2766	1
chr6	2197	2250	1
chr6	3222	3333	1
chr6	2330	2389	1
chr6	5	30	1
chr6	521	559	1
chr6	328	366	1
chr6	1073	1124	1
chr6	2988	3036	1
chr6	1996	2106	1
chr6	3402	3419	1
chr6	211	366	1
chr6	5	131	1
chr6	1040	1072	1
chr6	3371	3401	1
chr6	403	488	1
chr6	371	402	1
chr6	1274	1308	1
chr6	2148	2196	1
chr6	31	65	1
chr6	604	640	1
chr6	3173	3236	1
chr6	327	370	1
chr6	2739	2875	1
chr6	836	881	1
chr6	1436	1612	1
chr6	858	887	1
chr6	2690	2707	1
chr6	3386	3404	1
chr6	1148	1162	1
chr6	5	53	1
chr6	372	401	1
chr6	2739	2782	1
chr6	2402	2454	1
chr6	1489	1526	1
chr6	163	210	1
chr6	3037	3093	1
chr6	609	632	1
chr6	54	131	1
chr6	581	608	1
chr6	3361	3385	1
chr6	2718	2942	1
chr6	2527	2596	1
chr6	2117	2196	1
chr6	154	230	1
chr6	1292	1381	1
chr6	402	520	1
chr6	1238	1273	1
chr6	947	1001	1
chr6	2876	2986	1
chr6	522	558	1
chr6	662	684	1
chr6	3037	3155	1
chr6	505	521	1
chr6	1613	1755	1
chr6	2716	2738	1
chr6	1002	1039	1
chr6	1238	1291	2
chr6	163	209	2
chr6	3361	3419	2
chr6	1917	1951	2
chr6	1152	1162	2
chr6	273	326	2
chr6	3334	3359	2
chr6	1827	1914	3
chr6	132	162	3
chr6	1163	1176	4
chr7	3088	3092	1
chr7	1	29	1
chr7	2263	2317	1
chr7	2606	2610	1
chr7	728	805	1
chr7	1522	1551	1
chr7	614	651	1
chr7	2869	2877	1
chr7	2164	2262	1
chr7	444	544	1
chr7	3093	3112	1
chr7	2581	2604	1
chr7	624	715	1
chr7	2628	2746	1
chr7	1125	1140	1
chr7	1144	1161	1
chr7	2097	2337	1
chr7	1501	1550	1
chr7	1301	1336	1
chr7	2594	2604	1
chr7	8	32	1
chr7	507	562	1
chr7	3010	3036	1
chr7	1259	1301	1
chr7	1259	1336	1
chr7	463	506	1
chr7	1815	1957	1
chr7	1973	1979	1
chr7	565	623	1
chr7	230	247	1
chr7	1108	1162	1
chr7	2774	2867	1
chr7	2229	2268	1
chr7	1858	1957	1
chr7	960	1029	1
chr7	105	168	1
chr7	1551	1738	1
chr7	2964	3009	1
chr7	1739	1814	1
chr7	1097	1124	1
chr7	1004	1023	1
chr7	2011	2044	1
chr7	56	228	1
chr7	1337	1406	1
chr7	2425	2546	1
chr7	2263	2316	1
chr7	1452	1494	1
chr7	1259	1300	1
chr7	2093	2163	1
chr7	467	505	1
chr7	907	918	1
chr7	243	266	1
chr7	32	103	1
chr7	1732	1970	1
chr7	2269	2316	1
chr7	1	55	1
chr7	1958	2000	1
chr7	2426	2463	1
chr7	2747	2783	1
chr7	2547	2559	1
chr7	904	959	1
chr7	2338	2412	1
chr7	168	242	1
chr7	1971	1979	1
chr7	2078	2116	1
chr7	230	295	1
chr7	716	878	1
chr7	2611	2627	1
chr7	2044	2096	1
chr7	2747	2804	1
chr7	2628	2697	1
chr7	806	878	1
chr7	2784	2867	1
chr7	2808	2867	1
chr7	442	472	1
chr7	3022	3086	1
chr7	2884	2963	1
chr7	443	466	1
chr7	2317	2337	1
chr7	2338	2377	1
chr7	947	1124	1
chr7	296	353	1
chr7	3088	3094	1
chr7	3113	3183	1
chr7	1	31	1
chr7	1980	2001	1
chr7	1447	1451	1
chr7	506	564	1
chr7	3037	3086	1
chr7	1500	1522	1
chr7	1231	1239	1
chr7	2606	2685	1
chr7	1523	1551	1
chr7	652	727	1
chr7	1552	1730	1
chr7	716	803	1
chr7	2002	2043	1
chr7	3095	3183	1
chr7	354	443	1
chr7	1552	1606	1
chr7	473	505	1
chr7	341	442	1
chr7	506	613	1
chr7	2715	2746	1
chr7	1241	1284	1
chr7	1758	1802	1
chr7	355	441	1
chr7	2883	2964	1
chr7	444	462	1
chr7	1453	1477	1
chr7	1240	1257	1
chr7	33	104	1
chr7	1711	1757	1
chr7	919	946	1
chr7	2747	2807	1
chr7	1125	1161	1
chr7	141	167	1
chr7	116	168	1
chr7	2001	2043	1
chr7	2336	2463	1
chr7	2318	2335	1
chr7	2317	2424	1
chr7	1522	1648	1
chr7	296	354	1
chr7	229	340	1
chr7	1607	1710	1
chr7	2057	2077	1
chr7	664	714	1
chr7	2117	2163	1
chr7	55	115	1
chr7	1958	1980	1
chr7	545	663	1
chr7	2869	2883	1
chr7	2164	2228	1
chr7	1731	1857	1
chr7	651	715	1
chr7	1981	2010	1
chr7	563	650	1
chr7	2700	2746	1
chr7	248	354	1
chr7	1024	1107	1
chr7	904	963	1
chr7	2805	2867	1
chr7	2878	2963	1
chr7	1649	1731	1
chr7	1951	1972	1
chr7	1285	1336	1
chr7	2966	2974	1
chr7	30	54	1
chr7	2869	2878	1
chr7	1	7	1
chr7	2964	3021	1
chr7	2628	2699	1
chr7	715	803	1
chr7	1803	1844	1
chr7	2698	2714	1
chr7	2425	2559	1
chr7	1030	1096	1
chr7	2378	2425	1
chr7	1407	1450	1
chr7	1490	1493	1
chr7	1845	1950	1
chr7	1304	1446	1
chr7	2879	2965	1
chr7	267	295	1
chr7	2413	2424	1
chr7	104	140	1
chr7	2157	2262	1
chr7	2045	2056	1
chr7	2560	2593	1
chr7	2043	2092	1
chr7	959	1162	1
chr7	1478	1488	1
chr7	2044	2156	1
chr7	964	1003	1
chr7	1231	1240	1
chr7	2965	2974	1
chr7	1980	2024	1
chr7	2869	2882	1
chr7	907	958	1
chr7	355	443	1
chr7	2560	2580	1
chr7	2025	2042	1
chr7	2686	2773	1
chr7	2560	2604	2
chr7	1453	1488	2
chr7	879	906	2
chr7	2975	3052	2
chr7	2464	2559	2
chr7	881	903	2
chr7	1234	1239	2
chr7	1251	1257	2
chr7	1241	1250	2
chr7	3088	3183	2
chr7	1501	1521	2
chr7	169	229	2
chr7	1447	1450	2
chr7	2606	2627	2
chr7	804	880	2
chr7	3053	3086	2
chr7	1337	1446	2
chr8	726	752	1
chr8	2474	2511	1
chr8	2857	2887	1
chr8	1735	1831	1
chr8	2910	2927	1
chr8	2	156	1
chr8	1331	1499	1
chr8	2902	2906	1
chr8	2416	2439	1
chr8	2363	2393	1
chr8	2557	2617	1
chr8	251	341	1
chr8	2215	2270	1
chr8	1613	1652	1
chr8	622	752	1
chr8	2291	2367	1
chr8	2815	2828	1
chr8	406	466	1
chr8	2857	2874	1
chr8	2857	2888	1
chr8	2796	2829	1
chr8	2889	2906	1
chr8	158	205	1
chr8	753	780	1
chr8	152	156	1
chr8	668	752	1
chr8	938	1066	1
chr8	2368	2474	1
chr8	1387	1455	1
chr8	1909	1983	1
chr8	342	401	1
chr8	979	1059	1
chr8	2393	2415	1
chr8	2079	2214	1
chr8	2259	2312	1
chr8	1220	1251	1
chr8	64	124	1
chr8	1223	1250	1
chr8	2215	2258	1
chr8	2899	2906	1
chr8	1252	1330	1
chr8	1464	1524	1
chr8	1526	1588	1
chr8	2512	2556	1
chr8	2913	2927	1
chr8	158	250	1
chr8	3	42	1
chr8	796	877	1
chr8	1736	1753	1
chr8	1752	1814	1
chr8	2138	2214	1
chr8	1525	1587	1
chr8	1110	1166	1
chr8	2066	2078	1
chr8	1331	1421	1
chr8	3	156	1
chr8	2875	2901	1
chr8	2795	2829	1
chr8	1910	1983	1
chr8	1832	1909	1
chr8	402	459	1
chr8	125	156	1
chr8	341	405	1
chr8	1251	1309	1
chr8	2617	2694	1
chr8	2137	2214	1
chr8	1973	2080	1
chr8	1984	2077	1
chr8	1735	1842	1
chr8	1500	1525	1
chr8	1070	1141	1
chr8	1331	1386	1
chr8	2699	2794	1
chr8	460	499	1
chr8	1653	1719	1
chr8	2047	2065	1
chr8	668	725	1
chr8	2857	2898	1
chr8	2829	2855	1
chr8	1843	1908	1
chr8	1243	1330	1
chr8	1909	1971	1
chr8	2215	2290	1
chr8	1167	1226	1
chr8	1984	2064	1
chr8	553	578	1
chr8	2417	2439	1
chr8	1525	1586	1
chr8	622	672	1
chr8	753	795	1
chr8	500	552	1
chr8	1227	1285	1
chr8	1310	1387	1
chr8	2065	2078	1
chr8	1589	1652	1
chr8	1984	2022	1
chr8	2197	2290	1
chr8	1110	1150	1
chr8	981	1069	1
chr8	2796	2849	1
chr8	2696	2795	1
chr8	2475	2718	1
chr8	341	401	1
chr8	252	355	1
chr8	2617	2698	1
chr8	1653	1725	1
chr8	2719	2795	1
chr8	1061	1142	1
chr8	1060	1109	1
chr8	979	1060	1
chr8	2023	2046	1
chr8	402	466	1
chr8	797	863	1
chr8	2318	2362	1
chr8	2081	2136	1
chr8	2830	2855	1
chr8	2367	2473	1
chr8	206	239	1
chr8	34	63	1
chr8	2364	2392	1
chr8	2271	2317	1
chr8	1456	1524	1
chr8	2618	2695	1
chr8	774	796	1
chr8	136	142	1
chr8	2078	2137	1
chr8	3	33	1
chr8	1726	1732	1
chr8	246	251	1
chr8	579	621	1
chr8	753	794	1
chr8	2888	2906	1
chr8	1736	1751	1
chr8	1388	1463	1
chr8	1286	1330	1
chr8	1587	1612	1
chr8	1720	1732	1
chr8	1193	1222	1
chr8	781	794	1
chr8	1151	1219	1
chr8	2313	2363	1
chr8	2291	2366	1
chr8	436	466	1
chr8	1972	1983	1
chr8	1142	1242	1
chr8	1067	1109	1
chr8	2079	2196	1
chr8	243	246	1
chr8	551	621	1
chr8	733	773	1
chr8	1588	1612	1
chr8	1754	1972	1
chr8	938	980	1
chr8	1143	1192	1
chr8	2394	2416	1
chr8	246	340	1
chr8	247	340	1
chr8	467	550	1
chr8	356	435	1
chr8	144	150	1
chr8	1815	1908	1
chr8	1422	1612	1
chr8	2830	2849	1
chr8	43	135	1
chr8	2695	2814	1
chr8	673	732	1
chr8	2911	2927	2
chr8	622	667	2
chr8	158	161	2
chr8	2850	2855	2
chr8	215	239	2
chr8	162	214	2
chr8	1613	1732	2
chr8	2440	2474	2
chr8	467	552	2
chr8	937	978	2
chr8	553	621	2
chr8	795	863	2
chr8	2475	2616	2
chr8	864	877	3
chr9	2619	2622	1
chr9	2719	2808	1
chr9	1380	1384	1
chr9	867	875	1
chr9	2564	2618	1
chr9	920	928	1
chr9	1397	1400	1
chr9	2039	2166	1
chr9	1517	1576	1
chr9	1325	1328	1
chr9	147	200	1
chr9	152	251	1
chr9	837	841	1
chr9	842	848	1
chr9	532	554	1
chr9	1621	1718	1
chr9	1465	1588	1
chr9	2673	2717	1
chr9	716	742	1
chr9	743	777	1
chr9	908	916	1
chr9	2517	2560	1
chr9	648	666	1
chr9	2794	2823	1
chr9	648	693	1
chr9	1396	1401	1
chr9	737	784	1
chr9	568	572	1
chr9	2809	2823	1
chr9	867	879	1
chr9	694	718	1
chr9	554	572	1
chr9	1982	2032	1
chr9	1	56	1
chr9	1589	1765	1
chr9	661	715	1
chr9	936	939	1
chr9	259	314	1
chr9	1380	1385	1
chr9	1739	1768	1
chr9	1	38	1
chr9	1949	2038	1
chr9	1854	1890	1
chr9	2009	2039	1
chr9	1913	2008	1
chr9	2741	2793	1
chr9	136	254	1
chr9	2498	2523	1
chr9	2343	2404	1
chr9	2524	2563	1
chr9	1769	1847	1
chr9	1387	1394	1
chr9	868	878	1
chr9	2084	2151	1
chr9	1947	1981	1
chr9	1769	1815	1
chr9	2040	2083	1
chr9	201	258	1
chr9	667	693	1
chr9	2350	2466	1
chr9	123	200	1
chr9	1334	1338	1
chr9	1548	1619	1
chr9	2466	2543	1
chr9	867	878	1
chr9	2390	2465	1
chr9	1839	1847	1
chr9	2649	2662	1
chr9	554	567	1
chr9	743	784	1
chr9	1517	1596	1
chr9	2040	2151	1
chr9	2467	2497	1
chr9	116	146	1
chr9	1363	1371	1
chr9	694	719	1
chr9	2769	2823	1
chr9	1345	1348	1
chr9	720	741	1
chr9	1890	1948	1
chr9	861	864	1
chr9	1420	1516	1
chr9	58	92	1
chr9	22	84	1
chr9	2623	2648	1
chr9	255	313	1
chr9	1365	1371	1
chr9	1719	1779	1
chr9	2167	2389	1
chr9	2033	2231	1
chr9	895	898	1
chr9	2561	2592	1
chr9	1840	1847	1
chr9	2673	2683	1
chr9	532	572	1
chr9	742	778	1
chr9	2405	2466	1
chr9	844	851	1
chr9	85	115	1
chr9	252	314	1
chr9	555	572	1
chr9	1364	1371	1
chr9	2467	2516	1
chr9	2232	2349	1
chr9	57	87	1
chr9	1418	1516	1
chr9	1983	2039	1
chr9	2793	2823	1
chr9	1380	1391	1
chr9	1411	1414	1
chr9	1891	1946	1
chr9	2524	2550	1
chr9	806	819	1
chr9	2592	2618	1
chr9	779	784	1
chr9	781	784	1
chr9	2467	2523	1
chr9	2551	2591	1
chr9	1482	1547	1
chr9	1577	1620	1
chr9	93	151	1
chr9	1725	1768	1
chr9	1420	1481	1
chr9	661	736	1
chr9	1816	1847	1
chr9	908	911	1
chr9	2619	2662	1
chr9	806	816	1
chr9	1380	1394	1
chr9	2343	2466	1
chr9	1620	1724	1
chr9	39	57	1
chr9	1780	1839	1
chr9	1	21	1
chr9	1335	1338	1
chr9	1363	1369	1
chr9	1	135	1
chr9	913	916	1
chr9	923	928	1
chr9	2593	2618	1
chr9	88	122	1
chr9	2718	2740	1
chr9	201	313	1
chr9	2684	2768	1
chr9	1597	1614	1
chr9	1417	1464	1
chr9	1854	1889	1
chr9	1766	1838	1
chr9	2544	2618	1
chr9	719	742	1
chr9	1913	1982	1
chr9	1615	1738	1
chr9	812	816	1
chr9	2719	2792	1
chr9	2665	2672	2
chr9	1310	1313	2
chr9	1410	1415	2
chr9	1854	1912	2
chr9	2665	2671	2
chr9	2152	2342	2
chr9	315	416	2
chr9	2672	2718	2
chr9	1396	1400	2
chr9	532	553	2
chr9	1356	1360	2
chr9	314	381	2
chr9	2654	2662	2
chr9	1330	1338	2
chr9	382	416	2
chr9	2619	2653	2
chr9	648	660	2
chr9	882	885	3
chr9	1374	1377	3
chr9	895	900	3
chr9	633	647	4
chrX	1644	1687	1
chrX	78	304	1
chrX	2575	2588	1
chrX	809	832	1
chrX	850	868	1
chrX	1892	1997	1
chrX	2381	2401	1
chrX	989	1043	1
chrX	2941	3017	1
chrX	1688	1916	1
chrX	2857	2870	1
chrX	271	336	1
chrX	1110	1172	1
chrX	9	21	1
chrX	765	832	1
chrX	612	649	1
chrX	1550	1687	1
chrX	1311	1322	1
chrX	2724	2802	1
chrX	1235	1296	1
chrX	2456	2516	1
chrX	1740	1781	1
chrX	3090	3102	1
chrX	931	985	1
chrX	1665	1731	1
chrX	1063	1106	1
chrX	2517	2572	1
chrX	1107	1136	1
chrX	2724	2796	1
chrX	1234	1349	1
chrX	613	742	1
chrX	2589	2619	1
chrX	2350	2396	1
chrX	2797	2835	1
chrX	3041	3046	1
chrX	3018	3042	1
chrX	1698	1739	1
chrX	31	77	1
chrX	2725	2796	1
chrX	1137	1172	1
chrX	3083	3089	1
chrX	1549	1602	1
chrX	1998	2070	1
chrX	256	338	1
chrX	475	481	1
chrX	613	688	1
chrX	1063	1109	1
chrX	1826	1891	1
chrX	411	436	1
chrX	1052	1062	1
chrX	1063	1110	1
chrX	2123	2301	1
chrX	411	482	1
chrX	1861	1997	1
chrX	2888	2940	1
chrX	1111	1172	1
chrX	1062	1172	1
chrX	2973	3042	1
chrX	25	76	1
chrX	2	5	1
chrX	2797	2802	1
chrX	534	611	1
chrX	3042	3046	1
chrX	305	354	1
chrX	941	985	1
chrX	2836	2856	1
chrX	1782	1825	1
chrX	809	827	1
chrX	744	767	1
chrX	2999	3040	1
chrX	833	873	1
chrX	2	8	1
chrX	2573	2667	1
chrX	2403	2454	1
chrX	1350	1387	1
chrX	1782	1822	1
chrX	4	21	1
chrX	2686	2724	1
chrX	3065	3082	1
chrX	824	939	1
chrX	2350	2372	1
chrX	927	985	1
chrX	2466	2572	1
chrX	474	533	1
chrX	2501	2573	1
chrX	411	437	1
chrX	175	202	1
chrX	1388	1419	1
chrX	2804	2812	1
chrX	483	501	1
chrX	3083	3106	1
chrX	1740	1860	1
chrX	2888	2998	1
chrX	1549	1590	1
chrX	650	747	1
chrX	1323	1548	1
chrX	203	270	1
chrX	1732	1769	1
chrX	1511	1601	1
chrX	2983	3041	1
chrX	1445	1548	1
chrX	828	849	1
chrX	1421	1440	1
chrX	339	408	1
chrX	744	748	1
chrX	23	30	1
chrX	2668	2685	1
chrX	869	876	1
chrX	1348	1393	1
chrX	502	535	1
chrX	1297	1310	1
chrX	3048	3065	1
chrX	1057	1062	1
chrX	475	501	1
chrX	2350	2398	1
chrX	2403	2574	1
chrX	2403	2455	1
chrX	7	21	1
chrX	2872	2887	1
chrX	1688	1739	1
chrX	437	474	1
chrX	2804	2972	1
chrX	2373	2396	1
chrX	2350	2380	1
chrX	874	940	1
chrX	1920	2302	1
chrX	482	613	1
chrX	3066	3082	1
chrX	1424	1507	1
chrX	748	823	1
chrX	749	764	1
chrX	1234	1347	1
chrX	2403	2465	1
chrX	536	612	1
chrX	940	985	1
chrX	438	473	1
chrX	2302	2349	1
chrX	1057	1061	1
chrX	2455	2500	1
chrX	2122	2156	1
chrX	502	612	1
chrX	2814	2887	1
chrX	1770	1781	1
chrX	2620	2666	1
chrX	2620	2796	1
chrX	1051	1062	1
chrX	1236	1295	1
chrX	1373	1412	1
chrX	3048	3064	1
chrX	877	926	1
chrX	128	174	1
chrX	833	930	1
chrX	614	767	1
chrX	1394	1419	1
chrX	409	474	1
chrX	2797	2980	1
chrX	355	388	1
chrX	1893	1997	1
chrX	2071	2121	1
chrX	78	127	1
chrX	1603	1697	1
chrX	2157	2302	1
chrX	1998	2072	1
chrX	2073	2349	1
chrX	1998	2122	1
chrX	689	742	1
chrX	389	410	1
chrX	1421	1428	1
chrX	2574	2619	1
chrX	1413	1419	1
chrX	1602	1664	1
chrX	1591	1643	1
chrX	2667	2723	1
chrX	256	336	1
chrX	2573	2723	1
chrX	2	6	1
chrX	6	21	1
chrX	1296	1372	1
chrX	1823	1892	1
chrX	1429	1549	1
chrX	2397	2401	2
chrX	3077	3106	2
chrX	2303	2349	2
chrX	25	56	2
chrX	3048	3076	2
chrX	57	255	2
chrX	768	808	2
chrX	1052	1055	2
chrX	337	410	2
chrX	3043	3046	2
chrX	988	1043	3
