chr1	4894	4950	1
chr1	1	4	1
chr1	1890	2004	1
chr1	2371	2402	1
chr1	7	8	1
chr1	122	160	1
chr1	2975	2976	1
chr1	3658	3693	1
chr1	194	240	1
chr1	2925	2952	1
chr1	3570	3596	1
chr1	258	271	1
chr1	2971	2974	1
chr1	318	337	1
chr1	420	486	1
chr1	2079	2080	1
chr1	802	830	1
chr1	1207	1266	1
chr1	2874	2877	1
chr1	2926	2957	1
chr1	739	758	1
chr1	1207	1253	1
chr1	739	805	1
chr1	831	872	1
chr1	4532	4575	1
chr1	4454	4510	1
chr1	4161	4200	1
chr1	1889	2004	1
chr1	3134	3200	1
chr1	2248	2290	1
chr1	2403	2419	1
chr1	2213	2247	1
chr1	4420	4453	1
chr1	4130	4161	1
chr1	4952	4984	1
chr1	2085	2086	1
chr1	2964	2995	1
chr1	2877	2878	1
chr1	682	705	1
chr1	4636	4689	1
chr1	1111	1179	1
chr1	4162	4199	1
chr1	4454	4531	1
chr1	317	337	1
chr1	1267	1344	1
chr1	2927	2950	1
chr1	4805	4892	1
chr1	275	316	1
chr1	244	313	1
chr1	5	6	1
chr1	2851	2854	1
chr1	161	193	1
chr1	194	243	1
chr1	432	487	1
chr1	3201	3235	1
chr1	4162	4200	1
chr1	4091	4132	1
chr1	4200	4237	1
chr1	346	401	1
chr1	6	7	1
chr1	3943	4010	1
chr1	38	79	1
chr1	2996	3040	1
chr1	2081	2084	1
chr1	4061	4127	1
chr1	4161	4199	1
chr1	2925	2926	1
chr1	2950	2951	1
chr1	3133	3200	1
chr1	194	237	1
chr1	866	903	1
chr1	2	3	1
chr1	959	1017	1
chr1	2924	2949	1
chr1	2951	2952	1
chr1	805	830	1
chr1	488	536	1
chr1	4454	4511	1
chr1	2891	2918	1
chr1	2924	2925	1
chr1	759	804	1
chr1	1259	1344	1
chr1	2874	2875	1
chr1	2877	2882	1
chr1	2038	2085	1
chr1	4513	4532	1
chr1	2887	2918	1
chr1	4893	4951	1
chr1	38	75	1
chr1	4805	4893	1
chr1	76	121	1
chr1	2886	2889	1
chr1	3102	3126	1
chr1	3196	3228	1
chr1	432	486	1
chr1	658	680	1
chr1	338	420	1
chr1	194	242	1
chr1	2876	2877	1
chr1	4091	4119	1
chr1	2889	2890	1
chr1	4454	4512	1
chr1	1867	1889	1
chr1	2873	2874	1
chr1	1366	1420	1
chr1	314	337	1
chr1	2971	2990	1
chr1	238	257	1
chr1	2952	2957	1
chr1	3236	3256	1
chr1	270	271	1
chr1	4951	4984	1
chr1	937	958	1
chr1	1266	1344	1
chr1	2416	2419	1
chr1	338	419	1
chr1	658	681	1
chr1	739	767	1
chr1	2990	2991	1
chr1	3694	3727	1
chr1	831	865	1
chr1	3104	3132	1
chr1	3850	3942	1
chr1	4029	4119	1
chr1	4636	4669	1
chr1	338	401	1
chr1	937	968	1
chr1	4133	4160	1
chr1	4029	4060	1
chr1	2869	2872	1
chr1	3127	3143	1
chr1	4637	4669	1
chr1	2855	2860	1
chr1	4	5	1
chr1	768	805	1
chr1	2977	2991	1
chr1	2963	2968	1
chr1	3067	3101	1
chr1	1180	1206	1
chr1	1737	1810	1
chr1	3501	3569	1
chr1	2371	2415	1
chr1	3658	3694	1
chr1	2887	2888	1
chr1	2959	2962	1
chr1	2967	2968	1
chr1	2079	2174	1
chr1	3134	3195	1
chr1	537	598	1
chr1	273	274	1
chr1	2955	2966	1
chr1	2038	2174	1
chr1	1811	1866	1
chr1	2867	2868	1
chr1	4267	4419	1
chr1	2087	2174	1
chr1	3597	3623	1
chr1	739	801	1
chr1	4512	4532	1
chr1	2886	2917	1
chr1	2991	2996	1
chr1	2	7	1
chr1	1207	1258	1
chr1	3144	3200	1
chr1	4235	4266	1
chr1	4637	4689	1
chr1	1116	1179	1
chr1	1254	1365	1
chr1	2890	2917	1
chr1	271	272	1
chr1	4130	4160	1
chr1	3594	3623	1
chr1	2259	2341	1
chr1	318	345	1
chr1	2867	2872	1
chr1	2879	2882	1
chr1	4511	4532	1
chr1	3948	4010	1
chr1	873	903	1
chr1	564	598	1
chr1	2964	2989	1
chr1	1515	1572	1
chr1	2997	3040	1
chr1	4200	4234	1
chr1	1180	1265	1
chr1	2873	2876	1
chr1	421	486	1
chr1	2851	2860	1
chr1	9	10	1
chr1	1421	1514	1
chr1	1075	1115	1
chr1	2086	2174	1
chr1	3501	3593	1
chr1	2875	2876	1
chr1	241	270	1
chr1	4128	4161	1
chr1	537	563	1
chr1	2955	2958	1
chr1	243	269	1
chr1	2463	2464	2
chr1	2539	2540	2
chr1	2722	2723	2
chr1	2683	2684	2
chr1	2559	2560	2
chr1	2826	2827	2
chr1	2558	2559	2
chr1	2483	2484	2
chr1	2736	2737	2
chr1	2816	2817	2
chr1	2744	2745	2
chr1	2796	2797	2
chr1	2461	2462	2
chr1	2749	2750	2
chr1	2787	2788	2
chr1	38	77	2
chr1	2838	2839	2
chr1	2566	2567	2
chr1	2442	2443	2
chr1	2663	2664	2
chr1	2714	2715	2
chr1	2444	2445	2
chr1	2656	2657	2
chr1	2723	2724	2
chr1	2713	2714	2
chr1	3501	3565	2
chr1	2445	2446	2
chr1	2806	2807	2
chr1	2647	2648	2
chr1	2829	2830	2
chr1	2842	2843	2
chr1	2763	2764	2
chr1	2657	2658	2
chr1	2446	2447	2
chr1	2565	2566	2
chr1	2487	2488	2
chr1	2804	2805	2
chr1	2650	2651	2
chr1	2509	2510	2
chr1	2438	2439	2
chr1	2768	2769	2
chr1	2593	2594	2
chr1	2512	2513	2
chr1	2784	2785	2
chr1	2803	2804	2
chr1	2630	2631	2
chr1	4128	4129	2
chr1	2564	2565	2
chr1	2560	2561	2
chr1	2516	2517	2
chr1	2830	2831	2
chr1	2441	2442	2
chr1	2459	2460	2
chr1	2453	2454	2
chr1	2468	2469	2
chr1	2833	2834	2
chr1	2779	2780	2
chr1	2691	2692	2
chr1	2436	2437	2
chr1	2612	2613	2
chr1	2919	2920	2
chr1	4690	4724	2
chr1	2708	2709	2
chr1	2827	2828	2
chr1	2550	2551	2
chr1	874	903	2
chr1	2878	2883	2
chr1	11	37	2
chr1	2863	2866	2
chr1	2627	2628	2
chr1	2498	2499	2
chr1	2625	2626	2
chr1	2802	2803	2
chr1	659	680	2
chr1	2648	2649	2
chr1	2505	2506	2
chr1	2569	2570	2
chr1	2676	2677	2
chr1	2431	2432	2
chr1	2580	2581	2
chr1	2521	2522	2
chr1	2604	2605	2
chr1	2614	2615	2
chr1	4891	4951	2
chr1	2529	2530	2
chr1	2579	2580	2
chr1	2789	2790	2
chr1	2839	2840	2
chr1	2711	2712	2
chr1	2620	2621	2
chr1	2514	2515	2
chr1	2918	2919	2
chr1	2818	2819	2
chr1	2868	2871	2
chr1	4028	4060	2
chr1	4122	4127	2
chr1	2519	2520	2
chr1	2813	2814	2
chr1	4576	4635	2
chr1	2771	2772	2
chr1	2794	2795	2
chr1	2706	2707	2
chr1	2577	2578	2
chr1	2958	2959	2
chr1	2758	2759	2
chr1	78	79	2
chr1	2728	2729	2
chr1	2633	2634	2
chr1	2652	2653	2
chr1	2603	2604	2
chr1	2754	2755	2
chr1	2589	2590	2
chr1	2477	2478	2
chr1	2501	2502	2
chr1	2440	2441	2
chr1	402	431	2
chr1	2583	2584	2
chr1	2720	2721	2
chr1	2481	2482	2
chr1	2415	2430	2
chr1	2586	2587	2
chr1	2843	2844	2
chr1	3362	3397	2
chr1	806	830	2
chr1	2727	2728	2
chr1	2756	2757	2
chr1	2639	2640	2
chr1	2694	2695	2
chr1	2449	2450	2
chr1	2808	2809	2
chr1	2666	2667	2
chr1	625	657	2
chr1	2574	2575	2
chr1	2610	2611	2
chr1	2735	2736	2
chr1	2832	2833	2
chr1	2506	2507	2
chr1	2760	2761	2
chr1	2598	2599	2
chr1	2746	2747	2
chr1	3566	3623	2
chr1	2077	2078	2
chr1	2825	2826	2
chr1	2563	2564	2
chr1	2745	2746	2
chr1	2821	2822	2
chr1	2831	2832	2
chr1	2549	2550	2
chr1	2823	2824	2
chr1	272	273	2
chr1	831	873	2
chr1	2537	2538	2
chr1	2848	2849	2
chr1	2849	2850	2
chr1	2822	2823	2
chr1	2682	2683	2
chr1	2597	2598	2
chr1	2670	2671	2
chr1	2686	2687	2
chr1	2791	2792	2
chr1	2781	2782	2
chr1	2490	2491	2
chr1	2447	2448	2
chr1	2689	2690	2
chr1	2770	2771	2
chr1	3659	3694	2
chr1	2543	2544	2
chr1	599	600	2
chr1	2371	2414	2
chr1	2420	2421	2
chr1	2573	2574	2
chr1	2464	2465	2
chr1	2709	2710	2
chr1	2786	2787	2
chr1	2632	2633	2
chr1	2705	2706	2
chr1	2587	2588	2
chr1	2800	2801	2
chr1	2584	2585	2
chr1	2669	2670	2
chr1	2471	2472	2
chr1	2834	2835	2
chr1	2460	2461	2
chr1	2520	2521	2
chr1	2797	2798	2
chr1	4201	4237	2
chr1	2575	2576	2
chr1	2545	2546	2
chr1	2738	2739	2
chr1	2507	2508	2
chr1	2960	2961	2
chr1	3624	3658	2
chr1	2433	2434	2
chr1	2554	2555	2
chr1	2701	2702	2
chr1	2634	2635	2
chr1	2692	2693	2
chr1	2921	2922	2
chr1	2699	2700	2
chr1	2493	2494	2
chr1	2594	2595	2
chr1	2432	2433	2
chr1	592	624	2
chr1	2679	2680	2
chr1	2719	2720	2
chr1	2629	2630	2
chr1	2465	2466	2
chr1	2743	2744	2
chr1	2801	2802	2
chr1	2739	2740	2
chr1	2668	2669	2
chr1	2611	2612	2
chr1	2581	2582	2
chr1	2531	2532	2
chr1	2616	2617	2
chr1	3362	3396	2
chr1	2556	2557	2
chr1	2653	2654	2
chr1	2769	2770	2
chr1	2672	2673	2
chr1	2718	2719	2
chr1	2664	2665	2
chr1	2780	2781	2
chr1	2817	2818	2
chr1	2761	2762	2
chr1	625	658	2
chr1	2542	2543	2
chr1	2457	2458	2
chr1	2437	2438	2
chr1	2847	2848	2
chr1	2811	2812	2
chr1	2571	2572	2
chr1	2772	2773	2
chr1	2704	2705	2
chr1	2476	2477	2
chr1	2439	2440	2
chr1	2920	2921	2
chr1	2534	2535	2
chr1	2435	2436	2
chr1	4952	4979	2
chr1	4805	4890	2
chr1	2503	2504	2
chr1	2480	2481	2
chr1	2765	2766	2
chr1	2626	2627	2
chr1	2659	2660	2
chr1	2922	2923	2
chr1	2750	2751	2
chr1	2792	2793	2
chr1	2532	2533	2
chr1	10	37	2
chr1	1111	1206	2
chr1	2601	2602	2
chr1	2576	2577	2
chr1	2585	2586	2
chr1	2450	2451	2
chr1	2677	2678	2
chr1	2774	2775	2
chr1	8	9	2
chr1	2678	2679	2
chr1	2485	2486	2
chr1	4982	4985	2
chr1	2751	2752	2
chr1	2422	2431	2
chr1	2635	2636	2
chr1	2608	2609	2
chr1	2785	2786	2
chr1	2642	2643	2
chr1	2662	2663	2
chr1	2536	2537	2
chr1	2815	2816	2
chr1	2615	2616	2
chr1	2702	2703	2
chr1	2726	2727	2
chr1	2884	2885	2
chr1	2712	2713	2
chr1	601	624	2
chr1	2698	2699	2
chr1	3948	4027	2
chr1	2707	2708	2
chr1	2528	2529	2
chr1	2551	2552	2
chr1	2717	2718	2
chr1	2484	2485	2
chr1	2883	2884	2
chr1	2628	2629	2
chr1	2640	2641	2
chr1	2675	2676	2
chr1	2499	2500	2
chr1	2448	2449	2
chr1	2969	2970	2
chr1	2737	2738	2
chr1	2456	2457	2
chr1	2482	2483	2
chr1	2777	2778	2
chr1	2644	2645	2
chr1	2646	2647	2
chr1	2555	2556	2
chr1	2752	2753	2
chr1	2619	2620	2
chr1	2488	2489	2
chr1	3624	3657	2
chr1	2762	2763	2
chr1	2527	2528	2
chr1	2742	2743	2
chr1	904	937	2
chr1	2962	2963	2
chr1	2733	2734	2
chr1	2470	2471	2
chr1	2782	2783	2
chr1	2872	2873	2
chr1	2547	2548	2
chr1	2923	2924	2
chr1	2660	2661	2
chr1	2561	2562	2
chr1	2850	2855	2
chr1	2443	2444	2
chr1	2595	2596	2
chr1	2837	2838	2
chr1	2538	2539	2
chr1	2788	2789	2
chr1	537	591	2
chr1	2607	2608	2
chr1	2805	2806	2
chr1	2810	2811	2
chr1	2992	3040	2
chr1	2841	2842	2
chr1	938	968	2
chr1	2624	2625	2
chr1	2753	2754	2
chr1	2824	2825	2
chr1	2684	2685	2
chr1	2005	2037	2
chr1	2654	2655	2
chr1	2885	2886	2
chr1	2590	2591	2
chr1	2840	2841	2
chr1	2862	2867	2
chr1	2778	2779	2
chr1	2479	2480	2
chr1	3397	3429	2
chr1	2643	2644	2
chr1	2540	2541	2
chr1	2687	2688	2
chr1	2530	2531	2
chr1	2799	2800	2
chr1	2592	2593	2
chr1	2741	2742	2
chr1	2553	2554	2
chr1	2533	2534	2
chr1	2734	2735	2
chr1	2690	2691	2
chr1	2812	2813	2
chr1	2661	2662	2
chr1	2621	2622	2
chr1	4120	4121	2
chr1	2680	2681	2
chr1	2766	2767	2
chr1	2523	2524	2
chr1	2259	2290	2
chr1	2462	2463	2
chr1	2623	2624	2
chr1	3201	3228	2
chr1	2599	2600	2
chr1	2517	2518	2
chr1	2764	2765	2
chr1	2546	2547	2
chr1	2693	2694	2
chr1	2508	2509	2
chr1	2458	2459	2
chr1	2775	2776	2
chr1	2525	2526	2
chr1	2631	2632	2
chr1	2515	2516	2
chr1	2651	2652	2
chr1	4011	4028	2
chr1	2518	2519	2
chr1	2578	2579	2
chr1	2568	2569	2
chr1	2492	2493	2
chr1	2489	2490	2
chr1	2638	2639	2
chr1	2502	2503	2
chr1	2655	2656	2
chr1	2622	2623	2
chr1	2953	2954	2
chr1	2696	2697	2
chr1	2790	2791	2
chr1	2649	2650	2
chr1	2548	2549	2
chr1	4576	4636	2
chr1	2510	2511	2
chr1	2721	2722	2
chr1	2731	2732	2
chr1	2724	2725	2
chr1	2495	2496	2
chr1	2716	2717	2
chr1	2681	2682	2
chr1	2856	2861	2
chr1	2475	2476	2
chr1	2725	2726	2
chr1	2467	2468	2
chr1	2522	2523	2
chr1	2455	2456	2
chr1	2836	2837	2
chr1	2452	2453	2
chr1	2671	2672	2
chr1	2613	2614	2
chr1	2486	2487	2
chr1	2036	2076	2
chr1	2600	2601	2
chr1	2570	2571	2
chr1	2828	2829	2
chr1	2730	2731	2
chr1	2767	2768	2
chr1	2700	2701	2
chr1	2567	2568	2
chr1	2844	2845	2
chr1	2729	2730	2
chr1	2783	2784	2
chr1	2747	2748	2
chr1	2572	2573	2
chr1	2732	2733	2
chr1	2637	2638	2
chr1	904	936	2
chr1	2798	2799	2
chr1	2793	2794	2
chr1	2588	2589	2
chr1	2845	2846	2
chr1	2814	2815	2
chr1	3104	3133	2
chr1	2513	2514	2
chr1	2504	2505	2
chr1	2451	2452	2
chr1	2562	2563	2
chr1	2695	2696	2
chr1	2809	2810	2
chr1	2596	2597	2
chr1	2524	2525	2
chr1	2535	2536	2
chr1	2645	2646	2
chr1	2602	2603	2
chr1	2703	2704	2
chr1	2740	2741	2
chr1	2673	2674	2
chr1	1889	2035	2
chr1	2473	2474	2
chr1	2472	2473	2
chr1	4980	4981	2
chr1	2665	2666	2
chr1	2497	2498	2
chr1	2526	2527	2
chr1	2819	2820	2
chr1	2807	2808	2
chr1	2658	2659	2
chr1	2469	2470	2
chr1	2609	2610	2
chr1	2861	2862	2
chr1	2617	2618	2
chr1	2557	2558	2
chr1	2496	2497	2
chr1	2434	2435	2
chr1	2748	2749	2
chr1	2605	2606	2
chr1	2757	2758	2
chr1	2500	2501	2
chr1	2835	2836	2
chr1	2618	2619	2
chr1	2591	2592	2
chr1	2544	2545	2
chr1	2795	2796	2
chr1	2715	2716	2
chr1	2776	2777	2
chr1	2773	2774	2
chr1	2454	2455	2
chr1	3398	3429	2
chr1	2667	2668	2
chr1	2474	2475	2
chr1	274	317	2
chr1	2759	2760	2
chr1	2541	2542	2
chr1	2846	2847	2
chr1	2606	2607	2
chr1	2755	2756	2
chr1	2582	2583	2
chr1	2688	2689	2
chr1	2552	2553	2
chr1	2674	2675	2
chr1	2641	2642	2
chr1	2710	2711	2
chr1	2466	2467	2
chr1	2511	2512	2
chr1	2697	2698	2
chr1	2491	2492	2
chr1	2685	2686	2
chr1	2820	2821	2
chr1	2478	2479	2
chr1	2636	2637	2
chr1	2494	2495	2
chr1	4670	4724	2
chr1	4061	4090	2
chr1	3850	3947	3
chr1	156	193	3
chr1	1345	1420	3
chr1	3067	3103	3
chr1	3229	3256	3
chr1	2213	2258	3
chr1	2291	2341	3
chr1	1737	1788	3
chr1	4267	4453	3
chr1	1514	1572	3
chr1	1789	1888	3
chr1	681	705	3
chr1	487	536	3
chr1	80	121	3
chr1	122	155	3
chr1	4533	4575	3
chr1	1075	1110	3
chr1	3695	3727	3
chr1	4238	4266	3
chr1	969	1017	3
chr1	1421	1513	3
chr1	2175	2212	4
chr1	3430	3500	4
chr1	3257	3307	4
chr1	1051	1074	4
chr1	3308	3361	4
chr1	1573	1736	4
chr1	3728	3849	4
chr1	4725	4804	4
chr1	1018	1050	4
chr1	2342	2370	4
chr1	3041	3066	4
chr1	706	738	4
chr10	152	231	1
chr10	598	667	1
chr10	848	882	1
chr10	1438	1461	1
chr10	2601	2679	1
chr10	269	318	1
chr10	2482	2548	1
chr10	232	264	1
chr10	2523	2550	1
chr10	1500	1541	1
chr10	470	574	1
chr10	1764	1874	1
chr10	668	707	1
chr10	2601	2678	1
chr10	599	668	1
chr10	1875	1906	1
chr10	2487	2522	1
chr10	1887	1926	1
chr10	1052	1198	1
chr10	2124	2233	1
chr10	1035	1051	1
chr10	2477	2515	1
chr10	1854	1876	1
chr10	1642	1718	1
chr10	1793	1853	1
chr10	848	1025	1
chr10	2	62	1
chr10	2434	2486	1
chr10	2551	2573	1
chr10	64	97	1
chr10	2549	2573	1
chr10	2234	2368	1
chr10	305	379	1
chr10	884	908	1
chr10	1034	1052	1
chr10	63	119	1
chr10	2428	2481	1
chr10	669	699	1
chr10	2370	2427	1
chr10	911	929	1
chr10	1051	1198	1
chr10	1030	1033	1
chr10	2680	2711	1
chr10	2679	2711	1
chr10	2286	2369	1
chr10	2	63	1
chr10	264	304	1
chr10	1028	1029	1
chr10	424	469	1
chr10	498	574	1
chr10	1643	1718	1
chr10	1092	1198	1
chr10	1416	1437	1
chr10	231	264	1
chr10	909	929	1
chr10	2516	2551	1
chr10	598	669	1
chr10	1051	1091	1
chr10	884	1025	1
chr10	2428	2475	1
chr10	670	707	1
chr10	670	718	1
chr10	2104	2123	1
chr10	599	669	1
chr10	231	263	1
chr10	1511	1541	1
chr10	1579	1642	1
chr10	719	785	1
chr10	2552	2573	1
chr10	883	910	1
chr10	231	268	1
chr10	1991	2023	1
chr10	1854	1886	1
chr10	1053	1198	1
chr10	319	379	1
chr10	1445	1499	1
chr10	1764	1792	1
chr10	1877	1926	1
chr10	1416	1444	1
chr10	700	785	1
chr10	1854	1906	1
chr10	1462	1510	1
chr10	469	497	1
chr10	2369	2433	1
chr10	2076	2103	1
chr10	1963	1990	1
chr10	1028	1034	1
chr10	2476	2515	1
chr10	2516	2573	1
chr10	2428	2476	1
chr10	2024	2054	2
chr10	958	961	2
chr10	2	64	2
chr10	575	598	2
chr10	1927	1962	2
chr10	1034	1050	2
chr10	708	785	2
chr10	1462	1511	2
chr10	373	423	2
chr10	938	957	2
chr10	1719	1763	2
chr10	1251	1312	2
chr10	2369	2427	2
chr10	2675	2711	2
chr10	2024	2055	2
chr10	1721	1763	2
chr10	1199	1251	2
chr10	2286	2368	2
chr10	848	883	2
chr10	2601	2674	2
chr10	1642	1720	2
chr10	469	574	2
chr10	2055	2073	2
chr10	962	981	2
chr10	265	318	2
chr10	575	597	2
chr10	1764	1791	2
chr10	982	983	2
chr10	1028	1033	2
chr10	65	97	2
chr10	1024	1025	2
chr10	1199	1250	2
chr10	1512	1541	2
chr10	1792	1853	2
chr10	936	937	2
chr10	2056	2073	2
chr10	984	1023	2
chr10	932	933	2
chr10	380	423	2
chr10	1252	1312	2
chr10	1907	1962	2
chr10	1416	1461	2
chr10	319	372	2
chr10	934	935	2
chr10	930	931	2
chr10	1579	1641	3
chr10	98	119	3
chr10	1963	1993	3
chr10	424	468	3
chr10	2110	2233	3
chr10	2234	2285	3
chr10	2076	2109	3
chr10	152	230	3
chr10	1994	2023	3
chr10	812	813	4
chr10	842	843	4
chr10	832	833	4
chr10	820	821	4
chr10	816	817	4
chr10	794	795	4
chr10	804	805	4
chr10	830	831	4
chr10	790	791	4
chr10	846	847	4
chr10	796	797	4
chr10	120	151	4
chr10	818	819	4
chr10	792	793	4
chr10	840	841	4
chr10	802	803	4
chr10	800	801	4
chr10	788	789	4
chr10	824	825	4
chr10	814	815	4
chr10	2074	2075	4
chr10	1026	1027	4
chr10	2574	2575	4
chr10	798	799	4
chr10	844	845	4
chr10	838	839	4
chr10	1392	1415	4
chr10	1542	1578	4
chr10	826	827	4
chr10	828	829	4
chr10	834	835	4
chr10	786	787	4
chr10	810	811	4
chr10	808	809	4
chr10	2576	2600	4
chr10	836	837	4
chr10	822	823	4
chr10	1313	1391	4
chr10	806	807	4
chr11	1364	1405	1
chr11	1427	1468	1
chr11	1080	1081	1
chr11	1086	1087	1
chr11	2385	2407	1
chr11	2386	2430	1
chr11	2450	2516	1
chr11	1062	1063	1
chr11	2450	2523	1
chr11	1038	1039	1
chr11	1082	1083	1
chr11	1093	1141	1
chr11	2355	2384	1
chr11	1493	1528	1
chr11	2333	2385	1
chr11	1924	2051	1
chr11	2157	2228	1
chr11	1307	1321	1
chr11	2333	2354	1
chr11	1799	1868	1
chr11	18	44	1
chr11	2343	2387	1
chr11	379	413	1
chr11	711	881	1
chr11	647	676	1
chr11	1929	2052	1
chr11	1742	1798	1
chr11	1869	1923	1
chr11	1076	1077	1
chr11	1022	1033	1
chr11	2517	2593	1
chr11	1142	1210	1
chr11	1094	1141	1
chr11	1034	1035	1
chr11	1058	1059	1
chr11	1068	1069	1
chr11	2408	2469	1
chr11	1402	1426	1
chr11	2052	2156	1
chr11	1021	1022	1
chr11	3	83	1
chr11	647	677	1
chr11	1406	1426	1
chr11	918	944	1
chr11	4	83	1
chr11	1323	1363	1
chr11	1054	1055	1
chr11	458	551	1
chr11	1023	1032	1
chr11	2053	2171	1
chr11	677	710	1
chr11	964	1017	1
chr11	1048	1049	1
chr11	710	731	1
chr11	2450	2469	1
chr11	1036	1037	1
chr11	1090	1091	1
chr11	1050	1051	1
chr11	60	83	1
chr11	414	457	1
chr11	1307	1322	1
chr11	1042	1043	1
chr11	1353	1390	1
chr11	1474	1500	1
chr11	1353	1401	1
chr11	1092	1093	1
chr11	136	164	1
chr11	1391	1426	1
chr11	1020	1021	1
chr11	1254	1291	1
chr11	2333	2387	1
chr11	1462	1492	1
chr11	337	378	1
chr11	678	709	1
chr11	1056	1057	1
chr11	217	305	1
chr11	1291	1321	1
chr11	1529	1567	1
chr11	1469	1500	1
chr11	174	216	1
chr11	945	963	1
chr11	1568	1706	1
chr11	18	59	1
chr11	45	83	1
chr11	1084	1085	1
chr11	1088	1089	1
chr11	1044	1045	1
chr11	165	216	1
chr11	1323	1360	1
chr11	732	881	1
chr11	1018	1019	1
chr11	1052	1053	1
chr11	1064	1065	1
chr11	1292	1322	1
chr11	1078	1079	1
chr11	1427	1473	1
chr11	1066	1067	1
chr11	1040	1041	1
chr11	1072	1073	1
chr11	2594	2699	1
chr11	2276	2342	1
chr11	1060	1061	1
chr11	1225	1253	1
chr11	1462	1500	1
chr11	1070	1071	1
chr11	1046	1047	1
chr11	1074	1075	1
chr11	1142	1224	1
chr11	136	173	1
chr11	1254	1290	1
chr11	1361	1426	1
chr11	3	17	2
chr11	1280	1306	2
chr11	2052	2148	2
chr11	2470	2523	2
chr11	1093	1094	2
chr11	1427	1461	2
chr11	647	731	2
chr11	1180	1210	2
chr11	164	216	2
chr11	1021	1032	2
chr11	1254	1279	2
chr11	1322	1352	2
chr11	136	163	2
chr11	732	882	2
chr11	882	917	2
chr11	1142	1179	2
chr11	883	917	2
chr11	1095	1141	2
chr11	2388	2430	2
chr11	2149	2171	2
chr11	1929	2051	2
chr11	1057	1058	3
chr11	1039	1040	3
chr11	1089	1090	3
chr11	1077	1078	3
chr11	414	551	3
chr11	1017	1018	3
chr11	337	377	3
chr11	918	963	3
chr11	378	413	3
chr11	2276	2332	3
chr11	1063	1064	3
chr11	1037	1038	3
chr11	2172	2228	3
chr11	269	305	3
chr11	1927	1928	3
chr11	2431	2449	3
chr11	1083	1084	3
chr11	1079	1080	3
chr11	2524	2593	3
chr11	1567	1706	3
chr11	1087	1088	3
chr11	1045	1046	3
chr11	1869	1926	3
chr11	1055	1056	3
chr11	1033	1034	3
chr11	1043	1044	3
chr11	1231	1253	3
chr11	1529	1566	3
chr11	217	268	3
chr11	1071	1072	3
chr11	1065	1066	3
chr11	1501	1528	3
chr11	964	1016	3
chr11	1053	1054	3
chr11	1061	1062	3
chr11	1211	1230	3
chr11	1049	1050	3
chr11	1051	1052	3
chr11	1059	1060	3
chr11	1075	1076	3
chr11	1047	1048	3
chr11	1085	1086	3
chr11	1019	1020	3
chr11	1041	1042	3
chr11	1081	1082	3
chr11	1069	1070	3
chr11	1091	1092	3
chr11	1742	1868	3
chr11	1035	1036	3
chr11	1067	1068	3
chr11	1073	1074	3
chr11	2594	2698	3
chr11	84	135	4
chr11	306	336	4
chr11	2229	2275	4
chr11	1707	1741	4
chr11	552	646	4
chr12	1549	1705	1
chr12	1833	1862	1
chr12	2412	2438	1
chr12	1770	1832	1
chr12	2328	2352	1
chr12	1123	1141	1
chr12	1402	1447	1
chr12	1710	1834	1
chr12	2455	2483	1
chr12	625	699	1
chr12	1369	1393	1
chr12	558	624	1
chr12	2625	2671	1
chr12	2036	2083	1
chr12	1835	1862	1
chr12	367	454	1
chr12	989	1035	1
chr12	911	962	1
chr12	1142	1167	1
chr12	2034	2082	1
chr12	2439	2460	1
chr12	1167	1303	1
chr12	2289	2327	1
chr12	44	128	1
chr12	2485	2509	1
chr12	2035	2082	1
chr12	558	620	1
chr12	1940	2034	1
chr12	1304	1368	1
chr12	1770	1835	1
chr12	963	988	1
chr12	1153	1166	1
chr12	262	365	1
chr12	2461	2483	1
chr12	2036	2082	1
chr12	1369	1401	1
chr12	2237	2258	1
chr12	366	453	1
chr12	169	234	1
chr12	2412	2460	1
chr12	2237	2259	1
chr12	1940	2033	1
chr12	129	259	1
chr12	169	268	1
chr12	173	261	1
chr12	621	699	1
chr12	2354	2411	1
chr12	1832	1862	1
chr12	2510	2624	1
chr12	2483	2511	1
chr12	2626	2671	1
chr12	2512	2574	1
chr12	269	366	1
chr12	235	268	1
chr12	2329	2353	1
chr12	1069	1097	1
chr12	1770	1831	1
chr12	1394	1447	1
chr12	1863	1939	1
chr12	1864	1939	1
chr12	455	502	1
chr12	2228	2259	1
chr12	1656	1709	1
chr12	269	453	1
chr12	1836	1863	1
chr12	44	123	1
chr12	1518	1548	1
chr12	367	453	1
chr12	2461	2484	1
chr12	1098	1122	1
chr12	1253	1304	1
chr12	124	172	1
chr12	2455	2482	1
chr12	1305	1368	1
chr12	2228	2258	1
chr12	2084	2116	1
chr12	260	366	1
chr12	558	628	2
chr12	2652	2671	2
chr12	2513	2574	2
chr12	2259	2288	2
chr12	1940	1988	2
chr12	758	826	2
chr12	2206	2227	2
chr12	1253	1303	2
chr12	1863	1890	2
chr12	2	43	2
chr12	1153	1167	2
chr12	1391	1447	2
chr12	2	38	2
chr12	758	910	2
chr12	827	910	2
chr12	2329	2352	2
chr12	1304	1390	2
chr12	2412	2454	2
chr12	2206	2236	2
chr12	629	699	2
chr12	1656	1705	2
chr12	129	168	2
chr12	2484	2512	2
chr12	2626	2651	2
chr12	2260	2288	2
chr12	39	128	2
chr12	1891	1939	2
chr12	1989	2035	2
chr12	1099	1122	3
chr12	2575	2625	3
chr12	2083	2116	3
chr12	2289	2328	3
chr12	2353	2411	3
chr12	1123	1152	3
chr12	911	984	3
chr12	1518	1549	3
chr12	1706	1769	3
chr12	1550	1655	3
chr12	1168	1252	3
chr12	454	502	3
chr12	985	1035	3
chr12	1069	1098	3
chr12	730	731	4
chr12	503	557	4
chr12	734	735	4
chr12	2672	2673	4
chr12	722	723	4
chr12	726	727	4
chr12	2162	2205	4
chr12	712	713	4
chr12	1036	1068	4
chr12	724	725	4
chr12	728	729	4
chr12	708	709	4
chr12	704	705	4
chr12	700	701	4
chr12	720	721	4
chr12	750	751	4
chr12	740	741	4
chr12	744	745	4
chr12	702	703	4
chr12	2117	2161	4
chr12	2674	2677	4
chr12	742	743	4
chr12	710	711	4
chr12	1448	1517	4
chr12	714	715	4
chr12	746	747	4
chr12	756	757	4
chr12	706	707	4
chr12	736	737	4
chr12	748	749	4
chr12	752	753	4
chr12	716	717	4
chr12	738	739	4
chr12	732	733	4
chr12	754	755	4
chr12	718	719	4
chr13	1222	1402	1
chr13	1518	1563	1
chr13	381	490	1
chr13	381	415	1
chr13	444	490	1
chr13	1358	1466	1
chr13	498	550	1
chr13	2217	2248	1
chr13	988	1034	1
chr13	2006	2216	1
chr13	381	491	1
chr13	1361	1517	1
chr13	1403	1519	1
chr13	1359	1466	1
chr13	1064	1221	1
chr13	1222	1357	1
chr13	416	497	1
chr13	1057	1220	1
chr13	1222	1360	1
chr13	492	550	1
chr13	381	443	1
chr13	1035	1063	1
chr13	831	858	1
chr13	948	987	1
chr13	1221	1358	1
chr13	791	830	1
chr13	636	729	2
chr13	1057	1221	2
chr13	731	790	2
chr13	2251	2302	2
chr13	730	790	2
chr13	636	730	2
chr13	1467	1519	2
chr13	2272	2302	2
chr13	2251	2271	2
chr13	491	550	2
chr13	791	827	3
chr13	948	1004	3
chr13	2006	2248	3
chr13	1035	1056	3
chr13	1005	1034	3
chr13	1520	1563	3
chr13	828	858	3
chr13	1810	1850	4
chr13	1739	1809	4
chr13	1902	1953	4
chr13	912	947	4
chr13	551	588	4
chr13	1622	1630	4
chr13	1564	1621	4
chr13	1954	2005	4
chr13	859	911	4
chr13	1851	1901	4
chr13	1631	1736	4
chr13	1737	1738	4
chr13	589	635	4
chr13	2249	2250	4
chr14	1277	1308	1
chr14	1866	1896	1
chr14	1867	1896	1
chr14	1769	1825	1
chr14	1172	1200	1
chr14	1839	1866	1
chr14	461	481	1
chr14	701	727	1
chr14	1393	1430	1
chr14	755	915	1
chr14	1236	1276	1
chr14	661	700	1
chr14	727	915	1
chr14	482	500	1
chr14	1200	1235	1
chr14	1431	1459	1
chr14	2018	2056	1
chr14	1769	1824	1
chr14	1358	1399	1
chr14	434	476	1
chr14	1358	1392	1
chr14	621	661	1
chr14	1309	1357	1
chr14	1366	1392	1
chr14	2015	2043	1
chr14	1237	1276	1
chr14	2044	2081	1
chr14	1585	1640	1
chr14	1587	1640	1
chr14	1547	1584	1
chr14	1158	1199	1
chr14	727	754	1
chr14	1248	1276	1
chr14	416	442	1
chr14	662	696	1
chr14	1825	1866	1
chr14	1998	2017	1
chr14	1547	1586	1
chr14	1202	1276	1
chr14	1109	1157	1
chr14	381	433	1
chr14	1201	1236	1
chr14	2082	2104	1
chr14	461	476	1
chr14	2057	2080	1
chr14	1310	1357	1
chr14	1430	1459	1
chr14	697	727	1
chr14	443	468	1
chr14	1202	1247	1
chr14	1393	1429	1
chr14	1366	1399	1
chr14	1815	1838	1
chr14	501	583	1
chr14	1998	2014	1
chr14	1826	1865	1
chr14	1815	1866	1
chr14	469	499	1
chr14	1492	1546	1
chr14	1460	1491	2
chr14	661	696	2
chr14	728	915	2
chr14	1769	1814	2
chr14	1898	1940	2
chr14	416	441	2
chr14	2044	2080	2
chr14	1547	1585	2
chr14	1400	1429	2
chr14	1430	1469	2
chr14	477	499	2
chr14	1586	1640	2
chr14	1999	2017	2
chr14	1470	1491	2
chr14	2018	2043	2
chr14	1941	1997	2
chr14	442	460	2
chr14	1310	1365	2
chr14	1941	1998	2
chr14	1897	1940	2
chr14	697	726	2
chr14	1867	1897	2
chr14	1172	1201	2
chr14	1492	1521	3
chr14	1109	1171	3
chr14	1522	1546	3
chr14	621	660	3
chr14	381	415	3
chr14	1277	1309	3
chr14	500	583	3
chr14	2081	2104	3
chr14	2105	2120	4
chr14	584	620	4
chr14	2121	2146	4
chr14	916	1001	4
chr14	1002	1029	4
chr14	1030	1108	4
chr14	1641	1768	4
chr15	687	806	1
chr15	1014	1050	1
chr15	836	882	1
chr15	1564	1586	1
chr15	1526	1563	1
chr15	437	453	1
chr15	688	806	1
chr15	766	806	1
chr15	1591	1654	1
chr15	1396	1471	1
chr15	1494	1525	1
chr15	813	834	1
chr15	1659	1714	1
chr15	973	1035	1
chr15	1396	1449	1
chr15	609	657	1
chr15	781	812	1
chr15	1715	1788	1
chr15	1313	1337	1
chr15	687	780	1
chr15	1803	1832	1
chr15	1036	1061	1
chr15	1789	1804	1
chr15	1717	1780	1
chr15	1781	1803	1
chr15	658	687	1
chr15	707	765	1
chr15	1565	1590	1
chr15	1451	1493	1
chr15	1450	1485	1
chr15	454	542	1
chr15	1525	1564	1
chr15	1872	1980	1
chr15	835	882	1
chr15	687	706	1
chr15	609	686	1
chr15	1451	1485	1
chr15	807	835	1
chr15	1051	1135	1
chr15	1781	1802	1
chr15	1833	1871	1
chr15	1804	1832	1
chr15	543	608	1
chr15	1338	1370	1
chr15	1472	1524	1
chr15	973	1013	1
chr15	1136	1199	1
chr15	1781	1804	1
chr15	1659	1716	1
chr15	609	658	2
chr15	884	919	2
chr15	920	972	2
chr15	1526	1564	2
chr15	1659	1715	2
chr15	974	1034	2
chr15	883	919	2
chr15	1716	1780	2
chr15	659	686	2
chr15	920	973	2
chr15	1805	1832	2
chr15	1035	1061	2
chr15	1396	1450	2
chr15	835	883	2
chr15	807	834	2
chr15	1565	1586	2
chr15	1486	1525	2
chr15	437	608	3
chr15	1344	1370	3
chr15	1158	1199	3
chr15	1873	1980	3
chr15	1833	1872	3
chr15	1587	1654	3
chr15	1062	1110	3
chr15	1111	1157	3
chr15	1313	1343	3
chr15	1981	2050	4
chr15	433	434	4
chr15	1290	1312	4
chr15	1657	1658	4
chr15	435	436	4
chr15	1655	1656	4
chr15	431	432	4
chr15	1371	1395	4
chr15	1267	1289	4
chr15	429	430	4
chr15	1200	1266	4
chr15	401	428	4
chr16	248	280	1
chr16	506	564	1
chr16	620	641	1
chr16	1404	1441	1
chr16	416	469	1
chr16	327	391	1
chr16	1748	1776	1
chr16	297	326	1
chr16	222	244	1
chr16	1110	1142	1
chr16	545	576	1
chr16	1339	1368	1
chr16	1777	1805	1
chr16	641	681	1
chr16	551	566	1
chr16	281	329	1
chr16	928	974	1
chr16	222	247	1
chr16	1329	1338	1
chr16	173	220	1
chr16	471	505	1
chr16	392	423	1
chr16	506	544	1
chr16	577	619	1
chr16	975	1018	1
chr16	330	415	1
chr16	1748	1773	1
chr16	1143	1176	1
chr16	1404	1443	1
chr16	642	681	1
chr16	1444	1487	1
chr16	620	640	1
chr16	392	429	1
chr16	1150	1176	1
chr16	281	423	1
chr16	430	470	1
chr16	281	391	1
chr16	245	296	1
chr16	1110	1149	1
chr16	172	220	1
chr16	551	574	1
chr16	1774	1805	1
chr16	565	619	1
chr16	1442	1487	1
chr16	104	172	1
chr16	575	619	1
chr16	567	619	1
chr16	620	681	2
chr16	1072	1109	2
chr16	63	103	2
chr16	1072	1128	2
chr16	62	103	2
chr16	221	244	2
chr16	1443	1487	2
chr16	41	61	2
chr16	41	62	2
chr16	245	280	2
chr16	172	221	2
chr16	1129	1176	2
chr16	1748	1774	2
chr16	1775	1805	2
chr16	506	550	2
chr16	424	469	2
chr16	1404	1442	2
chr16	470	505	3
chr16	104	171	3
chr16	1329	1368	3
chr16	928	988	3
chr16	989	1018	3
chr16	914	915	4
chr16	790	791	4
chr16	806	807	4
chr16	718	719	4
chr16	918	919	4
chr16	848	849	4
chr16	896	897	4
chr16	852	853	4
chr16	1717	1747	4
chr16	732	733	4
chr16	784	785	4
chr16	734	735	4
chr16	740	741	4
chr16	810	811	4
chr16	830	831	4
chr16	776	777	4
chr16	710	711	4
chr16	684	707	4
chr16	854	855	4
chr16	746	747	4
chr16	714	715	4
chr16	832	833	4
chr16	726	727	4
chr16	780	781	4
chr16	858	859	4
chr16	908	909	4
chr16	712	713	4
chr16	724	725	4
chr16	720	721	4
chr16	2	40	4
chr16	738	739	4
chr16	828	829	4
chr16	870	871	4
chr16	862	863	4
chr16	798	799	4
chr16	840	841	4
chr16	812	813	4
chr16	782	783	4
chr16	910	911	4
chr16	822	823	4
chr16	922	923	4
chr16	1517	1545	4
chr16	900	901	4
chr16	814	815	4
chr16	748	749	4
chr16	904	905	4
chr16	816	817	4
chr16	890	891	4
chr16	792	793	4
chr16	808	809	4
chr16	844	845	4
chr16	1019	1071	4
chr16	864	865	4
chr16	882	883	4
chr16	750	751	4
chr16	874	875	4
chr16	762	763	4
chr16	1488	1516	4
chr16	730	731	4
chr16	1680	1716	4
chr16	786	787	4
chr16	860	861	4
chr16	916	917	4
chr16	766	767	4
chr16	868	869	4
chr16	834	835	4
chr16	742	743	4
chr16	754	755	4
chr16	866	867	4
chr16	842	843	4
chr16	886	887	4
chr16	884	885	4
chr16	800	801	4
chr16	804	805	4
chr16	758	759	4
chr16	768	769	4
chr16	926	927	4
chr16	836	837	4
chr16	912	913	4
chr16	764	765	4
chr16	826	827	4
chr16	1546	1638	4
chr16	820	821	4
chr16	856	857	4
chr16	888	889	4
chr16	760	761	4
chr16	1369	1403	4
chr16	920	921	4
chr16	906	907	4
chr16	728	729	4
chr16	736	737	4
chr16	878	879	4
chr16	824	825	4
chr16	924	925	4
chr16	880	881	4
chr16	778	779	4
chr16	838	839	4
chr16	752	753	4
chr16	1177	1328	4
chr16	872	873	4
chr16	818	819	4
chr16	794	795	4
chr16	846	847	4
chr16	772	773	4
chr16	892	893	4
chr16	1639	1679	4
chr16	850	851	4
chr16	774	775	4
chr16	876	877	4
chr16	744	745	4
chr16	898	899	4
chr16	788	789	4
chr16	770	771	4
chr16	682	683	4
chr16	894	895	4
chr16	708	709	4
chr16	722	723	4
chr16	716	717	4
chr16	796	797	4
chr16	756	757	4
chr16	802	803	4
chr16	902	903	4
chr17	988	1097	1
chr17	1304	1346	1
chr17	128	150	1
chr17	1585	1624	1
chr17	865	918	1
chr17	730	774	1
chr17	1062	1098	1
chr17	54	72	1
chr17	768	797	1
chr17	1315	1348	1
chr17	1347	1411	1
chr17	1239	1264	1
chr17	685	729	1
chr17	1265	1301	1
chr17	1265	1314	1
chr17	607	650	1
chr17	829	866	1
chr17	334	380	1
chr17	1164	1239	1
chr17	1099	1131	1
chr17	1541	1584	1
chr17	381	418	1
chr17	1304	1348	1
chr17	334	366	1
chr17	143	176	1
chr17	1133	1163	1
chr17	259	302	1
chr17	334	379	1
chr17	584	615	1
chr17	259	333	1
chr17	651	683	1
chr17	986	1097	1
chr17	1541	1593	1
chr17	380	446	1
chr17	383	446	1
chr17	965	985	1
chr17	1	23	1
chr17	616	683	1
chr17	730	767	1
chr17	867	918	1
chr17	151	176	1
chr17	775	797	1
chr17	988	1060	1
chr17	303	333	1
chr17	108	142	1
chr17	1098	1132	1
chr17	1061	1097	1
chr17	24	53	1
chr17	829	864	1
chr17	988	1061	1
chr17	1302	1348	1
chr17	617	683	1
chr17	419	446	1
chr17	108	127	1
chr17	367	446	1
chr17	617	684	1
chr17	1594	1624	1
chr17	1164	1238	1
chr17	334	382	1
chr17	584	606	1
chr17	829	865	2
chr17	866	918	2
chr17	770	797	2
chr17	584	616	2
chr17	108	131	2
chr17	1211	1239	2
chr17	1098	1131	2
chr17	132	176	2
chr17	1541	1592	2
chr17	730	769	2
chr17	1164	1210	2
chr17	304	333	2
chr17	1265	1303	2
chr17	259	303	2
chr17	1593	1624	2
chr17	1132	1163	3
chr17	1240	1264	3
chr17	684	729	3
chr17	1349	1411	3
chr17	1	45	3
chr17	965	987	3
chr17	46	72	3
chr17	451	452	4
chr17	177	258	4
chr17	505	538	4
chr17	457	458	4
chr17	447	448	4
chr17	495	496	4
chr17	499	500	4
chr17	481	482	4
chr17	493	494	4
chr17	475	476	4
chr17	469	470	4
chr17	455	456	4
chr17	1496	1540	4
chr17	483	484	4
chr17	1476	1495	4
chr17	465	466	4
chr17	459	460	4
chr17	453	454	4
chr17	539	583	4
chr17	73	107	4
chr17	503	504	4
chr17	479	480	4
chr17	477	478	4
chr17	449	450	4
chr17	501	502	4
chr17	489	490	4
chr17	487	488	4
chr17	463	464	4
chr17	467	468	4
chr17	1412	1444	4
chr17	461	462	4
chr17	497	498	4
chr17	919	964	4
chr17	491	492	4
chr17	485	486	4
chr17	1445	1475	4
chr17	473	474	4
chr17	798	828	4
chr17	471	472	4
chr18	865	919	1
chr18	920	966	1
chr18	1437	1489	1
chr18	921	966	1
chr18	865	920	1
chr18	200	233	1
chr18	1087	1137	1
chr18	431	470	1
chr18	1197	1223	1
chr18	1435	1489	1
chr18	172	233	1
chr18	246	276	1
chr18	1437	1482	1
chr18	436	471	1
chr18	436	470	1
chr18	431	471	1
chr18	1143	1185	1
chr18	1	75	1
chr18	171	199	1
chr18	172	232	1
chr18	171	245	1
chr18	1435	1490	1
chr18	234	263	1
chr18	1491	1560	1
chr18	1186	1223	1
chr18	1088	1142	1
chr18	1483	1560	1
chr18	234	276	1
chr18	76	144	1
chr18	1088	1147	1
chr18	233	263	1
chr18	1198	1223	1
chr18	1137	1197	1
chr18	1138	1223	1
chr18	1087	1136	1
chr18	1148	1196	1
chr18	472	594	2
chr18	1364	1436	2
chr18	865	966	2
chr18	1364	1434	2
chr18	1045	1086	2
chr18	371	430	2
chr18	471	594	2
chr18	145	170	2
chr18	1045	1087	2
chr18	277	310	2
chr18	1490	1560	2
chr18	145	171	2
chr18	371	435	2
chr18	264	310	2
chr18	1	74	3
chr18	75	144	3
chr18	1224	1297	4
chr18	331	332	4
chr18	325	326	4
chr18	967	1042	4
chr18	345	346	4
chr18	319	320	4
chr18	339	340	4
chr18	349	350	4
chr18	369	370	4
chr18	333	334	4
chr18	329	330	4
chr18	351	352	4
chr18	323	324	4
chr18	793	864	4
chr18	353	354	4
chr18	1043	1044	4
chr18	357	358	4
chr18	595	649	4
chr18	691	792	4
chr18	359	360	4
chr18	337	338	4
chr18	363	364	4
chr18	311	312	4
chr18	315	316	4
chr18	1298	1363	4
chr18	317	318	4
chr18	313	314	4
chr18	650	690	4
chr18	343	344	4
chr18	321	322	4
chr18	347	348	4
chr18	341	342	4
chr18	335	336	4
chr18	367	368	4
chr18	361	362	4
chr18	327	328	4
chr18	355	356	4
chr18	365	366	4
chr19	66	85	1
chr19	393	493	1
chr19	2	29	1
chr19	38	65	1
chr19	372	392	1
chr19	733	772	1
chr19	656	704	1
chr19	775	798	1
chr19	30	59	1
chr19	168	200	1
chr19	211	227	1
chr19	706	732	1
chr19	294	333	1
chr19	26	85	1
chr19	970	1013	1
chr19	1014	1099	1
chr19	943	969	1
chr19	332	371	1
chr19	294	331	1
chr19	26	53	1
chr19	60	85	1
chr19	294	348	1
chr19	946	969	1
chr19	925	942	1
chr19	879	901	1
chr19	657	705	1
chr19	327	348	1
chr19	261	293	1
chr19	294	326	1
chr19	228	261	1
chr19	2	37	1
chr19	54	85	1
chr19	222	260	1
chr19	334	371	1
chr19	554	655	1
chr19	773	798	1
chr19	860	878	1
chr19	925	945	1
chr19	168	210	1
chr19	802	859	2
chr19	2	25	2
chr19	657	704	2
chr19	222	261	2
chr19	799	859	2
chr19	115	173	2
chr19	925	944	2
chr19	349	371	2
chr19	945	969	2
chr19	115	167	2
chr19	775	801	2
chr19	174	200	2
chr19	605	656	3
chr19	733	774	3
chr19	1013	1033	3
chr19	1034	1099	3
chr19	201	221	3
chr19	394	493	3
chr19	262	293	3
chr19	860	879	3
chr19	970	1012	3
chr19	372	393	3
chr19	705	732	3
chr19	880	901	3
chr19	554	604	3
chr19	530	531	4
chr19	536	537	4
chr19	86	114	4
chr19	534	535	4
chr19	518	519	4
chr19	540	541	4
chr19	542	543	4
chr19	524	525	4
chr19	538	539	4
chr19	516	517	4
chr19	500	501	4
chr19	512	513	4
chr19	520	521	4
chr19	546	547	4
chr19	548	549	4
chr19	526	527	4
chr19	550	551	4
chr19	494	495	4
chr19	544	545	4
chr19	508	509	4
chr19	1125	1183	4
chr19	902	924	4
chr19	532	533	4
chr19	1100	1124	4
chr19	502	503	4
chr19	504	505	4
chr19	522	523	4
chr19	552	553	4
chr19	510	511	4
chr19	498	499	4
chr19	514	515	4
chr19	528	529	4
chr19	496	497	4
chr19	506	507	4
chr2	240	315	1
chr2	307	335	1
chr2	1959	2036	1
chr2	3512	3573	1
chr2	2253	2284	1
chr2	306	339	1
chr2	4036	4062	1
chr2	1244	1278	1
chr2	3382	3405	1
chr2	3406	3436	1
chr2	3164	3217	1
chr2	2023	2067	1
chr2	1284	1316	1
chr2	140	179	1
chr2	954	975	1
chr2	3265	3346	1
chr2	3347	3380	1
chr2	3512	3575	1
chr2	1317	1366	1
chr2	3576	3672	1
chr2	2877	2987	1
chr2	403	424	1
chr2	1082	1118	1
chr2	3165	3217	1
chr2	3073	3164	1
chr2	3577	3671	1
chr2	742	800	1
chr2	1932	1961	1
chr2	2694	2876	1
chr2	2615	2652	1
chr2	4823	4864	1
chr2	2252	2284	1
chr2	1392	1426	1
chr2	4785	4864	1
chr2	3620	3672	1
chr2	425	479	1
chr2	316	417	1
chr2	240	264	1
chr2	3940	4016	1
chr2	4785	4822	1
chr2	1907	1932	1
chr2	2376	2402	1
chr2	1392	1411	1
chr2	264	305	1
chr2	307	339	1
chr2	340	417	1
chr2	1932	1958	1
chr2	2023	2068	1
chr2	1793	1794	1
chr2	4613	4647	1
chr2	1427	1470	1
chr2	2406	2437	1
chr2	480	519	1
chr2	2037	2068	1
chr2	976	1080	1
chr2	2650	2697	1
chr2	4035	4096	1
chr2	2698	2876	1
chr2	1412	1476	1
chr2	4017	4062	1
chr2	4471	4511	1
chr2	192	217	1
chr2	264	306	1
chr2	1932	1964	1
chr2	1426	1470	1
chr2	1965	2021	1
chr2	2559	2614	1
chr2	340	402	1
chr2	977	1081	1
chr2	3577	3672	1
chr2	336	417	1
chr2	3382	3406	1
chr2	4648	4669	1
chr2	2560	2617	1
chr2	1279	1317	1
chr2	4017	4096	1
chr2	2988	3042	1
chr2	1712	1792	1
chr2	180	217	1
chr2	3775	4034	1
chr2	2179	2225	1
chr2	3265	3380	1
chr2	2022	2067	1
chr2	3574	3619	1
chr2	2227	2251	1
chr2	2226	2252	1
chr2	3672	3774	1
chr2	678	741	1
chr2	2558	2580	1
chr2	4512	4612	1
chr2	3437	3472	1
chr2	1219	1283	1
chr2	2438	2559	1
chr2	265	306	1
chr2	140	191	1
chr2	2452	2557	1
chr2	4017	4035	1
chr2	1933	1961	1
chr2	1470	1498	1
chr2	2403	2451	1
chr2	2581	2617	1
chr2	1477	1498	1
chr2	2559	2649	1
chr2	2179	2212	1
chr2	1426	1469	1
chr2	1962	2022	2
chr2	4097	4137	2
chr2	2145	2178	2
chr2	2068	2114	2
chr2	2694	2743	2
chr2	2618	2652	2
chr2	1392	1425	2
chr2	140	185	2
chr2	1119	1158	2
chr2	3219	3264	2
chr2	1159	1218	2
chr2	2406	2451	2
chr2	4098	4137	2
chr2	240	263	2
chr2	3341	3381	2
chr2	977	1080	2
chr2	2069	2113	2
chr2	2115	2144	2
chr2	2251	2284	2
chr2	2178	2212	2
chr2	4063	4097	2
chr2	3265	3340	2
chr2	3940	3983	2
chr2	2227	2250	2
chr2	3512	3576	2
chr2	1244	1283	2
chr2	2452	2558	2
chr2	1471	1498	2
chr2	2145	2177	2
chr2	2114	2144	2
chr2	3984	4016	2
chr2	3164	3218	2
chr2	1119	1157	2
chr2	186	217	2
chr2	1284	1317	2
chr2	4829	4864	2
chr2	1158	1218	2
chr2	4785	4828	2
chr2	3381	3406	2
chr2	2744	2876	2
chr2	3218	3264	2
chr2	3807	3838	3
chr2	418	478	3
chr2	479	519	3
chr2	3673	3774	3
chr2	2998	3042	3
chr2	2213	2214	3
chr2	2877	2997	3
chr2	1712	1794	3
chr2	2376	2405	3
chr2	4639	4669	3
chr2	4471	4638	3
chr2	2215	2224	3
chr2	1907	1931	3
chr2	1318	1366	3
chr2	2653	2693	3
chr2	3073	3163	3
chr2	954	976	3
chr2	678	740	3
chr2	2225	2226	3
chr2	3839	3939	3
chr2	3407	3472	3
chr2	741	800	3
chr2	1081	1118	3
chr2	3775	3806	3
chr2	1219	1243	3
chr2	1873	1874	4
chr2	1823	1824	4
chr2	1829	1830	4
chr2	1825	1826	4
chr2	1849	1850	4
chr2	1887	1888	4
chr2	608	638	4
chr2	1901	1902	4
chr2	1885	1886	4
chr2	1883	1884	4
chr2	1861	1862	4
chr2	4381	4411	4
chr2	1811	1812	4
chr2	1863	1864	4
chr2	1817	1818	4
chr2	1865	1866	4
chr2	1871	1872	4
chr2	1893	1894	4
chr2	1889	1890	4
chr2	925	953	4
chr2	861	877	4
chr2	1895	1896	4
chr2	639	677	4
chr2	1831	1848	4
chr2	3043	3072	4
chr2	1859	1860	4
chr2	1903	1904	4
chr2	1851	1852	4
chr2	218	239	4
chr2	1795	1796	4
chr2	1877	1878	4
chr2	1604	1711	4
chr2	1853	1854	4
chr2	4339	4380	4
chr2	1813	1814	4
chr2	1827	1828	4
chr2	559	607	4
chr2	878	924	4
chr2	1879	1880	4
chr2	1875	1876	4
chr2	1	75	4
chr2	1797	1810	4
chr2	4412	4470	4
chr2	4670	4784	4
chr2	520	558	4
chr2	1815	1816	4
chr2	1881	1882	4
chr2	1499	1603	4
chr2	4271	4338	4
chr2	2285	2375	4
chr2	4138	4184	4
chr2	1857	1858	4
chr2	76	139	4
chr2	1855	1856	4
chr2	3473	3511	4
chr2	1819	1820	4
chr2	1897	1898	4
chr2	1869	1870	4
chr2	1867	1868	4
chr2	842	860	4
chr2	1821	1822	4
chr2	1891	1892	4
chr2	4185	4270	4
chr2	801	841	4
chr2	1905	1906	4
chr2	1367	1391	4
chr2	1899	1900	4
chr20	629	655	1
chr20	62	122	1
chr20	894	945	1
chr20	54	83	1
chr20	989	1054	1
chr20	401	446	1
chr20	588	602	1
chr20	717	754	1
chr20	682	716	1
chr20	603	628	1
chr20	1231	1259	1
chr20	395	472	1
chr20	1211	1259	1
chr20	85	122	1
chr20	1234	1259	1
chr20	350	394	1
chr20	903	945	1
chr20	2	66	1
chr20	54	84	1
chr20	1211	1230	1
chr20	603	638	1
chr20	872	902	1
chr20	588	655	1
chr20	396	446	1
chr20	350	395	1
chr20	872	893	1
chr20	714	754	1
chr20	1211	1233	1
chr20	401	472	1
chr20	682	713	1
chr20	1212	1259	1
chr20	2	61	1
chr20	639	681	1
chr20	1163	1211	1
chr20	67	122	1
chr20	1055	1099	1
chr20	84	122	1
chr20	603	655	1
chr20	447	473	2
chr20	596	602	2
chr20	473	527	2
chr20	908	945	2
chr20	474	527	2
chr20	872	907	2
chr20	713	754	2
chr20	2	53	2
chr20	682	712	2
chr20	350	400	2
chr20	588	595	2
chr20	989	1057	3
chr20	656	681	3
chr20	1058	1099	3
chr20	1163	1210	3
chr20	546	547	4
chr20	544	545	4
chr20	582	583	4
chr20	540	541	4
chr20	946	988	4
chr20	558	559	4
chr20	560	561	4
chr20	277	349	4
chr20	556	557	4
chr20	568	569	4
chr20	574	575	4
chr20	550	551	4
chr20	570	571	4
chr20	755	792	4
chr20	562	563	4
chr20	1100	1162	4
chr20	584	585	4
chr20	576	577	4
chr20	572	573	4
chr20	566	567	4
chr20	176	276	4
chr20	580	581	4
chr20	532	533	4
chr20	793	841	4
chr20	842	871	4
chr20	548	549	4
chr20	528	529	4
chr20	536	537	4
chr20	542	543	4
chr20	564	565	4
chr20	552	553	4
chr20	538	539	4
chr20	534	535	4
chr20	586	587	4
chr20	554	555	4
chr20	123	175	4
chr20	530	531	4
chr20	578	579	4
chr21	303	380	1
chr21	189	196	1
chr21	287	680	1
chr21	818	850	1
chr21	381	537	1
chr21	197	204	1
chr21	852	915	1
chr21	189	190	1
chr21	539	607	1
chr21	538	607	1
chr21	287	538	1
chr21	189	194	1
chr21	608	650	1
chr21	189	192	1
chr21	301	302	1
chr21	193	196	1
chr21	191	192	1
chr21	540	650	1
chr21	208	224	1
chr21	195	198	1
chr21	197	198	1
chr21	608	680	1
chr21	197	207	1
chr21	193	194	1
chr21	381	539	1
chr21	287	300	1
chr21	195	196	1
chr21	851	885	1
chr21	287	380	1
chr21	199	200	2
chr21	201	202	2
chr21	651	680	2
chr21	681	720	2
chr21	721	750	2
chr21	852	885	2
chr21	681	715	2
chr21	716	750	2
chr21	203	204	2
chr21	818	851	3
chr21	207	224	3
chr21	886	915	3
chr21	205	206	3
chr21	277	278	4
chr21	229	230	4
chr21	227	228	4
chr21	283	284	4
chr21	245	246	4
chr21	916	962	4
chr21	237	238	4
chr21	259	260	4
chr21	269	270	4
chr21	241	242	4
chr21	279	280	4
chr21	253	254	4
chr21	225	226	4
chr21	275	276	4
chr21	247	248	4
chr21	231	232	4
chr21	751	817	4
chr21	263	264	4
chr21	271	272	4
chr21	255	256	4
chr21	239	240	4
chr21	235	236	4
chr21	257	258	4
chr21	265	266	4
chr21	243	244	4
chr21	233	234	4
chr21	281	282	4
chr21	251	252	4
chr21	273	274	4
chr21	261	262	4
chr21	285	286	4
chr21	267	268	4
chr21	249	250	4
chr22	636	669	1
chr22	861	902	1
chr22	903	935	1
chr22	842	860	1
chr22	904	935	1
chr22	334	374	1
chr22	504	535	1
chr22	474	505	1
chr22	506	565	1
chr22	594	636	1
chr22	536	593	1
chr22	322	333	1
chr22	474	503	1
chr22	784	841	1
chr22	566	594	1
chr22	595	635	1
chr22	904	943	2
chr22	715	738	2
chr22	670	713	2
chr22	936	1003	2
chr22	670	714	2
chr22	714	738	2
chr22	595	636	2
chr22	474	500	2
chr22	536	594	2
chr22	501	535	2
chr22	944	1003	2
chr22	637	669	3
chr22	784	839	3
chr22	322	335	3
chr22	336	347	3
chr22	840	860	3
chr22	861	903	3
chr22	348	374	3
chr22	375	473	4
chr22	739	758	4
chr22	759	783	4
chr22	1004	1025	4
chr3	965	1008	1
chr3	3018	3054	1
chr3	3115	3145	1
chr3	2272	2311	1
chr3	3450	3531	1
chr3	2373	2423	1
chr3	935	964	1
chr3	2175	2245	1
chr3	1464	1515	1
chr3	2246	2276	1
chr3	3531	3587	1
chr3	3172	3207	1
chr3	857	900	1
chr3	2736	2755	1
chr3	333	404	1
chr3	253	302	1
chr3	3708	3749	1
chr3	649	678	1
chr3	1467	1811	1
chr3	3139	3171	1
chr3	2687	2755	1
chr3	3673	3707	1
chr3	901	930	1
chr3	303	332	1
chr3	642	678	1
chr3	176	216	1
chr3	2687	2715	1
chr3	3391	3450	1
chr3	2468	2510	1
chr3	1382	1435	1
chr3	556	640	1
chr3	790	859	1
chr3	496	555	1
chr3	547	648	1
chr3	790	852	1
chr3	2424	2467	1
chr3	641	678	1
chr3	327	398	1
chr3	2277	2312	1
chr3	1069	1132	1
chr3	3708	3739	1
chr3	303	326	1
chr3	2467	2509	1
chr3	496	629	1
chr3	2598	2644	1
chr3	399	495	1
chr3	262	302	1
chr3	2616	2648	1
chr3	209	261	1
chr3	2716	2735	1
chr3	1436	1463	1
chr3	3146	3223	1
chr3	1040	1066	1
chr3	3390	3450	1
chr3	3224	3389	1
chr3	253	300	1
chr3	935	965	1
chr3	1068	1132	1
chr3	3208	3390	1
chr3	3650	3681	1
chr3	2556	2581	1
chr3	544	641	1
chr3	3110	3138	1
chr3	2686	2715	1
chr3	2645	2686	1
chr3	852	901	1
chr3	790	856	1
chr3	3750	3866	1
chr3	1516	1591	1
chr3	931	965	1
chr3	1045	1068	1
chr3	496	543	1
chr3	1040	1067	1
chr3	2547	2597	1
chr3	2716	2756	1
chr3	2598	2643	1
chr3	405	495	1
chr3	3588	3649	1
chr3	2644	2685	1
chr3	630	678	1
chr3	2510	2556	1
chr3	1009	1040	1
chr3	2975	3017	1
chr3	1041	1066	1
chr3	262	300	1
chr3	2313	2372	1
chr3	3081	3114	1
chr3	496	546	1
chr3	2687	2756	1
chr3	2139	2271	1
chr3	217	261	1
chr3	853	901	1
chr3	1008	1044	1
chr3	2598	2648	1
chr3	2582	2615	1
chr3	2425	2466	1
chr3	3649	3672	1
chr3	2139	2174	1
chr3	860	901	1
chr3	2510	2546	1
chr3	3450	3530	1
chr3	2510	2555	1
chr3	2511	2556	1
chr3	1382	1466	1
chr3	3740	3866	1
chr3	3019	3080	1
chr3	902	965	1
chr3	790	851	1
chr3	3146	3390	2
chr3	1464	1514	2
chr3	3739	3866	2
chr3	3451	3531	2
chr3	2557	2597	2
chr3	3708	3738	2
chr3	1172	1289	2
chr3	2756	2782	2
chr3	2757	2782	2
chr3	902	934	2
chr3	301	326	2
chr3	2278	2311	2
chr3	2425	2467	2
chr3	209	252	2
chr3	1172	1290	2
chr3	1008	1039	2
chr3	1340	1381	2
chr3	3391	3449	2
chr3	2139	2167	2
chr3	2168	2245	2
chr3	1515	1591	2
chr3	3110	3145	2
chr3	3649	3681	2
chr3	1291	1339	2
chr3	2649	2686	2
chr3	1067	1132	2
chr3	2246	2277	2
chr3	327	405	2
chr3	1382	1463	2
chr3	2468	2509	2
chr3	1290	1338	2
chr3	1339	1381	2
chr3	3019	3054	2
chr3	406	495	2
chr3	3532	3587	3
chr3	1592	1811	3
chr3	3055	3109	3
chr3	3588	3648	3
chr3	3682	3707	3
chr3	2975	3018	3
chr3	2312	2372	3
chr3	176	208	3
chr3	2373	2424	3
chr3	966	1007	3
chr3	679	735	4
chr3	1812	1813	4
chr3	1824	1825	4
chr3	3867	3907	4
chr3	1848	1849	4
chr3	1842	1843	4
chr3	1818	1819	4
chr3	2870	2927	4
chr3	1860	1861	4
chr3	1852	1853	4
chr3	1133	1171	4
chr3	2	87	4
chr3	1862	1863	4
chr3	1828	1829	4
chr3	2928	2974	4
chr3	1864	1865	4
chr3	1832	1833	4
chr3	736	789	4
chr3	1830	1831	4
chr3	1826	1827	4
chr3	1870	1990	4
chr3	1844	1845	4
chr3	1856	1857	4
chr3	2783	2819	4
chr3	1854	1855	4
chr3	1850	1851	4
chr3	1991	2030	4
chr3	1836	1837	4
chr3	1846	1847	4
chr3	1868	1869	4
chr3	1822	1823	4
chr3	1840	1841	4
chr3	1816	1817	4
chr3	1866	1867	4
chr3	1814	1815	4
chr3	88	175	4
chr3	3908	3959	4
chr3	1858	1859	4
chr3	2820	2869	4
chr3	1834	1835	4
chr3	1838	1839	4
chr3	1820	1821	4
chr3	2031	2138	4
chr4	1311	1365	1
chr4	35	60	1
chr4	2019	2081	1
chr4	3095	3208	1
chr4	455	508	1
chr4	1537	1572	1
chr4	819	981	1
chr4	128	173	1
chr4	981	994	1
chr4	1749	1801	1
chr4	174	350	1
chr4	1530	1572	1
chr4	895	953	1
chr4	2575	2602	1
chr4	3111	3182	1
chr4	1480	1513	1
chr4	2179	2229	1
chr4	3732	3820	1
chr4	3479	3687	1
chr4	3742	3820	1
chr4	819	894	1
chr4	85	127	1
chr4	1920	2017	1
chr4	1720	1748	1
chr4	1537	1566	1
chr4	88	131	1
chr4	2261	2404	1
chr4	1366	1429	1
chr4	61	87	1
chr4	1981	2018	1
chr4	3209	3273	1
chr4	3688	3743	1
chr4	2837	2921	1
chr4	3273	3328	1
chr4	1531	1565	1
chr4	1567	1664	1
chr4	128	184	1
chr4	2405	2454	1
chr4	185	309	1
chr4	1480	1536	1
chr4	1159	1310	1
chr4	3019	3110	1
chr4	132	173	1
chr4	3744	3820	1
chr4	3743	3820	1
chr4	1566	1664	1
chr4	1665	1719	1
chr4	1665	1718	1
chr4	1921	1980	1
chr4	61	88	1
chr4	2231	2389	1
chr4	36	60	1
chr4	2230	2260	1
chr4	2837	2920	1
chr4	1802	1919	1
chr4	1480	1529	1
chr4	3019	3109	1
chr4	2018	2082	1
chr4	35	70	1
chr4	36	84	1
chr4	1479	1530	1
chr4	89	127	1
chr4	3110	3182	1
chr4	3479	3546	1
chr4	3688	3731	1
chr4	3688	3742	1
chr4	2083	2178	1
chr4	2178	2230	1
chr4	2921	2976	1
chr4	3688	3741	1
chr4	351	454	1
chr4	1514	1536	1
chr4	2575	2597	1
chr4	3095	3182	1
chr4	954	980	1
chr4	126	173	1
chr4	3274	3328	1
chr4	71	125	1
chr4	2598	2798	1
chr4	1430	1478	1
chr4	1719	1756	1
chr4	3421	3478	2
chr4	2230	2389	2
chr4	1720	1756	2
chr4	852	953	2
chr4	3042	3094	2
chr4	2571	2602	2
chr4	954	981	2
chr4	3478	3546	2
chr4	3421	3477	2
chr4	2525	2574	2
chr4	3329	3420	2
chr4	2836	2921	2
chr4	3273	3320	2
chr4	1	35	2
chr4	3019	3041	2
chr4	3321	3420	2
chr4	2799	2836	2
chr4	2018	2081	2
chr4	2525	2570	2
chr4	2178	2229	2
chr4	1	34	2
chr4	1921	2017	2
chr4	2799	2835	2
chr4	1573	1666	2
chr4	174	202	2
chr4	203	309	2
chr4	819	851	2
chr4	1667	1719	2
chr4	982	994	3
chr4	2603	2798	3
chr4	2390	2454	3
chr4	1430	1479	3
chr4	1757	1801	3
chr4	310	350	3
chr4	3183	3208	3
chr4	351	436	3
chr4	437	508	3
chr4	2082	2177	3
chr4	1159	1309	3
chr4	2922	2976	3
chr4	1367	1429	3
chr4	3209	3272	3
chr4	1310	1366	3
chr4	1802	1920	3
chr4	3547	3687	3
chr4	1029	1030	4
chr4	1017	1018	4
chr4	1005	1006	4
chr4	999	1000	4
chr4	995	996	4
chr4	1104	1158	4
chr4	1009	1010	4
chr4	509	541	4
chr4	1007	1008	4
chr4	1039	1040	4
chr4	1019	1020	4
chr4	1013	1014	4
chr4	1049	1050	4
chr4	1003	1004	4
chr4	1043	1044	4
chr4	1041	1042	4
chr4	1045	1046	4
chr4	1051	1052	4
chr4	1027	1028	4
chr4	2455	2524	4
chr4	753	818	4
chr4	2977	3018	4
chr4	997	998	4
chr4	1025	1026	4
chr4	542	752	4
chr4	1021	1022	4
chr4	1035	1036	4
chr4	1011	1012	4
chr4	1023	1024	4
chr4	1053	1103	4
chr4	1047	1048	4
chr4	1033	1034	4
chr4	1001	1002	4
chr4	1037	1038	4
chr4	1031	1032	4
chr4	1015	1016	4
chr5	1132	1182	1
chr5	1133	1310	1
chr5	2616	2667	1
chr5	1046	1089	1
chr5	989	1045	1
chr5	1183	1239	1
chr5	1311	1380	1
chr5	3089	3133	1
chr5	158	205	1
chr5	2843	2917	1
chr5	1395	1396	1
chr5	3068	3088	1
chr5	989	1041	1
chr5	1385	1456	1
chr5	1235	1278	1
chr5	35	109	1
chr5	2538	2610	1
chr5	1633	1734	1
chr5	3438	3498	1
chr5	792	871	1
chr5	1397	1398	1
chr5	1367	1380	1
chr5	628	720	1
chr5	1399	1400	1
chr5	2740	2802	1
chr5	872	928	1
chr5	1183	1234	1
chr5	437	626	1
chr5	3024	3087	1
chr5	1401	1462	1
chr5	2981	2996	1
chr5	3583	3614	1
chr5	2981	2997	1
chr5	2974	2996	1
chr5	721	791	1
chr5	1385	1462	1
chr5	2611	2648	1
chr5	3260	3354	1
chr5	1457	1512	1
chr5	3554	3582	1
chr5	2668	2696	1
chr5	2981	3023	1
chr5	1393	1394	1
chr5	3025	3067	1
chr5	2697	2750	1
chr5	3088	3135	1
chr5	1567	1611	1
chr5	2696	2750	1
chr5	3136	3197	1
chr5	1132	1196	1
chr5	1612	1632	1
chr5	1393	1462	1
chr5	627	721	1
chr5	35	135	1
chr5	1197	1239	1
chr5	2918	2973	1
chr5	2804	2842	1
chr5	2843	2918	1
chr5	2998	3024	1
chr5	873	928	1
chr5	2803	2842	1
chr5	1513	1566	1
chr5	3500	3553	1
chr5	110	157	1
chr5	1133	1182	1
chr5	2759	2803	1
chr5	1042	1089	1
chr5	3355	3437	1
chr5	2740	2758	1
chr5	3499	3552	1
chr5	1312	1366	1
chr5	2460	2537	2
chr5	2804	2846	2
chr5	1312	1380	2
chr5	2231	2366	2
chr5	628	721	2
chr5	2847	2918	2
chr5	1	34	2
chr5	929	930	2
chr5	3088	3133	2
chr5	1389	1390	2
chr5	989	1044	2
chr5	1090	1131	2
chr5	2997	3024	2
chr5	873	930	2
chr5	2260	2366	2
chr5	1	33	2
chr5	1090	1132	2
chr5	2514	2537	2
chr5	1391	1392	2
chr5	3500	3552	2
chr5	1387	1388	2
chr5	1045	1089	2
chr5	3025	3087	2
chr5	3617	3618	2
chr5	2696	2739	2
chr5	2231	2259	2
chr5	2460	2513	2
chr5	1240	1278	2
chr5	2751	2780	2
chr5	34	135	2
chr5	2616	2648	2
chr5	2781	2803	2
chr5	1385	1386	2
chr5	792	872	3
chr5	1463	1527	3
chr5	2919	2980	3
chr5	3260	3353	3
chr5	437	627	3
chr5	722	791	3
chr5	2649	2667	3
chr5	2668	2695	3
chr5	3438	3499	3
chr5	2538	2615	3
chr5	1567	1612	3
chr5	1279	1311	3
chr5	3134	3197	3
chr5	1528	1566	3
chr5	3553	3582	3
chr5	3354	3437	3
chr5	136	205	3
chr5	3583	3616	3
chr5	1613	1734	3
chr5	2367	2459	4
chr5	1816	1886	4
chr5	969	970	4
chr5	945	946	4
chr5	3198	3259	4
chr5	949	950	4
chr5	931	932	4
chr5	979	980	4
chr5	955	956	4
chr5	985	986	4
chr5	973	974	4
chr5	959	960	4
chr5	935	936	4
chr5	206	301	4
chr5	2155	2230	4
chr5	951	952	4
chr5	953	954	4
chr5	302	436	4
chr5	933	934	4
chr5	1887	1931	4
chr5	1383	1384	4
chr5	939	940	4
chr5	977	978	4
chr5	1932	2057	4
chr5	981	982	4
chr5	943	944	4
chr5	961	962	4
chr5	987	988	4
chr5	1735	1815	4
chr5	1381	1382	4
chr5	983	984	4
chr5	957	958	4
chr5	937	938	4
chr5	967	968	4
chr5	941	942	4
chr5	971	972	4
chr5	947	948	4
chr5	965	966	4
chr5	975	976	4
chr5	963	964	4
chr5	2058	2154	4
chr6	1190	1191	1
chr6	1224	1225	1
chr6	1182	1183	1
chr6	2165	2196	1
chr6	1180	1181	1
chr6	1794	1826	1
chr6	630	665	1
chr6	1234	1235	1
chr6	1186	1187	1
chr6	1218	1219	1
chr6	787	821	1
chr6	1238	1291	1
chr6	2	3	1
chr6	2558	2689	1
chr6	371	488	1
chr6	521	600	1
chr6	888	941	1
chr6	4	55	1
chr6	1226	1227	1
chr6	133	162	1
chr6	1613	1686	1
chr6	1228	1229	1
chr6	3090	3139	1
chr6	827	887	1
chr6	268	326	1
chr6	2761	2858	1
chr6	2007	2117	1
chr6	1236	1237	1
chr6	3333	3422	1
chr6	1232	1233	1
chr6	1292	1435	1
chr6	2716	2760	1
chr6	2552	2639	1
chr6	3338	3422	1
chr6	787	826	1
chr6	1917	1995	1
chr6	1827	1915	1
chr6	1163	1177	1
chr6	3334	3421	1
chr6	2690	2715	1
chr6	2385	2456	1
chr6	1194	1195	1
chr6	1125	1147	1
chr6	3223	3332	1
chr6	920	1039	1
chr6	2106	2164	1
chr6	2640	2689	1
chr6	1216	1217	1
chr6	601	629	1
chr6	2197	2248	1
chr6	210	267	1
chr6	2249	2286	1
chr6	1436	1488	1
chr6	1200	1201	1
chr6	2007	2105	1
chr6	1230	1231	1
chr6	2455	2550	1
chr6	3140	3191	1
chr6	1208	1209	1
chr6	942	1039	1
chr6	3223	3333	1
chr6	2455	2557	1
chr6	1212	1213	1
chr6	1148	1162	1
chr6	888	919	1
chr6	1184	1185	1
chr6	822	857	1
chr6	1996	2117	1
chr6	2006	2117	1
chr6	1204	1205	1
chr6	1178	1179	1
chr6	2457	2550	1
chr6	1210	1211	1
chr6	3223	3337	1
chr6	1916	2005	1
chr6	102	132	1
chr6	327	370	1
chr6	2859	2986	1
chr6	1206	1207	1
chr6	1220	1221	1
chr6	1196	1197	1
chr6	1812	1914	1
chr6	858	887	1
chr6	1756	1793	1
chr6	2331	2384	1
chr6	2455	2551	1
chr6	1214	1215	1
chr6	2287	2330	1
chr6	1202	1203	1
chr6	1726	1755	1
chr6	1756	1811	1
chr6	1188	1189	1
chr6	1419	1488	1
chr6	3332	3420	1
chr6	1687	1725	1
chr6	3223	3331	1
chr6	1192	1193	1
chr6	1198	1199	1
chr6	372	520	1
chr6	1222	1223	1
chr6	2597	2644	2
chr6	2645	2689	2
chr6	2551	2596	2
chr6	372	488	2
chr6	1488	1519	2
chr6	1813	1914	2
chr6	1756	1812	2
chr6	1419	1487	2
chr6	835	887	2
chr6	888	920	2
chr6	921	1039	2
chr6	1489	1519	2
chr6	1917	2006	2
chr6	787	834	2
chr6	521	580	3
chr6	327	371	3
chr6	1217	1218	3
chr6	3090	3140	3
chr6	1292	1418	3
chr6	1237	1291	3
chr6	1201	1202	3
chr6	1686	1721	3
chr6	2690	2716	3
chr6	132	162	3
chr6	1229	1230	3
chr6	1223	1224	3
chr6	1193	1194	3
chr6	609	630	3
chr6	1215	1216	3
chr6	581	608	3
chr6	1195	1196	3
chr6	267	326	3
chr6	1191	1192	3
chr6	3141	3191	3
chr6	2385	2454	3
chr6	2165	2215	3
chr6	1177	1178	3
chr6	2118	2164	3
chr6	1207	1208	3
chr6	1199	1200	3
chr6	102	131	3
chr6	2251	2286	3
chr6	2769	2876	3
chr6	1203	1204	3
chr6	1233	1234	3
chr6	1179	1180	3
chr6	1197	1198	3
chr6	1125	1176	3
chr6	1225	1226	3
chr6	2287	2329	3
chr6	1213	1214	3
chr6	1209	1210	3
chr6	1722	1755	3
chr6	2330	2384	3
chr6	2717	2768	3
chr6	1205	1206	3
chr6	2877	2986	3
chr6	210	266	3
chr6	1915	1916	3
chr6	1231	1232	3
chr6	1219	1220	3
chr6	1181	1182	3
chr6	631	665	3
chr6	1227	1228	3
chr6	489	520	3
chr6	1187	1188	3
chr6	1613	1685	3
chr6	1183	1184	3
chr6	2216	2250	3
chr6	1211	1212	3
chr6	1185	1186	3
chr6	5	55	3
chr6	1221	1222	3
chr6	1235	1236	3
chr6	1189	1190	3
chr6	3192	3222	4
chr6	1520	1612	4
chr6	2987	3036	4
chr6	666	705	4
chr6	56	101	4
chr6	1040	1072	4
chr6	1073	1124	4
chr6	747	786	4
chr6	163	209	4
chr6	3037	3089	4
chr6	706	746	4
chr7	2317	2425	1
chr7	506	614	1
chr7	2804	2841	1
chr7	1523	1670	1
chr7	2628	2682	1
chr7	2340	2408	1
chr7	2045	2114	1
chr7	2001	2043	1
chr7	1221	1239	1
chr7	1743	1854	1
chr7	2964	2990	1
chr7	1756	1813	1
chr7	2683	2707	1
chr7	1240	1300	1
chr7	2772	2804	1
chr7	2883	2964	1
chr7	1225	1226	1
chr7	2747	2782	1
chr7	1301	1336	1
chr7	2426	2559	1
chr7	33	58	1
chr7	2991	3020	1
chr7	3021	3051	1
chr7	117	139	1
chr7	1229	1239	1
chr7	1221	1226	1
chr7	1501	1522	1
chr7	2044	2116	1
chr7	506	564	1
chr7	1671	1755	1
chr7	1446	1522	1
chr7	2687	2772	1
chr7	624	727	1
chr7	1908	1970	1
chr7	960	1107	1
chr7	2747	2783	1
chr7	141	168	1
chr7	1522	1669	1
chr7	624	714	1
chr7	2773	2803	1
chr7	2628	2686	1
chr7	1453	1492	1
chr7	1607	1670	1
chr7	1671	1742	1
chr7	1814	1855	1
chr7	117	140	1
chr7	1223	1226	1
chr7	1003	1030	1
chr7	1522	1606	1
chr7	1857	1907	1
chr7	2805	2841	1
chr7	2317	2339	1
chr7	2784	2841	1
chr7	2002	2044	1
chr7	1031	1096	1
chr7	1493	1494	1
chr7	2117	2164	1
chr7	2699	2771	1
chr7	1971	2000	1
chr7	2783	2841	1
chr7	1523	1669	1
chr7	1223	1224	1
chr7	2965	2990	1
chr7	1108	1162	1
chr7	1856	1907	1
chr7	1446	1521	1
chr7	1	32	1
chr7	1980	2001	1
chr7	230	442	1
chr7	2991	3051	1
chr7	1501	1521	1
chr7	2409	2462	1
chr7	1757	1829	1
chr7	1453	1494	1
chr7	728	768	1
chr7	2628	2698	1
chr7	2628	2707	1
chr7	1908	1979	1
chr7	1757	1854	1
chr7	2842	2882	1
chr7	1830	1856	1
chr7	565	614	1
chr7	1670	1756	2
chr7	591	623	2
chr7	94	117	2
chr7	2708	2746	2
chr7	1003	1029	2
chr7	2992	3051	2
chr7	1231	1239	2
chr7	615	714	2
chr7	2002	2043	2
chr7	94	116	2
chr7	1221	1222	2
chr7	1030	1096	2
chr7	1855	1907	2
chr7	1981	2001	2
chr7	2425	2462	2
chr7	2229	2267	2
chr7	1337	1450	2
chr7	1495	1496	2
chr7	2229	2268	2
chr7	1908	1953	2
chr7	2268	2316	2
chr7	1497	1498	2
chr7	1337	1445	2
chr7	2317	2424	2
chr7	2269	2316	2
chr7	506	590	2
chr7	1229	1230	2
chr7	118	139	2
chr7	1954	1980	2
chr7	2964	2991	2
chr7	2044	2114	2
chr7	1499	1500	2
chr7	1451	1452	2
chr7	1097	1162	3
chr7	32	58	3
chr7	960	1002	3
chr7	2879	2963	3
chr7	1240	1303	3
chr7	1227	1228	3
chr7	140	168	3
chr7	2463	2559	3
chr7	715	768	3
chr7	341	442	3
chr7	2115	2164	3
chr7	1	31	3
chr7	1304	1336	3
chr7	230	340	3
chr7	2842	2878	3
chr7	1169	1170	4
chr7	1217	1218	4
chr7	1203	1204	4
chr7	1199	1200	4
chr7	1219	1220	4
chr7	1173	1174	4
chr7	2165	2228	4
chr7	1179	1180	4
chr7	840	880	4
chr7	1171	1172	4
chr7	905	959	4
chr7	1215	1216	4
chr7	2560	2594	4
chr7	1177	1178	4
chr7	1213	1214	4
chr7	1201	1202	4
chr7	3094	3182	4
chr7	2595	2627	4
chr7	1181	1182	4
chr7	1211	1212	4
chr7	1189	1190	4
chr7	881	904	4
chr7	1165	1166	4
chr7	769	804	4
chr7	1175	1176	4
chr7	1209	1210	4
chr7	3052	3093	4
chr7	805	839	4
chr7	1205	1206	4
chr7	59	93	4
chr7	1185	1186	4
chr7	443	505	4
chr7	1167	1168	4
chr7	169	229	4
chr7	1197	1198	4
chr7	1195	1196	4
chr7	1187	1188	4
chr7	1207	1208	4
chr7	1163	1164	4
chr7	1193	1194	4
chr7	1183	1184	4
chr7	1191	1192	4
chr8	1331	1371	1
chr8	981	1068	1
chr8	2366	2422	1
chr8	912	913	1
chr8	1507	1611	1
chr8	1372	1411	1
chr8	908	909	1
chr8	2423	2473	1
chr8	1611	1652	1
chr8	898	899	1
chr8	1188	1241	1
chr8	2512	2634	1
chr8	42	160	1
chr8	1735	1751	1
chr8	924	925	1
chr8	928	929	1
chr8	2259	2366	1
chr8	250	374	1
chr8	981	1060	1
chr8	884	885	1
chr8	937	1068	1
chr8	1061	1143	1
chr8	890	891	1
chr8	981	1067	1
chr8	894	895	1
chr8	1946	1972	1
chr8	934	935	1
chr8	135	250	1
chr8	878	879	1
chr8	1946	1983	1
chr8	500	543	1
chr8	553	621	1
chr8	2635	2828	1
chr8	1612	1653	1
chr8	1654	1720	1
chr8	882	883	1
chr8	375	401	1
chr8	904	905	1
chr8	2908	2909	1
chr8	500	553	1
chr8	44	134	1
chr8	902	903	1
chr8	926	927	1
chr8	1843	1908	1
chr8	1456	1506	1
chr8	251	401	1
chr8	2367	2473	1
chr8	1242	1283	1
chr8	892	893	1
chr8	1478	1505	1
chr8	1371	1411	1
chr8	930	931	1
chr8	1370	1463	1
chr8	1984	2031	1
chr8	3	43	1
chr8	1243	1285	1
chr8	544	569	1
chr8	1068	1143	1
chr8	896	897	1
chr8	886	887	1
chr8	250	401	1
chr8	161	249	1
chr8	570	621	1
chr8	860	877	1
chr8	197	249	1
chr8	1412	1477	1
chr8	1721	1751	1
chr8	473	552	1
chr8	1841	1908	1
chr8	1069	1141	1
chr8	501	553	1
chr8	143	250	1
chr8	880	881	1
chr8	2910	2927	1
chr8	1069	1187	1
chr8	2177	2365	1
chr8	2636	2795	1
chr8	2	43	1
chr8	402	436	1
chr8	918	919	1
chr8	1456	1505	1
chr8	42	142	1
chr8	1284	1330	1
chr8	2888	2907	1
chr8	2259	2363	1
chr8	473	500	1
chr8	2909	2926	1
chr8	1142	1187	1
chr8	900	901	1
chr8	910	911	1
chr8	1464	1506	1
chr8	888	889	1
chr8	1370	1411	1
chr8	916	917	1
chr8	1331	1370	1
chr8	922	923	1
chr8	1188	1242	1
chr8	162	196	1
chr8	44	125	1
chr8	1735	1840	1
chr8	936	980	1
chr8	1973	2031	1
chr8	906	907	1
chr8	1735	1842	1
chr8	932	933	1
chr8	1507	1610	1
chr8	2829	2849	1
chr8	2796	2848	1
chr8	126	161	1
chr8	920	921	1
chr8	2177	2363	1
chr8	375	435	1
chr8	914	915	1
chr8	251	374	1
chr8	437	472	1
chr8	2849	2887	1
chr8	796	828	2
chr8	402	435	2
chr8	1242	1285	2
chr8	2032	2081	2
chr8	2830	2849	2
chr8	1909	1945	2
chr8	554	621	2
chr8	473	499	2
chr8	1815	1842	2
chr8	2909	2910	2
chr8	1983	2032	2
chr8	774	828	2
chr8	1612	1652	2
chr8	1331	1369	2
chr8	1752	1814	2
chr8	937	980	2
chr8	2636	2829	2
chr8	1144	1188	2
chr8	1946	1982	2
chr8	1843	1894	2
chr8	1506	1611	2
chr8	2417	2473	2
chr8	2177	2258	2
chr8	1189	1241	2
chr8	1895	1945	2
chr8	2033	2081	2
chr8	774	795	2
chr8	1412	1455	2
chr8	2364	2416	2
chr8	3	41	2
chr8	2911	2926	2
chr8	921	922	3
chr8	893	894	3
chr8	903	904	3
chr8	1733	1734	3
chr8	897	898	3
chr8	885	886	3
chr8	860	878	3
chr8	911	912	3
chr8	931	932	3
chr8	1653	1732	3
chr8	919	920	3
chr8	907	908	3
chr8	933	934	3
chr8	915	916	3
chr8	2907	2908	3
chr8	1286	1330	3
chr8	2888	2906	3
chr8	927	928	3
chr8	925	926	3
chr8	883	884	3
chr8	881	882	3
chr8	905	906	3
chr8	436	472	3
chr8	899	900	3
chr8	889	890	3
chr8	901	902	3
chr8	879	880	3
chr8	887	888	3
chr8	917	918	3
chr8	909	910	3
chr8	929	930	3
chr8	913	914	3
chr8	935	936	3
chr8	891	892	3
chr8	923	924	3
chr8	2512	2635	3
chr8	2850	2887	3
chr8	895	896	3
chr8	2082	2176	4
chr8	2474	2511	4
chr8	753	773	4
chr8	671	752	4
chr8	829	859	4
chr8	622	670	4
chr9	259	313	1
chr9	201	254	1
chr9	901	902	1
chr9	1	57	1
chr9	1411	1416	1
chr9	2487	2544	1
chr9	2685	2718	1
chr9	2524	2546	1
chr9	1381	1400	1
chr9	58	116	1
chr9	1345	1346	1
chr9	1387	1388	1
chr9	2498	2545	1
chr9	1327	1328	1
chr9	867	886	1
chr9	1395	1400	1
chr9	2487	2523	1
chr9	811	816	1
chr9	881	886	1
chr9	260	314	1
chr9	915	916	1
chr9	2467	2497	1
chr9	1983	2008	1
chr9	1353	1358	1
chr9	913	916	1
chr9	1347	1348	1
chr9	801	822	1
chr9	2719	2768	1
chr9	531	553	1
chr9	1580	1619	1
chr9	1	86	1
chr9	1413	1414	1
chr9	805	806	1
chr9	1913	1946	1
chr9	803	822	1
chr9	1915	1948	1
chr9	2033	2067	1
chr9	1363	1374	1
chr9	807	808	1
chr9	2545	2591	1
chr9	923	928	1
chr9	2390	2466	1
chr9	2547	2591	1
chr9	845	848	1
chr9	805	808	1
chr9	1311	1314	1
chr9	1844	1873	1
chr9	117	199	1
chr9	1466	1768	1
chr9	1325	1326	1
chr9	2247	2282	1
chr9	1597	1768	1
chr9	907	910	1
chr9	909	910	1
chr9	879	880	1
chr9	1329	1332	1
chr9	867	878	1
chr9	2544	2591	1
chr9	1409	1412	1
chr9	2343	2389	1
chr9	2069	2165	1
chr9	1947	1982	1
chr9	845	846	1
chr9	2284	2313	1
chr9	1409	1414	1
chr9	737	784	1
chr9	2247	2283	1
chr9	1333	1334	1
chr9	531	554	1
chr9	1309	1314	1
chr9	1620	1768	1
chr9	817	818	1
chr9	1375	1376	1
chr9	255	314	1
chr9	1	136	1
chr9	841	842	1
chr9	1548	1596	1
chr9	841	844	1
chr9	913	914	1
chr9	1839	1890	1
chr9	2487	2543	1
chr9	921	928	1
chr9	260	313	1
chr9	839	852	1
chr9	1393	1394	1
chr9	1411	1412	1
chr9	694	749	1
chr9	1379	1384	1
chr9	1891	1914	1
chr9	1389	1392	1
chr9	813	814	1
chr9	2546	2591	1
chr9	554	572	1
chr9	1517	1579	1
chr9	2033	2068	1
chr9	694	736	1
chr9	117	200	1
chr9	2166	2199	1
chr9	901	904	1
chr9	1363	1404	1
chr9	694	741	1
chr9	811	812	1
chr9	2769	2793	1
chr9	1548	1599	1
chr9	555	572	1
chr9	694	721	1
chr9	200	259	1
chr9	201	258	1
chr9	1	116	1
chr9	1357	1358	1
chr9	867	888	1
chr9	2673	2684	1
chr9	1466	1516	1
chr9	795	800	1
chr9	1373	1380	1
chr9	1769	1843	1
chr9	935	938	1
chr9	1363	1372	1
chr9	1377	1378	1
chr9	1329	1330	1
chr9	742	784	1
chr9	847	848	1
chr9	722	749	1
chr9	1600	1768	1
chr9	831	834	1
chr9	835	850	1
chr9	1335	1338	1
chr9	1413	1416	1
chr9	2794	2822	1
chr9	1333	1340	1
chr9	1331	1332	1
chr9	907	908	1
chr9	1949	2008	1
chr9	825	828	1
chr9	843	844	1
chr9	1363	1400	1
chr9	201	259	1
chr9	2068	2164	1
chr9	815	818	1
chr9	87	136	1
chr9	1385	1386	1
chr9	867	890	1
chr9	1313	1314	2
chr9	859	864	2
chr9	315	416	2
chr9	907	916	2
chr9	821	822	2
chr9	2069	2164	2
chr9	839	840	2
chr9	2200	2246	2
chr9	1359	1360	2
chr9	137	200	2
chr9	314	416	2
chr9	863	864	2
chr9	1409	1410	2
chr9	1839	1873	2
chr9	531	572	2
chr9	2200	2245	2
chr9	895	902	2
chr9	2005	2031	2
chr9	861	862	2
chr9	1357	1360	2
chr9	750	784	2
chr9	819	820	2
chr9	2246	2282	2
chr9	1949	2004	2
chr9	895	900	2
chr9	849	850	2
chr9	925	926	2
chr9	1466	1547	2
chr9	2009	2032	2
chr9	911	912	2
chr9	927	928	2
chr9	1415	1416	2
chr9	859	860	2
chr9	887	888	2
chr9	809	810	2
chr9	2032	2068	2
chr9	1311	1312	2
chr9	1329	1338	2
chr9	803	804	2
chr9	923	924	2
chr9	1913	1948	2
chr9	799	800	3
chr9	1401	1402	3
chr9	2719	2792	3
chr9	851	852	3
chr9	1874	1912	3
chr9	1353	1354	3
chr9	1345	1348	3
chr9	833	834	3
chr9	2673	2683	3
chr9	889	890	3
chr9	797	798	3
chr9	825	826	3
chr9	2793	2822	3
chr9	2684	2718	3
chr9	1339	1340	3
chr9	795	796	3
chr9	1355	1356	3
chr9	837	838	3
chr9	831	832	3
chr9	835	836	3
chr9	2283	2313	3
chr9	801	802	3
chr9	2343	2390	3
chr9	921	922	3
chr9	903	904	3
chr9	2391	2466	3
chr9	1325	1328	3
chr9	827	828	3
chr9	1403	1404	3
chr9	2467	2486	3
chr9	2165	2199	3
chr9	937	938	3
chr9	1309	1310	3
chr9	935	936	3
chr9	1769	1838	3
chr9	1209	1210	4
chr9	981	982	4
chr9	603	604	4
chr9	589	590	4
chr9	957	958	4
chr9	459	460	4
chr9	623	624	4
chr9	471	472	4
chr9	1123	1124	4
chr9	439	440	4
chr9	1109	1110	4
chr9	995	996	4
chr9	605	606	4
chr9	1231	1232	4
chr9	1167	1168	4
chr9	1301	1302	4
chr9	1089	1090	4
chr9	1265	1266	4
chr9	1099	1100	4
chr9	1299	1300	4
chr9	891	892	4
chr9	1107	1108	4
chr9	1155	1156	4
chr9	1161	1162	4
chr9	1183	1184	4
chr9	1115	1116	4
chr9	1113	1114	4
chr9	2663	2664	4
chr9	977	978	4
chr9	445	446	4
chr9	1215	1216	4
chr9	1085	1086	4
chr9	1217	1218	4
chr9	1101	1102	4
chr9	1125	1126	4
chr9	1203	1204	4
chr9	583	584	4
chr9	1249	1250	4
chr9	1273	1274	4
chr9	447	448	4
chr9	1259	1260	4
chr9	1263	1264	4
chr9	427	428	4
chr9	1021	1022	4
chr9	1045	1046	4
chr9	1305	1306	4
chr9	1159	1160	4
chr9	451	452	4
chr9	1405	1406	4
chr9	1055	1056	4
chr9	785	786	4
chr9	497	498	4
chr9	495	496	4
chr9	949	950	4
chr9	573	574	4
chr9	1157	1158	4
chr9	1179	1180	4
chr9	1097	1098	4
chr9	1173	1174	4
chr9	1297	1298	4
chr9	1037	1038	4
chr9	1067	1068	4
chr9	1073	1074	4
chr9	1247	1248	4
chr9	1289	1290	4
chr9	1151	1152	4
chr9	1271	1272	4
chr9	893	894	4
chr9	457	458	4
chr9	1317	1318	4
chr9	791	792	4
chr9	633	660	4
chr9	1061	1062	4
chr9	1293	1294	4
chr9	593	594	4
chr9	1133	1134	4
chr9	1225	1226	4
chr9	1013	1014	4
chr9	627	628	4
chr9	1165	1166	4
chr9	429	430	4
chr9	1081	1082	4
chr9	1237	1238	4
chr9	939	940	4
chr9	905	906	4
chr9	933	934	4
chr9	1189	1190	4
chr9	1091	1092	4
chr9	449	450	4
chr9	511	512	4
chr9	951	952	4
chr9	419	420	4
chr9	1255	1256	4
chr9	1201	1202	4
chr9	483	484	4
chr9	1117	1118	4
chr9	1007	1008	4
chr9	989	990	4
chr9	1033	1034	4
chr9	1227	1228	4
chr9	1047	1048	4
chr9	475	476	4
chr9	979	980	4
chr9	963	964	4
chr9	999	1000	4
chr9	853	854	4
chr9	1139	1140	4
chr9	1181	1182	4
chr9	1281	1282	4
chr9	823	824	4
chr9	997	998	4
chr9	529	530	4
chr9	1031	1032	4
chr9	789	790	4
chr9	1193	1194	4
chr9	1009	1010	4
chr9	965	966	4
chr9	491	492	4
chr9	579	580	4
chr9	609	610	4
chr9	509	510	4
chr9	1187	1188	4
chr9	1351	1352	4
chr9	929	930	4
chr9	1275	1276	4
chr9	527	528	4
chr9	1245	1246	4
chr9	1229	1230	4
chr9	973	974	4
chr9	1153	1154	4
chr9	865	866	4
chr9	1023	1024	4
chr9	1093	1094	4
chr9	1223	1224	4
chr9	1219	1220	4
chr9	487	488	4
chr9	983	984	4
chr9	1145	1146	4
chr9	1149	1150	4
chr9	1285	1286	4
chr9	467	468	4
chr9	855	856	4
chr9	1105	1106	4
chr9	1075	1076	4
chr9	1323	1324	4
chr9	443	444	4
chr9	829	830	4
chr9	1307	1308	4
chr9	613	614	4
chr9	1253	1254	4
chr9	2665	2672	4
chr9	421	422	4
chr9	961	962	4
chr9	1169	1170	4
chr9	993	994	4
chr9	943	946	4
chr9	433	434	4
chr9	615	616	4
chr9	525	526	4
chr9	787	788	4
chr9	453	454	4
chr9	969	970	4
chr9	1003	1004	4
chr9	629	630	4
chr9	1039	1040	4
chr9	1015	1016	4
chr9	1251	1252	4
chr9	503	504	4
chr9	585	586	4
chr9	481	482	4
chr9	931	932	4
chr9	1185	1186	4
chr9	661	693	4
chr9	1137	1138	4
chr9	1111	1112	4
chr9	1207	1208	4
chr9	1213	1214	4
chr9	587	588	4
chr9	1235	1236	4
chr9	1041	1042	4
chr9	1025	1026	4
chr9	1019	1020	4
chr9	1011	1012	4
chr9	473	474	4
chr9	465	466	4
chr9	947	948	4
chr9	485	486	4
chr9	1319	1320	4
chr9	461	462	4
chr9	2314	2342	4
chr9	611	612	4
chr9	1417	1465	4
chr9	1065	1066	4
chr9	955	956	4
chr9	431	432	4
chr9	1341	1342	4
chr9	1083	1084	4
chr9	513	514	4
chr9	1071	1072	4
chr9	437	438	4
chr9	1283	1284	4
chr9	1005	1006	4
chr9	1239	1240	4
chr9	1241	1242	4
chr9	1095	1096	4
chr9	521	522	4
chr9	1221	1222	4
chr9	1017	1018	4
chr9	607	608	4
chr9	1143	1144	4
chr9	625	626	4
chr9	1291	1292	4
chr9	477	478	4
chr9	1063	1064	4
chr9	1103	1104	4
chr9	1195	1196	4
chr9	1029	1030	4
chr9	1277	1278	4
chr9	619	620	4
chr9	1129	1130	4
chr9	517	518	4
chr9	599	600	4
chr9	1211	1212	4
chr9	1233	1234	4
chr9	1177	1178	4
chr9	1049	1050	4
chr9	2619	2662	4
chr9	435	436	4
chr9	1141	1142	4
chr9	493	494	4
chr9	1267	1268	4
chr9	1127	1128	4
chr9	1407	1408	4
chr9	1243	1244	4
chr9	1261	1262	4
chr9	1001	1002	4
chr9	1257	1258	4
chr9	1315	1316	4
chr9	1191	1192	4
chr9	1035	1036	4
chr9	489	490	4
chr9	469	470	4
chr9	1059	1060	4
chr9	501	502	4
chr9	463	464	4
chr9	1027	1028	4
chr9	1279	1280	4
chr9	1131	1132	4
chr9	595	596	4
chr9	857	858	4
chr9	617	618	4
chr9	1043	1044	4
chr9	523	524	4
chr9	441	442	4
chr9	1163	1164	4
chr9	991	992	4
chr9	917	918	4
chr9	967	968	4
chr9	2592	2618	4
chr9	597	598	4
chr9	479	480	4
chr9	987	988	4
chr9	1121	1122	4
chr9	1175	1176	4
chr9	1077	1078	4
chr9	575	576	4
chr9	793	794	4
chr9	985	986	4
chr9	1343	1344	4
chr9	455	456	4
chr9	577	578	4
chr9	1171	1172	4
chr9	519	520	4
chr9	1361	1362	4
chr9	1087	1088	4
chr9	1147	1148	4
chr9	1057	1058	4
chr9	417	418	4
chr9	621	622	4
chr9	515	516	4
chr9	1079	1080	4
chr9	1135	1136	4
chr9	631	632	4
chr9	499	500	4
chr9	1053	1054	4
chr9	1205	1206	4
chr9	1069	1070	4
chr9	601	602	4
chr9	1321	1322	4
chr9	1199	1200	4
chr9	507	508	4
chr9	1119	1120	4
chr9	959	960	4
chr9	919	920	4
chr9	941	942	4
chr9	581	582	4
chr9	971	972	4
chr9	1287	1288	4
chr9	425	426	4
chr9	1349	1350	4
chr9	591	592	4
chr9	953	954	4
chr9	1295	1296	4
chr9	1197	1198	4
chr9	975	976	4
chr9	423	424	4
chr9	505	506	4
chr9	1269	1270	4
chr9	1051	1052	4
chr9	1303	1304	4
chrX	505	615	1
chrX	1698	1860	1
chrX	2724	2787	1
chrX	2071	2122	1
chrX	307	342	1
chrX	2999	3041	1
chrX	2672	2723	1
chrX	1689	1997	1
chrX	941	969	1
chrX	1388	1420	1
chrX	616	764	1
chrX	1388	1422	1
chrX	1234	1347	1
chrX	343	388	1
chrX	2724	2782	1
chrX	203	255	1
chrX	2383	2455	1
chrX	1421	1478	1
chrX	1478	1697	1
chrX	2797	2886	1
chrX	389	410	1
chrX	1050	1108	1
chrX	2459	2573	1
chrX	1374	1418	1
chrX	1999	2069	1
chrX	1349	1373	1
chrX	1479	1696	1
chrX	2072	2122	1
chrX	969	985	1
chrX	1477	1599	1
chrX	2973	3017	1
chrX	613	764	1
chrX	1861	1998	1
chrX	1050	1110	1
chrX	2620	2684	1
chrX	764	808	1
chrX	940	968	1
chrX	1388	1421	1
chrX	2350	2396	1
chrX	256	281	1
chrX	2301	2349	1
chrX	1348	1387	1
chrX	2784	2972	1
chrX	2724	2783	1
chrX	2393	2465	1
chrX	941	985	1
chrX	2788	2972	1
chrX	1052	1107	1
chrX	3042	3076	1
chrX	1419	1476	1
chrX	2685	2724	1
chrX	1697	1997	1
chrX	1998	2069	1
chrX	1423	1476	1
chrX	1422	1477	1
chrX	2397	2458	1
chrX	2620	2670	1
chrX	2350	2397	1
chrX	940	969	1
chrX	763	808	1
chrX	1111	1173	1
chrX	1108	1173	1
chrX	2725	2796	1
chrX	307	338	1
chrX	2350	2392	1
chrX	614	762	1
chrX	3018	3042	1
chrX	2620	2685	1
chrX	2783	2887	1
chrX	2350	2382	1
chrX	2460	2573	1
chrX	1998	2070	1
chrX	2671	2723	1
chrX	2123	2300	1
chrX	2466	2573	1
chrX	2620	2671	1
chrX	505	612	1
chrX	2888	2972	1
chrX	1052	1108	1
chrX	2398	2459	1
chrX	2456	2573	1
chrX	339	410	1
chrX	614	763	1
chrX	1698	1997	1
chrX	1477	1688	1
chrX	2887	2972	1
chrX	2686	2723	1
chrX	1998	2071	1
chrX	1600	1697	1
chrX	828	873	2
chrX	874	940	2
chrX	337	410	2
chrX	307	336	2
chrX	1349	1387	2
chrX	1109	1173	2
chrX	505	613	2
chrX	874	939	2
chrX	970	985	2
chrX	52	77	2
chrX	2070	2122	2
chrX	765	827	2
chrX	176	202	2
chrX	809	832	2
chrX	833	873	2
chrX	52	202	2
chrX	1050	1051	2
chrX	78	175	2
chrX	2999	3042	2
chrX	2973	2998	3
chrX	2123	2301	3
chrX	203	256	3
chrX	3043	3076	3
chrX	1234	1348	3
chrX	257	281	3
chrX	2302	2349	3
chrX	1232	1233	4
chrX	1214	1215	4
chrX	1180	1181	4
chrX	1226	1227	4
chrX	1182	1183	4
chrX	1194	1195	4
chrX	1206	1207	4
chrX	1216	1217	4
chrX	1176	1177	4
chrX	1222	1223	4
chrX	1048	1049	4
chrX	1198	1199	4
chrX	1046	1047	4
chrX	1190	1191	4
chrX	2574	2619	4
chrX	1044	1045	4
chrX	1202	1203	4
chrX	1228	1229	4
chrX	1212	1213	4
chrX	411	473	4
chrX	1188	1189	4
chrX	1224	1225	4
chrX	1210	1211	4
chrX	1204	1205	4
chrX	986	987	4
chrX	1208	1209	4
chrX	988	1043	4
chrX	1186	1187	4
chrX	1230	1231	4
chrX	1220	1221	4
chrX	1200	1201	4
chrX	1192	1193	4
chrX	3077	3105	4
chrX	1174	1175	4
chrX	1196	1197	4
chrX	1178	1179	4
chrX	282	306	4
chrX	474	504	4
chrX	1184	1185	4
chrX	1218	1219	4
chrX	2	51	4
