chr1	3104	3132	1
chr1	3695	3726	1
chr1	658	680	1
chr1	2851	2854	1
chr1	3570	3623	1
chr1	1867	1915	1
chr1	2875	2995	1
chr1	3307	3361	1
chr1	4061	4110	1
chr1	2928	2949	1
chr1	3658	3726	1
chr1	488	536	1
chr1	2962	2970	1
chr1	38	128	1
chr1	1889	2004	1
chr1	2960	2961	1
chr1	4161	4199	1
chr1	3127	3141	1
chr1	2880	2881	1
chr1	1018	1074	1
chr1	629	672	1
chr1	4467	4511	1
chr1	2037	2085	1
chr1	449	482	1
chr1	4111	4133	1
chr1	3139	3200	1
chr1	2869	2871	1
chr1	1916	2004	1
chr1	129	193	1
chr1	3104	3141	1
chr1	4134	4160	1
chr1	3257	3306	1
chr1	3948	4011	1
chr1	3728	3849	1
chr1	346	417	1
chr1	874	903	1
chr1	706	739	1
chr1	806	829	1
chr1	3	10	1
chr1	4200	4237	1
chr1	2213	2265	1
chr1	1345	1420	1
chr1	585	628	1
chr1	2996	3040	1
chr1	1207	1265	1
chr1	3597	3657	1
chr1	672	731	1
chr1	346	402	1
chr1	449	487	1
chr1	4201	4237	1
chr1	4115	4160	1
chr1	681	705	1
chr1	1716	1787	1
chr1	405	448	1
chr1	3659	3726	1
chr1	3151	3200	1
chr1	2863	2866	1
chr1	1421	1514	1
chr1	3624	3657	1
chr1	937	966	1
chr1	537	584	1
chr1	1889	1914	1
chr1	1267	1344	1
chr1	487	536	1
chr1	873	903	1
chr1	4805	4894	1
chr1	967	1017	1
chr1	3694	3727	1
chr1	3658	3693	1
chr1	1788	1866	1
chr1	2877	2879	1
chr1	258	316	1
chr1	830	872	1
chr1	4512	4532	1
chr1	403	448	1
chr1	2860	2862	1
chr1	1907	2004	1
chr1	1018	1046	1
chr1	2872	2874	1
chr1	2860	2868	1
chr1	3850	3943	1
chr1	4467	4512	1
chr1	1716	1788	1
chr1	740	805	1
chr1	966	1017	1
chr1	1432	1514	1
chr1	3308	3361	1
chr1	831	873	1
chr1	3104	3126	1
chr1	937	964	1
chr1	13	37	1
chr1	3597	3658	1
chr1	965	1017	1
chr1	2856	2859	1
chr1	2891	2917	1
chr1	1018	1050	1
chr1	421	486	1
chr1	937	957	1
chr1	3944	4011	1
chr1	2867	2871	1
chr1	4941	4985	1
chr1	2996	3023	1
chr1	1047	1074	1
chr1	1051	1074	1
chr1	2855	2859	1
chr1	1207	1266	1
chr1	2266	2341	1
chr1	2990	2995	1
chr1	4637	4689	1
chr1	672	705	1
chr1	1266	1344	1
chr1	3610	3657	1
chr1	346	404	1
chr1	3104	3138	1
chr1	1037	1074	1
chr1	4513	4532	1
chr1	317	345	1
chr1	4061	4114	1
chr1	418	482	1
chr1	2971	2989	1
chr1	2086	2174	1
chr1	3133	3150	1
chr1	4576	4636	1
chr1	2342	2414	1
chr1	346	420	1
chr1	131	193	1
chr1	732	805	1
chr1	3570	3609	1
chr1	4161	4200	1
chr1	4895	4939	1
chr1	958	1036	1
chr1	1	12	1
chr1	625	657	1
chr1	3658	3694	1
chr1	3024	3040	1
chr1	4894	4940	1
chr1	258	317	1
chr1	937	965	1
chr1	1	2	1
chr1	1867	1906	1
chr1	1915	2004	1
chr1	2882	2890	1
chr1	2918	2927	1
chr1	38	130	1
chr1	673	705	1
chr1	2872	2876	1
chr1	2950	2959	1
chr1	1180	1206	2
chr1	3308	3366	2
chr1	4012	4043	2
chr1	483	536	2
chr1	1867	1888	2
chr1	122	155	2
chr1	4513	4575	2
chr1	4044	4114	2
chr1	2868	2871	2
chr1	831	903	2
chr1	4533	4575	2
chr1	194	243	2
chr1	75	121	2
chr1	739	758	2
chr1	1514	1572	2
chr1	4	10	2
chr1	2856	2860	2
chr1	3367	3448	2
chr1	4401	4466	2
chr1	1259	1344	2
chr1	2997	3040	2
chr1	2428	2429	2
chr1	759	805	2
chr1	1	3	2
chr1	3501	3569	2
chr1	3397	3448	2
chr1	4162	4237	2
chr1	4267	4296	2
chr1	38	74	2
chr1	4029	4060	2
chr1	2861	2867	2
chr1	194	237	2
chr1	1111	1179	2
chr1	3948	4010	2
chr1	706	738	2
chr1	4267	4400	2
chr1	2430	2850	2
chr1	3362	3396	2
chr1	244	317	2
chr1	2872	2996	2
chr1	156	193	2
chr1	1515	1572	2
chr1	4011	4028	2
chr1	1573	1715	2
chr1	3142	3200	2
chr1	4115	4161	2
chr1	238	257	2
chr1	4297	4400	2
chr1	1709	1788	2
chr1	3501	3596	2
chr1	1573	1708	2
chr1	1111	1258	2
chr1	2429	2850	2
chr1	2415	2427	2
chr1	625	671	2
chr1	1432	1513	2
chr1	4401	4512	2
chr1	4894	4939	2
chr1	2415	2428	2
chr1	3850	3947	3
chr1	318	345	3
chr1	2213	2258	3
chr1	2037	2174	3
chr1	537	591	3
chr1	4576	4635	3
chr1	4805	4893	3
chr1	1345	1431	3
chr1	4940	4985	3
chr1	2334	2370	3
chr1	4636	4689	3
chr1	1789	1866	3
chr1	2371	2414	3
chr1	11	37	3
chr1	3257	3307	3
chr1	2851	2855	3
chr1	3727	3849	3
chr1	806	830	3
chr1	592	624	3
chr1	2259	2333	3
chr1	2005	2036	4
chr1	4725	4804	4
chr1	4238	4266	4
chr1	3449	3500	4
chr1	3201	3228	4
chr1	904	936	4
chr1	1075	1110	4
chr1	3229	3256	4
chr1	3041	3066	4
chr1	2175	2212	4
chr1	4690	4724	4
chr1	3067	3103	4
chr10	2681	2711	1
chr10	852	908	1
chr10	2488	2549	1
chr10	2601	2679	1
chr10	1392	1425	1
chr10	849	908	1
chr10	2089	2123	1
chr10	373	423	1
chr10	2024	2054	1
chr10	152	231	1
chr10	1462	1510	1
chr10	909	1051	1
chr10	231	263	1
chr10	2525	2600	1
chr10	2428	2479	1
chr10	2480	2548	1
chr10	232	273	1
chr10	910	1053	1
chr10	2123	2233	1
chr10	1764	1853	1
chr10	2428	2487	1
chr10	65	97	1
chr10	598	668	1
chr10	1991	2054	1
chr10	1199	1250	1
chr10	2435	2522	1
chr10	1984	2055	1
chr10	237	303	1
chr10	1907	1983	1
chr10	909	1050	1
chr10	670	707	1
chr10	319	372	1
chr10	377	423	1
chr10	1252	1312	1
chr10	1199	1251	1
chr10	708	784	1
chr10	1462	1511	1
chr10	319	379	1
chr10	2435	2524	1
chr10	305	379	1
chr10	1426	1499	1
chr10	274	318	1
chr10	1091	1198	1
chr10	1054	1198	1
chr10	2550	2600	1
chr10	669	706	1
chr10	98	151	1
chr10	852	909	1
chr10	1511	1541	1
chr10	849	909	1
chr10	2089	2122	1
chr10	1251	1312	1
chr10	120	151	1
chr10	2124	2233	1
chr10	2680	2711	1
chr10	2523	2600	1
chr10	1425	1499	1
chr10	1512	1541	1
chr10	2549	2600	1
chr10	2024	2055	1
chr10	65	119	1
chr10	152	230	1
chr10	237	304	1
chr10	304	376	1
chr10	910	1050	1
chr10	2601	2680	1
chr10	1052	1090	1
chr10	264	318	1
chr10	598	669	1
chr10	1	62	2
chr10	2055	2088	2
chr10	1991	2023	2
chr10	2380	2427	2
chr10	1425	1461	2
chr10	2089	2121	2
chr10	2601	2674	2
chr10	1	64	2
chr10	1229	1312	2
chr10	1642	1720	2
chr10	130	236	2
chr10	498	574	2
chr10	1721	1763	2
chr10	1051	1228	2
chr10	469	574	2
chr10	849	851	2
chr10	1642	1763	2
chr10	2122	2233	2
chr10	2234	2379	2
chr10	2380	2434	2
chr10	2286	2379	2
chr10	63	129	2
chr10	1500	1541	2
chr10	469	497	2
chr10	380	423	2
chr10	2056	2088	2
chr10	2234	2285	2
chr10	598	706	2
chr10	2675	2711	2
chr10	1963	1990	3
chr10	1792	1853	3
chr10	707	784	3
chr10	1392	1424	3
chr10	1764	1791	3
chr10	1907	1962	3
chr10	575	597	4
chr10	1542	1578	4
chr10	1854	1906	4
chr10	1313	1391	4
chr10	785	848	4
chr10	1579	1641	4
chr10	424	468	4
chr11	136	163	1
chr11	1529	1566	1
chr11	1406	1426	1
chr11	1356	1426	1
chr11	1032	1093	1
chr11	1094	1141	1
chr11	84	136	1
chr11	2386	2407	1
chr11	1799	1868	1
chr11	1025	1031	1
chr11	1474	1528	1
chr11	1322	1360	1
chr11	18	69	1
chr11	1017	1031	1
chr11	1924	2052	1
chr11	137	163	1
chr11	18	83	1
chr11	1142	1210	1
chr11	1212	1253	1
chr11	2370	2404	1
chr11	2052	2156	1
chr11	1568	1648	1
chr11	1353	1405	1
chr11	1407	1426	1
chr11	1	3	1
chr11	1427	1500	1
chr11	1211	1253	1
chr11	2229	2275	1
chr11	2240	2332	1
chr11	1501	1528	1
chr11	2333	2385	1
chr11	1427	1473	1
chr11	1361	1426	1
chr11	1529	1567	1
chr11	2333	2369	1
chr11	2154	2239	1
chr11	1567	1706	1
chr11	1567	1671	1
chr11	1742	1798	1
chr11	2524	2699	1
chr11	2157	2240	1
chr11	1322	1355	1
chr11	84	135	1
chr11	1501	1566	1
chr11	1537	1567	1
chr11	1017	1024	1
chr11	1501	1536	1
chr11	2276	2332	1
chr11	2241	2332	1
chr11	2408	2469	1
chr11	2594	2699	1
chr11	1649	1671	1
chr11	1353	1406	1
chr11	1568	1706	1
chr11	1142	1211	1
chr11	2275	2332	1
chr11	2053	2153	1
chr11	70	83	1
chr11	4	17	1
chr11	2229	2274	1
chr11	2594	2616	2
chr11	84	163	2
chr11	1462	1500	2
chr11	378	413	2
chr11	964	1016	2
chr11	18	59	2
chr11	2677	2699	2
chr11	2172	2228	2
chr11	1292	1321	2
chr11	1022	1031	2
chr11	1427	1461	2
chr11	1254	1290	2
chr11	217	286	2
chr11	2154	2171	2
chr11	458	551	2
chr11	647	731	2
chr11	1254	1291	2
chr11	2617	2676	2
chr11	964	1015	2
chr11	1291	1321	2
chr11	1016	1021	2
chr11	1211	1230	2
chr11	414	551	2
chr11	2052	2153	2
chr11	287	352	2
chr11	1322	1352	2
chr11	217	268	2
chr11	1672	1706	2
chr11	647	676	2
chr11	677	731	2
chr11	1180	1210	2
chr11	60	83	2
chr11	306	336	2
chr11	2333	2404	2
chr11	353	413	2
chr11	414	457	2
chr11	1142	1179	2
chr11	337	377	2
chr11	1231	1253	2
chr11	269	305	2
chr11	2405	2469	3
chr11	1924	2051	3
chr11	1032	1094	3
chr11	1	17	3
chr11	1742	1868	3
chr11	1095	1141	3
chr11	2524	2593	3
chr11	552	646	4
chr11	879	917	4
chr11	732	878	4
chr11	918	963	4
chr11	2470	2523	4
chr11	1707	1741	4
chr11	164	216	4
chr11	1869	1923	4
chr12	1394	1446	1
chr12	2208	2268	1
chr12	2206	2243	1
chr12	304	367	1
chr12	3	43	1
chr12	2162	2206	1
chr12	2117	2161	1
chr12	2036	2082	1
chr12	367	453	1
chr12	2268	2288	1
chr12	1123	1152	1
chr12	911	984	1
chr12	1123	1141	1
chr12	2084	2116	1
chr12	1069	1097	1
chr12	1142	1167	1
chr12	259	303	1
chr12	2083	2161	1
chr12	1891	1939	1
chr12	2198	2236	1
chr12	1304	1368	1
chr12	2511	2625	1
chr12	985	1036	1
chr12	1392	1447	1
chr12	1123	1163	1
chr12	1370	1393	1
chr12	985	1000	1
chr12	1448	1518	1
chr12	2259	2288	1
chr12	1706	1835	1
chr12	44	128	1
chr12	1394	1447	1
chr12	2412	2447	1
chr12	1167	1296	1
chr12	1153	1167	1
chr12	367	454	1
chr12	2450	2482	1
chr12	1001	1036	1
chr12	2244	2267	1
chr12	2575	2625	1
chr12	2513	2574	1
chr12	2162	2207	1
chr12	455	550	1
chr12	455	501	1
chr12	2207	2259	1
chr12	2483	2510	1
chr12	304	366	1
chr12	1710	1835	1
chr12	2269	2352	1
chr12	1164	1296	1
chr12	1863	1890	1
chr12	1297	1390	1
chr12	2448	2483	1
chr12	2354	2411	1
chr12	1304	1369	1
chr12	1447	1517	1
chr12	1549	1709	1
chr12	963	984	1
chr12	1123	1166	1
chr12	2412	2449	1
chr12	454	551	1
chr12	1098	1122	1
chr12	235	258	1
chr12	1863	1939	1
chr12	169	234	1
chr12	269	454	1
chr12	503	550	1
chr12	1391	1447	1
chr12	269	366	1
chr12	1297	1391	1
chr12	2162	2197	1
chr12	502	551	1
chr12	1369	1393	1
chr12	2237	2258	1
chr12	1518	1548	1
chr12	368	454	1
chr12	260	303	1
chr12	2260	2353	1
chr12	169	259	1
chr12	1519	1549	1
chr12	455	502	1
chr12	2162	2205	1
chr12	2484	2512	1
chr12	2510	2625	2
chr12	2412	2460	2
chr12	1706	1769	2
chr12	1989	2035	2
chr12	552	628	2
chr12	698	757	2
chr12	2289	2328	2
chr12	169	268	2
chr12	629	698	2
chr12	1940	2035	2
chr12	2084	2161	2
chr12	1518	1549	2
chr12	2329	2352	2
chr12	759	910	2
chr12	989	1036	2
chr12	2665	2677	2
chr12	1836	1939	2
chr12	1254	1303	2
chr12	963	988	2
chr12	551	628	2
chr12	1770	1835	2
chr12	699	758	2
chr12	2461	2509	2
chr12	1448	1517	2
chr12	2626	2664	2
chr12	629	697	2
chr12	758	826	2
chr12	827	910	2
chr12	1940	1988	2
chr12	1168	1253	2
chr12	2626	2677	2
chr12	1836	1862	2
chr12	2036	2083	3
chr12	2353	2411	3
chr12	43	128	3
chr12	1656	1705	3
chr12	1099	1122	3
chr12	911	962	3
chr12	1550	1655	3
chr12	1069	1098	3
chr12	3	42	3
chr12	129	168	4
chr12	1	2	4
chr12	1037	1068	4
chr13	1902	2025	1
chr13	923	1004	1
chr13	2028	2177	1
chr13	1467	1621	1
chr13	828	941	1
chr13	1564	1621	1
chr13	499	634	1
chr13	923	1062	1
chr13	859	922	1
chr13	2027	2217	1
chr13	1631	1808	1
chr13	1221	1423	1
chr13	831	922	1
chr13	383	635	1
chr13	635	827	1
chr13	634	729	1
chr13	2178	2271	1
chr13	383	498	1
chr13	1424	1519	1
chr13	920	1063	1
chr13	2028	2217	1
chr13	1902	2026	1
chr13	730	830	1
chr13	1564	1630	1
chr13	831	858	1
chr13	2273	2303	1
chr13	731	827	1
chr13	2026	2217	1
chr13	1809	1901	1
chr13	997	1063	1
chr13	634	730	1
chr13	1005	1063	1
chr13	1222	1466	1
chr13	2218	2272	1
chr13	2272	2303	1
chr13	1520	1621	1
chr13	1063	1221	1
chr13	828	919	1
chr13	636	830	1
chr13	942	996	1
chr13	1	382	2
chr13	1970	2027	2
chr13	2218	2303	2
chr13	1221	1466	2
chr13	1467	1563	2
chr13	1902	1969	2
chr13	1	381	2
chr13	498	633	2
chr13	382	497	2
chr13	1810	1901	3
chr13	1622	1630	3
chr13	1064	1220	3
chr13	1631	1809	3
chr14	1303	1365	1
chr14	1496	1546	1
chr14	1470	1495	1
chr14	755	915	1
chr14	1200	1308	1
chr14	1769	1814	1
chr14	791	915	1
chr14	1941	1998	1
chr14	1200	1303	1
chr14	755	916	1
chr14	1492	1552	1
chr14	1867	1940	1
chr14	2121	2146	1
chr14	2081	2120	1
chr14	469	499	1
chr14	1553	1640	1
chr14	1571	1814	1
chr14	1492	1570	1
chr14	1815	1940	1
chr14	388	455	1
chr14	1492	1546	1
chr14	389	442	1
chr14	1836	1940	1
chr14	1815	1866	1
chr14	1999	2048	1
chr14	382	441	1
chr14	1941	2008	1
chr14	1030	1108	1
chr14	791	916	1
chr14	443	468	1
chr14	1304	1365	1
chr14	2000	2104	1
chr14	389	499	1
chr14	1304	1399	1
chr14	1002	1029	1
chr14	1769	1838	1
chr14	1110	1199	1
chr14	2009	2081	1
chr14	2000	2056	1
chr14	2057	2104	1
chr14	1309	1365	1
chr14	1400	1469	1
chr14	1002	1109	1
chr14	442	499	1
chr14	382	387	1
chr14	1200	1302	1
chr14	1769	1835	1
chr14	456	499	1
chr14	2049	2080	1
chr14	2082	2146	1
chr14	1400	1459	1
chr14	1202	1303	1
chr14	1366	1491	1
chr14	1839	1940	1
chr14	1400	1491	1
chr14	1460	1491	1
chr14	1109	1201	1
chr14	621	726	2
chr14	2105	2146	2
chr14	621	754	2
chr14	1002	1108	2
chr14	727	790	2
chr14	916	1001	2
chr14	382	388	2
chr14	1941	1999	2
chr14	1586	1640	2
chr14	917	1001	2
chr14	1366	1399	2
chr14	1547	1585	2
chr14	1109	1199	2
chr14	1641	1768	3
chr14	500	620	4
chr14	1	381	4
chr15	1494	1663	1
chr15	1665	1714	1
chr15	1663	1715	1
chr15	1136	1267	1
chr15	1494	1583	1
chr15	1584	1663	1
chr15	1663	1664	1
chr15	1268	1370	1
chr15	1715	1788	1
chr15	1136	1268	1
chr15	1269	1370	1
chr15	1716	1788	1
chr15	1486	1582	2
chr15	402	686	2
chr15	906	1135	2
chr15	1136	1199	2
chr15	1789	1832	2
chr15	807	905	2
chr15	687	806	2
chr15	1833	2051	2
chr15	1664	2051	2
chr15	884	909	2
chr15	910	1036	2
chr15	1372	1485	2
chr15	1269	1312	2
chr15	1583	1662	2
chr15	1037	1135	2
chr15	402	806	2
chr15	807	883	2
chr15	1313	1371	2
chr15	1371	1493	2
chr15	1200	1268	2
chr15	1	401	4
chr16	91	103	1
chr16	16	40	1
chr16	1703	1717	1
chr16	1621	1638	1
chr16	1639	1679	1
chr16	1062	1109	1
chr16	1329	1368	1
chr16	104	171	1
chr16	620	640	1
chr16	1703	1716	1
chr16	42	61	1
chr16	1404	1441	1
chr16	1748	1773	1
chr16	281	326	1
chr16	424	470	1
chr16	328	329	1
chr16	975	1018	1
chr16	1018	1071	1
chr16	392	423	1
chr16	616	640	1
chr16	1564	1619	1
chr16	62	90	1
chr16	298	327	1
chr16	1640	1679	1
chr16	471	505	1
chr16	551	579	1
chr16	975	1017	1
chr16	1748	1776	1
chr16	1777	1806	1
chr16	16	41	1
chr16	566	614	1
chr16	1774	1806	1
chr16	1177	1245	1
chr16	298	328	1
chr16	577	614	1
chr16	566	615	1
chr16	172	220	1
chr16	330	415	1
chr16	62	89	1
chr16	1129	1176	1
chr16	416	469	1
chr16	1072	1128	1
chr16	1442	1487	1
chr16	328	376	1
chr16	580	619	1
chr16	281	327	1
chr16	1718	1747	1
chr16	1328	1338	1
chr16	327	391	1
chr16	1620	1639	1
chr16	329	376	1
chr16	1564	1620	1
chr16	551	576	1
chr16	1246	1327	1
chr16	1177	1244	1
chr16	90	103	1
chr16	1245	1328	1
chr16	173	220	1
chr16	1	40	2
chr16	424	469	2
chr16	1329	1338	2
chr16	1748	1774	2
chr16	681	683	2
chr16	1678	1702	2
chr16	1775	1806	2
chr16	1177	1328	2
chr16	990	1018	2
chr16	221	244	2
chr16	551	565	2
chr16	615	640	2
chr16	1546	1620	2
chr16	1640	1677	2
chr16	222	244	2
chr16	1680	1716	2
chr16	173	221	2
chr16	62	103	2
chr16	975	989	2
chr16	1621	1639	2
chr16	1062	1071	2
chr16	1546	1563	2
chr16	1072	1109	2
chr16	641	683	2
chr16	641	680	2
chr16	1	15	2
chr16	377	423	2
chr16	281	297	2
chr16	1443	1487	3
chr16	1339	1368	3
chr16	1717	1747	3
chr16	470	505	3
chr16	1404	1442	3
chr16	1110	1142	3
chr16	104	172	3
chr16	1143	1176	3
chr16	41	61	3
chr16	1019	1061	3
chr16	506	550	4
chr16	1488	1516	4
chr16	1369	1403	4
chr16	1517	1545	4
chr16	929	974	4
chr16	707	928	4
chr16	684	706	4
chr16	245	280	4
chr17	334	366	1
chr17	46	89	1
chr17	431	445	1
chr17	988	1061	1
chr17	101	142	1
chr17	829	864	1
chr17	840	865	1
chr17	104	142	1
chr17	1456	1494	1
chr17	73	103	1
chr17	1265	1303	1
chr17	987	1097	1
chr17	143	192	1
chr17	90	142	1
chr17	829	839	1
chr17	1476	1494	1
chr17	1348	1411	1
chr17	1062	1097	1
chr17	88	142	1
chr17	1099	1131	1
chr17	434	445	1
chr17	143	174	1
chr17	419	445	1
chr17	175	194	1
chr17	176	194	1
chr17	865	918	1
chr17	334	380	1
chr17	334	379	1
chr17	24	46	1
chr17	46	72	1
chr17	177	258	1
chr17	368	431	1
chr17	380	445	1
chr17	46	87	1
chr17	1304	1346	1
chr17	1315	1347	1
chr17	73	100	1
chr17	432	433	1
chr17	1	23	1
chr17	730	763	1
chr17	987	1098	1
chr17	1412	1455	1
chr17	334	367	1
chr17	1211	1239	1
chr17	143	175	1
chr17	367	418	1
chr17	1240	1314	1
chr17	1347	1411	1
chr17	193	258	1
chr17	143	176	1
chr17	47	72	1
chr17	764	797	1
chr17	1098	1131	1
chr17	1164	1210	1
chr17	381	430	1
chr17	988	1097	1
chr17	1496	1540	2
chr17	1133	1163	2
chr17	310	333	2
chr17	1349	1411	2
chr17	965	986	2
chr17	259	333	2
chr17	1315	1348	2
chr17	1098	1132	2
chr17	1541	1593	2
chr17	1541	1592	2
chr17	829	865	2
chr17	1476	1495	2
chr17	1593	1624	2
chr17	1495	1540	2
chr17	259	309	2
chr17	965	987	2
chr17	1132	1163	2
chr17	1594	1624	2
chr17	195	258	2
chr17	1265	1314	2
chr17	866	918	3
chr17	770	797	3
chr17	1164	1239	3
chr17	1	45	3
chr17	1240	1264	3
chr17	1412	1444	3
chr17	730	769	3
chr17	1445	1475	3
chr17	539	583	4
chr17	446	505	4
chr17	616	683	4
chr17	919	964	4
chr17	584	615	4
chr17	798	828	4
chr17	506	538	4
chr17	684	729	4
chr18	18	52	1
chr18	1088	1137	1
chr18	1197	1223	1
chr18	233	276	1
chr18	650	689	1
chr18	1087	1136	1
chr18	1	52	1
chr18	1	17	1
chr18	690	792	1
chr18	1138	1196	1
chr18	81	169	1
chr18	264	309	1
chr18	1039	1087	1
chr18	1435	1490	1
chr18	865	966	1
chr18	595	650	1
chr18	234	263	1
chr18	1437	1490	1
chr18	81	144	1
chr18	651	690	1
chr18	170	232	1
chr18	1137	1197	1
chr18	1364	1434	1
chr18	1039	1086	1
chr18	1298	1363	2
chr18	1038	1086	2
chr18	53	74	2
chr18	967	1038	2
chr18	967	1037	2
chr18	1138	1197	2
chr18	1	80	2
chr18	75	144	2
chr18	234	276	2
chr18	1224	1297	2
chr18	650	690	2
chr18	1087	1137	2
chr18	1224	1363	2
chr18	1491	1561	2
chr18	1490	1561	2
chr18	1437	1489	2
chr18	1364	1436	3
chr18	865	906	3
chr18	1198	1223	3
chr18	170	233	3
chr18	145	169	3
chr18	907	966	3
chr18	277	309	3
chr18	691	792	3
chr18	595	649	3
chr18	471	594	4
chr18	793	864	4
chr18	372	435	4
chr18	310	371	4
chr18	436	470	4
chr19	349	371	1
chr19	235	261	1
chr19	115	138	1
chr19	332	348	1
chr19	221	234	1
chr19	1013	1047	1
chr19	1	2	1
chr19	221	233	1
chr19	800	843	1
chr19	3	4	1
chr19	139	167	1
chr19	66	91	1
chr19	844	878	1
chr19	1034	1047	1
chr19	556	588	1
chr19	1	12	1
chr19	775	799	1
chr19	1013	1033	1
chr19	589	623	1
chr19	142	173	1
chr19	624	656	1
chr19	38	65	1
chr19	799	847	1
chr19	332	349	1
chr19	67	93	1
chr19	879	901	1
chr19	94	114	1
chr19	657	674	1
chr19	234	260	1
chr19	174	200	1
chr19	13	37	1
chr19	602	623	1
chr19	261	293	1
chr19	350	371	1
chr19	656	674	1
chr19	1047	1099	1
chr19	1048	1086	1
chr19	1047	1086	1
chr19	556	601	1
chr19	115	141	1
chr19	848	879	1
chr19	1048	1099	1
chr19	624	655	1
chr19	663	705	2
chr19	970	982	2
chr19	848	859	2
chr19	860	879	2
chr19	605	662	2
chr19	294	335	2
chr19	67	91	2
chr19	556	604	2
chr19	1087	1099	2
chr19	336	371	2
chr19	1	4	2
chr19	394	490	2
chr19	115	167	2
chr19	1013	1046	2
chr19	984	1012	2
chr19	394	493	2
chr19	970	983	2
chr19	221	261	2
chr19	799	823	2
chr19	675	705	2
chr19	983	1012	2
chr19	294	331	2
chr19	491	493	2
chr19	824	847	2
chr19	262	293	3
chr19	168	200	3
chr19	880	901	3
chr19	26	37	3
chr19	5	25	3
chr19	775	798	3
chr19	92	114	3
chr19	38	66	3
chr19	925	942	4
chr19	706	732	4
chr19	372	393	4
chr19	733	774	4
chr19	902	924	4
chr19	943	969	4
chr19	1125	1183	4
chr19	1100	1124	4
chr19	201	220	4
chr19	494	555	4
chr2	3383	3405	1
chr2	2145	2176	1
chr2	862	877	1
chr2	4648	4687	1
chr2	2376	2405	1
chr2	584	638	1
chr2	239	339	1
chr2	4669	4695	1
chr2	4184	4270	1
chr2	842	877	1
chr2	3219	3316	1
chr2	2216	2284	1
chr2	2229	2284	1
chr2	1712	1791	1
chr2	3165	3217	1
chr2	2178	2211	1
chr2	4063	4097	1
chr2	976	1080	1
chr2	1792	1846	1
chr2	3985	4016	1
chr2	878	943	1
chr2	4035	4096	1
chr2	1158	1219	1
chr2	1694	1711	1
chr2	4412	4470	1
chr2	2229	2251	1
chr2	3073	3163	1
chr2	1833	1846	1
chr2	2557	2578	1
chr2	3954	4035	1
chr2	1082	1118	1
chr2	2177	2226	1
chr2	2694	2743	1
chr2	3218	3263	1
chr2	4017	4062	1
chr2	2119	2224	1
chr2	1834	1846	1
chr2	4036	4097	1
chr2	480	519	1
chr2	3512	3575	1
chr2	584	636	1
chr2	1807	1832	1
chr2	1704	1728	1
chr2	3397	3472	1
chr2	239	335	1
chr2	1712	1728	1
chr2	2579	2642	1
chr2	861	883	1
chr2	1372	1425	1
chr2	1712	1781	1
chr2	2452	2556	1
chr2	1604	1693	1
chr2	1729	1792	1
chr2	3265	3340	1
chr2	1317	1372	1
chr2	3316	3405	1
chr2	340	411	1
chr2	2406	2451	1
chr2	2576	2649	1
chr2	1016	1081	1
chr2	1782	1846	1
chr2	2216	2251	1
chr2	3473	3575	1
chr2	2145	2177	1
chr2	877	953	1
chr2	678	741	1
chr2	2225	2228	1
chr2	1932	1963	1
chr2	2119	2211	1
chr2	4017	4042	1
chr2	4470	4511	1
chr2	4043	4096	1
chr2	842	876	1
chr2	4648	4669	1
chr2	2022	2067	1
chr2	336	417	1
chr2	1159	1218	1
chr2	842	860	1
chr2	742	800	1
chr2	412	479	1
chr2	4670	4695	1
chr2	1933	1959	1
chr2	2650	2693	1
chr2	4688	4774	1
chr2	3512	3576	1
chr2	3574	3672	1
chr2	2642	2714	1
chr2	4471	4511	1
chr2	2403	2451	1
chr2	1793	1796	1
chr2	2715	2743	1
chr2	1960	2022	1
chr2	3341	3382	1
chr2	1284	1317	1
chr2	3954	4034	1
chr2	3672	3774	1
chr2	3219	3264	1
chr2	1318	1371	1
chr2	842	861	1
chr2	1373	1425	1
chr2	1604	1703	1
chr2	1907	1932	1
chr2	884	943	1
chr2	1119	1158	1
chr2	1220	1283	1
chr2	878	953	1
chr2	3317	3396	1
chr2	1781	1806	1
chr2	954	975	1
chr2	3264	3341	1
chr2	977	1015	1
chr2	1964	2021	1
chr2	76	178	1
chr2	3940	4016	1
chr2	4648	4688	1
chr2	1729	1780	1
chr2	559	638	1
chr2	3940	3984	1
chr2	2558	2642	1
chr2	3219	3315	1
chr2	3073	3164	1
chr2	954	976	1
chr2	2376	2402	1
chr2	1797	1806	1
chr2	2227	2228	1
chr2	3473	3573	1
chr2	2558	2641	1
chr2	1	178	1
chr2	3577	3671	1
chr2	4138	4183	1
chr2	1807	1833	1
chr2	3342	3405	1
chr2	4648	4668	1
chr2	2558	2575	1
chr2	4689	4774	1
chr2	559	636	1
chr2	4412	4469	1
chr2	4098	4137	2
chr2	180	217	2
chr2	2119	2144	2
chr2	3839	3939	2
chr2	1932	1958	2
chr2	4412	4496	2
chr2	179	238	2
chr2	3576	3672	2
chr2	2715	2772	2
chr2	977	1080	2
chr2	1604	1711	2
chr2	3839	3953	2
chr2	2376	2451	2
chr2	639	677	2
chr2	340	402	2
chr2	553	583	2
chr2	76	139	2
chr2	3473	3511	2
chr2	637	677	2
chr2	218	239	2
chr2	2252	2284	2
chr2	2643	2714	2
chr2	520	558	2
chr2	4512	4612	2
chr2	2212	2215	2
chr2	1317	1374	2
chr2	4097	4137	2
chr2	4775	4864	2
chr2	2988	3043	2
chr2	140	179	2
chr2	1158	1218	2
chr2	2744	2772	2
chr2	4771	4828	2
chr2	4497	4612	2
chr2	403	417	2
chr2	1959	2022	2
chr2	4829	4864	2
chr2	240	339	2
chr2	520	552	2
chr2	944	976	2
chr2	3059	3163	2
chr2	4696	4770	2
chr2	3044	3072	2
chr2	1375	1425	2
chr2	2988	3058	2
chr2	1284	1316	3
chr2	741	800	3
chr2	678	740	3
chr2	418	478	3
chr2	2452	2557	3
chr2	1219	1283	3
chr2	479	519	3
chr2	1081	1118	3
chr2	3673	3774	3
chr2	2023	2067	3
chr2	1	75	3
chr2	1907	1931	3
chr2	4185	4270	3
chr2	3406	3472	3
chr2	1119	1157	3
chr2	3164	3218	3
chr2	4138	4184	3
chr2	1499	1603	4
chr2	3775	3806	4
chr2	4381	4411	4
chr2	1847	1906	4
chr2	2068	2118	4
chr2	4613	4647	4
chr2	1471	1498	4
chr2	2285	2375	4
chr2	1426	1470	4
chr2	4271	4338	4
chr2	4339	4380	4
chr2	801	841	4
chr2	3807	3838	4
chr2	2773	2876	4
chr2	2877	2987	4
chr20	856	902	1
chr20	629	668	1
chr20	16	60	1
chr20	85	122	1
chr20	714	754	1
chr20	435	445	1
chr20	16	53	1
chr20	123	187	1
chr20	793	855	1
chr20	395	469	1
chr20	446	472	1
chr20	639	681	1
chr20	955	988	1
chr20	903	953	1
chr20	473	526	1
chr20	435	446	1
chr20	639	668	1
chr20	470	526	1
chr20	872	907	1
chr20	434	446	1
chr20	682	712	1
chr20	1100	1113	1
chr20	656	681	1
chr20	105	122	1
chr20	54	84	1
chr20	1114	1162	1
chr20	188	276	1
chr20	629	655	1
chr20	61	104	1
chr20	682	713	1
chr20	908	954	1
chr20	954	988	1
chr20	350	433	1
chr20	953	988	2
chr20	1211	1233	2
chr20	903	952	2
chr20	1211	1260	2
chr20	62	122	2
chr20	395	434	2
chr20	589	594	2
chr20	589	593	2
chr20	1	61	2
chr20	603	628	2
chr20	669	712	2
chr20	1	15	2
chr20	1234	1260	2
chr20	474	526	2
chr20	597	602	2
chr20	594	596	2
chr20	595	602	2
chr20	603	638	2
chr20	872	902	2
chr20	447	473	2
chr20	123	175	3
chr20	842	871	3
chr20	793	841	3
chr20	350	394	3
chr20	176	276	3
chr20	1100	1162	3
chr20	713	754	3
chr20	527	588	4
chr20	277	349	4
chr20	989	1057	4
chr20	1058	1099	4
chr20	1163	1210	4
chr20	755	792	4
chr21	190	191	1
chr21	192	194	1
chr21	204	207	1
chr21	674	902	1
chr21	287	660	1
chr21	208	224	1
chr21	195	198	1
chr21	190	192	1
chr21	199	207	1
chr21	1	191	1
chr21	190	224	1
chr21	661	902	1
chr21	193	196	1
chr21	208	223	1
chr21	197	199	1
chr21	200	203	1
chr21	224	286	1
chr21	192	224	1
chr21	818	871	2
chr21	674	817	2
chr21	872	963	2
chr21	903	963	2
chr21	225	287	3
chr21	1	189	3
chr21	288	673	3
chr22	1	1025	4
chr3	2312	2372	1
chr3	1592	1628	1
chr3	3224	3389	1
chr3	853	930	1
chr3	2511	2556	1
chr3	2031	2139	1
chr3	1810	1811	1
chr3	3959	3960	1
chr3	1736	1811	1
chr3	1516	1591	1
chr3	303	332	1
chr3	2598	2648	1
chr3	3224	3301	1
chr3	3708	3738	1
chr3	2174	2236	1
chr3	965	1008	1
chr3	3587	3649	1
chr3	2975	3017	1
chr3	333	404	1
chr3	935	964	1
chr3	3302	3390	1
chr3	1382	1471	1
chr3	3390	3449	1
chr3	1592	1735	1
chr3	209	261	1
chr3	3208	3353	1
chr3	3300	3390	1
chr3	3019	3114	1
chr3	3354	3390	1
chr3	853	934	1
chr3	3018	3114	1
chr3	3224	3299	1
chr3	931	965	1
chr3	1736	1810	1
chr3	1628	1735	1
chr3	1172	1251	1
chr3	1736	1809	1
chr3	1813	1871	1
chr3	2649	2686	1
chr3	1514	1515	1
chr3	2175	2236	1
chr3	3908	3958	1
chr3	253	302	1
chr3	1172	1277	1
chr3	2373	2423	1
chr3	2236	2277	1
chr3	209	252	1
chr3	1991	2030	1
chr3	1008	1039	1
chr3	2275	2424	1
chr3	1252	1290	1
chr3	1040	1066	1
chr3	88	179	1
chr3	2687	2756	1
chr3	1515	1591	1
chr3	2246	2274	1
chr3	3708	3749	1
chr3	3450	3586	1
chr3	2468	2556	1
chr3	1464	1513	1
chr3	3115	3171	1
chr3	180	261	1
chr3	650	678	1
chr3	2468	2510	1
chr3	2031	2138	1
chr3	327	404	1
chr3	2278	2311	1
chr3	2757	2819	1
chr3	1472	1590	1
chr3	1382	1463	1
chr3	1278	1339	1
chr3	3115	3207	1
chr3	1992	2030	1
chr3	1629	1735	1
chr3	496	648	1
chr3	2140	2167	1
chr3	303	326	1
chr3	2424	2467	1
chr3	1872	1991	1
chr3	1811	1812	1
chr3	3750	3866	1
chr3	88	176	1
chr3	1735	1811	1
chr3	496	649	1
chr3	1591	1734	1
chr3	2175	2235	1
chr3	262	302	1
chr3	1515	1627	1
chr3	177	261	1
chr3	2168	2245	1
chr3	2598	2685	1
chr3	2139	2173	1
chr3	1291	1339	1
chr3	1009	1040	1
chr3	176	208	2
chr3	1339	1381	2
chr3	544	648	2
chr3	1340	1381	2
chr3	1464	1514	2
chr3	3707	3738	2
chr3	2278	2372	2
chr3	2510	2556	2
chr3	2468	2509	2
chr3	2373	2424	2
chr3	1382	1435	2
chr3	88	105	2
chr3	3019	3113	2
chr3	3682	3707	2
chr3	496	543	2
chr3	1436	1463	2
chr3	405	495	2
chr3	2870	2927	2
chr3	2645	2685	2
chr3	935	965	2
chr3	327	495	2
chr3	3114	3171	2
chr3	262	326	2
chr3	2139	2174	2
chr3	3650	3706	2
chr3	2870	2974	2
chr3	2598	2644	2
chr3	1991	2029	2
chr3	853	901	2
chr3	2237	2277	2
chr3	902	934	2
chr3	106	175	2
chr3	3650	3681	2
chr3	2928	2974	2
chr3	1291	1338	2
chr3	1172	1290	2
chr3	2030	2138	2
chr3	1008	1040	2
chr3	3908	3960	3
chr3	3450	3587	3
chr3	3588	3649	3
chr3	1872	1990	3
chr3	966	1007	3
chr3	3739	3866	3
chr3	3391	3449	3
chr3	2425	2467	3
chr3	2686	2756	3
chr3	2757	2782	3
chr3	1041	1066	3
chr3	3172	3223	3
chr3	2975	3018	3
chr3	2783	2819	3
chr3	1812	1871	3
chr3	649	678	3
chr3	1133	1171	4
chr3	736	789	4
chr3	790	852	4
chr3	3867	3907	4
chr3	2557	2597	4
chr3	679	735	4
chr3	1067	1132	4
chr3	2820	2869	4
chr3	1	87	4
chr4	2179	2229	1
chr4	80	184	1
chr4	2575	2596	1
chr4	1312	1366	1
chr4	3320	3420	1
chr4	1904	2017	1
chr4	1367	1479	1
chr4	1537	1675	1
chr4	3421	3476	1
chr4	1430	1478	1
chr4	2597	2798	1
chr4	1159	1311	1
chr4	509	541	1
chr4	852	962	1
chr4	2392	2454	1
chr4	1668	1719	1
chr4	1903	2017	1
chr4	2261	2277	1
chr4	2230	2278	1
chr4	2179	2278	1
chr4	1802	1902	1
chr4	3742	3821	1
chr4	1905	2017	1
chr4	1311	1365	1
chr4	1567	1667	1
chr4	3477	3546	1
chr4	2598	2798	1
chr4	3209	3319	1
chr4	2582	2798	1
chr4	1480	1566	1
chr4	351	436	1
chr4	1802	1904	1
chr4	2455	2580	1
chr4	36	79	1
chr4	3688	3741	1
chr4	1367	1429	1
chr4	3478	3546	1
chr4	1904	2018	1
chr4	3421	3477	1
chr4	2278	2389	1
chr4	3111	3183	1
chr4	2575	2597	1
chr4	2455	2581	1
chr4	1430	1479	1
chr4	1566	1666	1
chr4	1480	1536	1
chr4	1676	1801	1
chr4	1566	1667	1
chr4	3184	3208	1
chr4	2019	2081	1
chr4	35	84	1
chr4	36	84	1
chr4	3688	3743	1
chr4	1366	1429	1
chr4	80	187	1
chr4	2261	2278	1
chr4	852	960	1
chr4	961	981	1
chr4	963	981	1
chr4	1668	1801	1
chr4	185	187	1
chr4	1367	1478	1
chr4	35	79	1
chr4	2279	2391	1
chr4	351	508	1
chr4	2581	2798	1
chr4	757	818	1
chr4	437	508	1
chr4	3024	3110	1
chr4	1667	1719	1
chr4	509	756	1
chr4	3744	3821	1
chr4	2082	2177	2
chr4	1479	1536	2
chr4	490	541	2
chr4	1720	1801	2
chr4	1	35	2
chr4	2799	2835	2
chr4	2977	3023	2
chr4	819	851	2
chr4	2922	3023	2
chr4	3743	3821	2
chr4	2279	2389	2
chr4	1537	1565	2
chr4	2178	2229	2
chr4	994	1053	2
chr4	982	994	2
chr4	2799	2836	2
chr4	819	962	2
chr4	85	173	2
chr4	310	350	2
chr4	963	989	2
chr4	3421	3546	2
chr4	990	993	2
chr4	1	34	2
chr4	1054	1158	2
chr4	2082	2178	2
chr4	188	350	2
chr4	2922	2976	2
chr4	2230	2260	2
chr4	1311	1366	2
chr4	351	489	2
chr4	995	1054	2
chr4	1802	1903	2
chr4	3688	3742	2
chr4	1055	1158	2
chr4	2836	2921	2
chr4	2837	2921	2
chr4	2455	2574	2
chr4	174	202	2
chr4	203	309	2
chr4	3209	3272	3
chr4	3273	3320	3
chr4	542	752	3
chr4	3024	3094	3
chr4	2390	2454	3
chr4	753	818	3
chr4	3321	3420	3
chr4	3095	3208	3
chr4	1159	1310	3
chr4	2018	2081	3
chr4	3547	3687	4
chr5	1	34	1
chr5	629	721	1
chr5	1046	1131	1
chr5	333	628	1
chr5	2538	2616	1
chr5	158	205	1
chr5	1887	2057	1
chr5	2804	2846	1
chr5	1632	1740	1
chr5	2843	2918	1
chr5	3554	3614	1
chr5	2617	2695	1
chr5	1457	1523	1
chr5	1524	1612	1
chr5	3260	3416	1
chr5	2803	2846	1
chr5	2310	2435	1
chr5	2919	2973	1
chr5	3024	3133	1
chr5	3145	3197	1
chr5	1932	2057	1
chr5	1312	1366	1
chr5	2310	2436	1
chr5	3616	3619	1
chr5	2804	2918	1
chr5	3355	3437	1
chr5	2260	2366	1
chr5	1231	1311	1
chr5	3417	3498	1
chr5	3024	3144	1
chr5	2367	2459	1
chr5	2696	2739	1
chr5	1298	1366	1
chr5	1457	1528	1
chr5	3260	3354	1
chr5	2781	2803	1
chr5	2231	2259	1
chr5	2803	2842	1
chr5	34	157	1
chr5	735	791	1
chr5	2460	2537	1
chr5	2436	2537	1
chr5	1741	1815	1
chr5	3615	3619	1
chr5	3024	3135	1
chr5	990	1045	1
chr5	3554	3615	1
chr5	2433	2537	1
chr5	437	628	1
chr5	2740	2780	1
chr5	1529	1612	1
chr5	35	157	1
chr5	2975	3024	1
chr5	1090	1131	1
chr5	1045	1089	1
chr5	3025	3133	1
chr5	2437	2537	1
chr5	1132	1297	1
chr5	3499	3553	1
chr5	3136	3197	1
chr5	2751	2803	1
chr5	158	332	1
chr5	629	734	1
chr5	1887	1931	1
chr5	2310	2432	1
chr5	2974	3023	1
chr5	1613	1631	2
chr5	1367	1457	2
chr5	1231	1310	2
chr5	1458	1522	2
chr5	628	721	2
chr5	929	930	2
chr5	2751	2802	2
chr5	1523	1631	2
chr5	873	929	2
chr5	3260	3353	2
chr5	1311	1366	2
chr5	2847	2918	2
chr5	1367	1456	2
chr5	3134	3197	2
chr5	1969	2057	2
chr5	931	989	2
chr5	930	989	2
chr5	3354	3437	2
chr5	1887	1968	2
chr5	136	205	2
chr5	437	627	2
chr5	2975	3023	2
chr5	34	135	2
chr5	1045	1131	2
chr5	3554	3619	2
chr5	873	928	2
chr5	990	1044	3
chr5	1735	1815	3
chr5	2538	2615	3
chr5	3500	3553	3
chr5	722	791	3
chr5	2696	2750	3
chr5	302	436	3
chr5	2616	2667	3
chr5	3438	3499	3
chr5	206	301	3
chr5	2668	2695	3
chr5	1132	1230	3
chr5	1	33	3
chr5	1632	1734	3
chr5	2919	2974	3
chr5	2231	2309	3
chr5	3198	3259	4
chr5	1816	1886	4
chr5	2155	2230	4
chr5	2058	2154	4
chr5	792	872	4
chr6	1794	1826	1
chr6	2768	2855	1
chr6	871	888	1
chr6	3223	3332	1
chr6	1686	1755	1
chr6	3369	3422	1
chr6	2717	2768	1
chr6	747	777	1
chr6	835	887	1
chr6	2249	2344	1
chr6	1419	1488	1
chr6	778	826	1
chr6	1918	1995	1
chr6	56	132	1
chr6	2717	2767	1
chr6	2641	2689	1
chr6	2346	2454	1
chr6	3332	3422	1
chr6	747	834	1
chr6	1436	1488	1
chr6	402	488	1
chr6	2597	2639	1
chr6	889	946	1
chr6	2558	2639	1
chr6	2769	2855	1
chr6	2988	3036	1
chr6	2345	2454	1
chr6	1996	2006	1
chr6	2597	2644	1
chr6	3333	3422	1
chr6	2877	2986	1
chr6	56	131	1
chr6	3223	3331	1
chr6	2690	2767	1
chr6	3333	3368	1
chr6	2716	2768	1
chr6	871	887	1
chr6	2165	2216	1
chr6	747	776	1
chr6	3420	3422	1
chr6	834	887	1
chr6	1489	1530	1
chr6	2769	2876	1
chr6	3	55	1
chr6	1756	1826	1
chr6	2955	2986	1
chr6	1614	1685	1
chr6	2645	2689	1
chr6	747	833	1
chr6	2955	2987	1
chr6	777	826	1
chr6	1419	1435	1
chr6	1918	1994	1
chr6	1527	1613	1
chr6	1531	1612	1
chr6	2558	2640	1
chr6	1	2	1
chr6	2217	2250	1
chr6	1995	2006	1
chr6	3333	3419	1
chr6	2943	2986	1
chr6	2690	2715	1
chr6	1756	1793	1
chr6	2165	2248	1
chr6	1687	1755	1
chr6	371	401	1
chr6	1489	1526	1
chr6	2768	2876	1
chr6	2251	2345	1
chr6	133	162	1
chr6	2527	2596	2
chr6	1148	1162	2
chr6	1163	1175	2
chr6	1125	1175	2
chr6	2690	2716	2
chr6	2251	2286	2
chr6	2287	2329	2
chr6	581	608	2
chr6	2640	2689	2
chr6	2330	2384	2
chr6	1527	1612	2
chr6	2455	2526	2
chr6	609	630	2
chr6	1419	1487	2
chr6	1996	2105	2
chr6	2856	2876	2
chr6	1915	1995	2
chr6	2385	2454	2
chr6	3237	3332	2
chr6	3173	3222	2
chr6	3037	3089	2
chr6	631	665	2
chr6	3192	3236	2
chr6	102	131	2
chr6	1756	1807	2
chr6	630	665	2
chr6	2455	2557	2
chr6	1687	1721	2
chr6	3037	3093	2
chr6	3090	3154	2
chr6	1722	1755	2
chr6	2007	2105	2
chr6	1808	1826	2
chr6	1915	1917	2
chr6	3155	3191	2
chr6	56	101	2
chr6	1488	1526	2
chr6	827	870	2
chr6	2165	2215	2
chr6	3094	3172	2
chr6	2216	2250	2
chr6	1125	1147	2
chr6	2943	2954	2
chr6	581	629	2
chr6	888	946	3
chr6	1613	1686	3
chr6	2987	3036	3
chr6	132	162	3
chr6	2877	2942	3
chr6	1	55	3
chr6	371	488	3
chr6	163	209	4
chr6	1040	1072	4
chr6	2106	2164	4
chr6	706	746	4
chr6	1176	1237	4
chr6	1238	1291	4
chr6	1073	1124	4
chr6	666	705	4
chr6	210	272	4
chr6	273	326	4
chr6	1827	1914	4
chr6	521	580	4
chr6	947	1039	4
chr6	1292	1418	4
chr6	489	520	4
chr6	327	370	4
chr7	1671	1742	1
chr7	506	614	1
chr7	2337	2433	1
chr7	2463	2544	1
chr7	1	55	1
chr7	665	714	1
chr7	2847	2878	1
chr7	3020	3051	1
chr7	2434	2559	1
chr7	1521	1551	1
chr7	2268	2337	1
chr7	2045	2114	1
chr7	729	804	1
chr7	141	229	1
chr7	2830	2841	1
chr7	2991	3020	1
chr7	1163	1222	1
chr7	1446	1521	1
chr7	2269	2336	1
chr7	1227	1239	1
chr7	2044	2104	1
chr7	2545	2559	1
chr7	56	105	1
chr7	2000	2043	1
chr7	1552	1648	1
chr7	3094	3144	1
chr7	1447	1522	1
chr7	341	442	1
chr7	55	104	1
chr7	59	104	1
chr7	2268	2316	1
chr7	2991	3019	1
chr7	506	565	1
chr7	106	139	1
chr7	1	54	1
chr7	1447	1520	1
chr7	106	140	1
chr7	506	564	1
chr7	1523	1648	1
chr7	728	804	1
chr7	506	590	1
chr7	3145	3183	1
chr7	3021	3051	1
chr7	2115	2156	1
chr7	565	614	1
chr7	2965	2990	1
chr7	2977	3051	1
chr7	1522	1553	1
chr7	444	505	1
chr7	1231	1239	1
chr7	615	728	1
chr7	1958	1980	1
chr7	2000	2044	1
chr7	2964	2990	1
chr7	2774	2830	1
chr7	230	354	1
chr7	2878	2964	1
chr7	2878	2963	1
chr7	2463	2559	1
chr7	1240	1301	1
chr7	230	340	1
chr7	1223	1226	1
chr7	1908	1957	1
chr7	2831	2841	1
chr7	651	664	1
chr7	1554	1670	1
chr7	1521	1553	1
chr7	2687	2773	1
chr7	1971	2000	1
chr7	1163	1230	1
chr7	566	614	1
chr7	615	651	1
chr7	2687	2772	1
chr7	591	623	1
chr7	2338	2434	1
chr7	2047	2105	1
chr7	1302	1336	1
chr7	32	58	1
chr7	355	443	1
chr7	652	727	1
chr7	728	768	1
chr7	2105	2156	1
chr7	1446	1520	1
chr7	55	105	1
chr7	2044	2105	1
chr7	2001	2043	1
chr7	715	768	1
chr7	2964	2991	1
chr7	2992	3051	1
chr7	2830	2846	1
chr7	624	727	1
chr7	2830	2976	1
chr7	2011	2046	1
chr7	2435	2559	1
chr7	1554	1648	1
chr7	140	229	1
chr7	1981	2010	1
chr7	2269	2316	1
chr7	2773	2829	1
chr7	2879	2963	1
chr7	615	650	1
chr7	32	54	1
chr7	230	353	2
chr7	1743	1813	2
chr7	769	804	2
chr7	2157	2267	2
chr7	960	1002	2
chr7	2106	2156	2
chr7	1337	1446	2
chr7	169	229	2
chr7	1743	1843	2
chr7	1108	1162	2
chr7	1003	1107	2
chr7	1	31	2
chr7	2842	2877	2
chr7	1162	1163	2
chr7	2772	2829	2
chr7	1337	1445	2
chr7	1856	1907	2
chr7	1003	1029	2
chr7	1030	1107	2
chr7	2425	2462	2
chr7	354	442	2
chr7	2595	2624	2
chr7	140	168	2
chr7	2560	2594	2
chr7	2560	2624	2
chr7	805	839	2
chr7	1164	1222	2
chr7	1971	1999	2
chr7	2157	2268	2
chr7	2687	2771	2
chr7	840	880	2
chr7	105	139	2
chr7	905	1002	2
chr7	805	880	2
chr7	2338	2424	2
chr7	905	959	2
chr7	1844	1907	2
chr7	1108	1161	2
chr7	1814	1855	2
chr7	1223	1239	2
chr7	2317	2337	2
chr7	3094	3183	3
chr7	1304	1336	3
chr7	1649	1742	3
chr7	1240	1303	3
chr7	1908	1970	3
chr7	443	505	3
chr7	881	904	4
chr7	3052	3093	4
chr7	2625	2686	4
chr8	2177	2215	1
chr8	2033	2078	1
chr8	2216	2366	1
chr8	467	552	1
chr8	500	553	1
chr8	551	621	1
chr8	860	876	1
chr8	1331	1369	1
chr8	436	466	1
chr8	375	436	1
chr8	2198	2366	1
chr8	2367	2473	1
chr8	2079	2197	1
chr8	1465	1505	1
chr8	1331	1371	1
chr8	981	1067	1
chr8	1372	1463	1
chr8	137	250	1
chr8	2418	2473	1
chr8	1909	1945	1
chr8	1243	1285	1
chr8	138	250	1
chr8	2082	2154	1
chr8	1983	2031	1
chr8	251	342	1
chr8	1375	1411	1
chr8	1370	1505	1
chr8	437	472	1
chr8	2082	2176	1
chr8	2366	2417	1
chr8	774	795	1
chr8	2635	2795	1
chr8	42	136	1
chr8	1167	1241	1
chr8	1721	1750	1
chr8	1464	1506	1
chr8	1653	1723	1
chr8	2216	2365	1
chr8	2796	2833	1
chr8	2215	2367	1
chr8	1983	2032	1
chr8	2636	2795	1
chr8	402	436	1
chr8	436	472	1
chr8	1984	2031	1
chr8	1242	1285	1
chr8	2796	2829	1
chr8	500	552	1
chr8	342	375	1
chr8	343	401	1
chr8	1412	1464	1
chr8	554	621	1
chr8	437	466	1
chr8	1725	1751	1
chr8	796	828	1
chr8	467	550	1
chr8	251	341	1
chr8	1983	2079	1
chr8	251	375	1
chr8	2830	2849	1
chr8	2417	2473	1
chr8	1331	1374	1
chr8	1331	1411	1
chr8	2080	2214	1
chr8	938	1067	1
chr8	1724	1750	1
chr8	1721	1751	1
chr8	2155	2215	1
chr8	1412	1505	1
chr8	1068	1143	1
chr8	2535	2634	1
chr8	1188	1242	1
chr8	251	374	1
chr8	1507	1611	1
chr8	2367	2416	1
chr8	1068	1166	1
chr8	877	936	1
chr8	2834	2887	1
chr8	42	137	1
chr8	937	980	1
chr8	1946	1983	1
chr8	1653	1724	1
chr8	2368	2473	1
chr8	42	134	2
chr8	2032	2081	2
chr8	622	752	2
chr8	1843	1908	2
chr8	981	1068	2
chr8	1815	1908	2
chr8	2474	2510	2
chr8	2796	2849	2
chr8	473	499	2
chr8	1069	1143	2
chr8	2691	2795	2
chr8	1242	1330	2
chr8	671	752	2
chr8	2511	2534	2
chr8	1286	1330	2
chr8	1653	1720	2
chr8	1815	1842	2
chr8	135	250	2
chr8	2474	2534	2
chr8	622	670	2
chr8	1188	1241	2
chr8	938	980	2
chr8	553	621	2
chr8	1751	1814	2
chr8	1752	1814	2
chr8	2636	2690	2
chr8	376	435	2
chr8	2850	2887	3
chr8	878	937	3
chr8	2535	2635	3
chr8	1506	1611	3
chr8	1144	1187	3
chr8	774	828	3
chr8	860	877	3
chr8	1909	1982	3
chr8	1612	1652	4
chr8	1	41	4
chr8	829	859	4
chr8	753	773	4
chr8	2888	2927	4
chr9	749	784	1
chr9	2039	2167	1
chr9	1325	1327	1
chr9	1419	1465	1
chr9	661	769	1
chr9	1315	1321	1
chr9	533	571	1
chr9	909	913	1
chr9	662	741	1
chr9	938	939	1
chr9	1320	1419	1
chr9	534	572	1
chr9	2467	2545	1
chr9	1769	1838	1
chr9	2039	2283	1
chr9	2010	2067	1
chr9	895	903	1
chr9	826	843	1
chr9	770	945	1
chr9	2546	2618	1
chr9	2166	2282	1
chr9	1466	1596	1
chr9	574	633	1
chr9	781	944	1
chr9	1330	1402	1
chr9	2468	2544	1
chr9	2068	2165	1
chr9	1403	1404	1
chr9	804	817	1
chr9	1313	1314	1
chr9	1313	1319	1
chr9	1913	2008	1
chr9	1322	1324	1
chr9	785	803	1
chr9	2283	2342	1
chr9	1769	1839	1
chr9	1417	1596	1
chr9	844	845	1
chr9	1740	1768	1
chr9	1326	1327	1
chr9	1412	1413	1
chr9	634	661	1
chr9	417	532	1
chr9	1328	1419	1
chr9	1596	1768	1
chr9	2167	2283	1
chr9	417	533	1
chr9	770	946	1
chr9	2009	2067	1
chr9	742	780	1
chr9	2545	2618	1
chr9	818	825	1
chr9	742	769	1
chr9	2168	2342	1
chr9	914	924	1
chr9	2343	2467	1
chr9	1840	1912	1
chr9	940	945	1
chr9	1405	1411	1
chr9	945	1309	1
chr9	846	894	1
chr9	1839	1912	1
chr9	2068	2166	1
chr9	1310	1312	1
chr9	1326	1329	1
chr9	661	748	1
chr9	925	937	1
chr9	1414	1416	1
chr9	1913	2009	1
chr9	1596	1739	1
chr9	572	573	1
chr9	947	1312	1
chr9	661	741	1
chr9	904	908	1
chr9	1328	1418	1
chr9	2467	2543	2
chr9	117	314	2
chr9	1769	1897	2
chr9	418	532	2
chr9	1597	1768	2
chr9	2684	2784	2
chr9	2284	2342	2
chr9	533	572	2
chr9	946	1325	2
chr9	2719	2784	2
chr9	315	415	2
chr9	1898	2038	2
chr9	1466	1595	2
chr9	1	116	2
chr9	2544	2618	2
chr9	1420	1465	2
chr9	2684	2718	2
chr9	416	417	2
chr9	1	416	2
chr9	573	633	3
chr9	2343	2466	3
chr9	634	660	3
chr9	2785	2823	4
chr9	2673	2683	4
chr9	2619	2672	4
chrX	2672	2721	1
chrX	3042	3076	1
chrX	1999	2069	1
chrX	941	1043	1
chrX	989	1041	1
chrX	505	613	1
chrX	1	76	1
chrX	1861	1998	1
chrX	176	202	1
chrX	77	202	1
chrX	411	474	1
chrX	1053	1060	1
chrX	1862	1997	1
chrX	1999	2071	1
chrX	1508	1602	1
chrX	1108	1172	1
chrX	1603	1697	1
chrX	2398	2455	1
chrX	766	827	1
chrX	1109	1172	1
chrX	1349	1422	1
chrX	2300	2301	1
chrX	2671	2721	1
chrX	1422	1508	1
chrX	78	202	1
chrX	1236	1348	1
chrX	1998	2070	1
chrX	2456	2574	1
chrX	989	1060	1
chrX	2575	2670	1
chrX	1509	1687	1
chrX	1698	1860	1
chrX	2350	2397	1
chrX	257	336	1
chrX	1042	1043	1
chrX	2303	2349	1
chrX	257	306	1
chrX	2973	3041	1
chrX	1420	1507	1
chrX	1689	1861	1
chrX	2070	2122	1
chrX	2123	2301	1
chrX	1061	1110	1
chrX	941	1065	1
chrX	2456	2465	1
chrX	2467	2573	1
chrX	1421	1509	1
chrX	1061	1108	1
chrX	1388	1418	1
chrX	1507	1688	1
chrX	1510	1599	1
chrX	475	504	1
chrX	1688	1858	1
chrX	1697	1859	1
chrX	2072	2122	1
chrX	2195	2301	1
chrX	2890	2972	1
chrX	2887	2972	1
chrX	1998	2302	1
chrX	307	336	1
chrX	1349	1421	1
chrX	2397	2465	1
chrX	1066	1107	1
chrX	1	77	1
chrX	763	827	1
chrX	2797	2886	1
chrX	78	175	1
chrX	1111	1172	1
chrX	2071	2122	1
chrX	614	765	1
chrX	1419	1420	1
chrX	78	174	1
chrX	1600	1696	1
chrX	1053	1172	1
chrX	2672	2723	1
chrX	2195	2299	1
chrX	1859	1997	1
chrX	1860	1998	1
chrX	1173	1235	1
chrX	2456	2466	1
chrX	613	762	1
chrX	1388	1419	1
chrX	2574	2723	1
chrX	2973	3042	1
chrX	175	202	1
chrX	2797	2889	1
chrX	1423	1506	1
chrX	828	940	2
chrX	203	336	2
chrX	828	873	2
chrX	1	51	2
chrX	1349	1387	2
chrX	2620	2671	2
chrX	2797	2972	2
chrX	874	940	2
chrX	2999	3042	2
chrX	941	985	2
chrX	203	256	2
chrX	2397	2455	2
chrX	52	77	2
chrX	2973	2998	2
chrX	2724	2796	2
chrX	2574	2619	2
chrX	986	988	2
chrX	2123	2194	2
chrX	2722	2796	2
chrX	1044	1052	2
chrX	2466	2573	2
chrX	765	827	2
chrX	613	764	2
chrX	3043	3076	3
chrX	474	504	3
chrX	2350	2396	3
chrX	1173	1234	3
chrX	505	612	3
chrX	1235	1348	3
chrX	2302	2349	3
chrX	411	473	3
chrX	337	410	4
chrX	3077	3106	4
